0     0     0
1     0     0
2     0     0
3     0     0
4     0     0
5     0     0
6     0     0
7     0     0
8     0     0
9     0     0
10     0     0
11     0     0
12     0     0
13     0     0
14     0     0
15     0     0
16     0     0
17     0     0
18     0     0
19     0     0
20     0     0
21     0     0
22     0     0
23     0     0
24     0     0
25     0     0
26     0     0
27     0     0
28     0     0
29     0     0
30     0     0
31     0     0
32     0     0
33     0     0
34     0     0
35     0     0
36     0     0
37     0     0
38     0     0
39     0     0
40     0     0
41     0     0
42     0     0
43     0     0
44     0     0
45     0     0
46     0     0
47     0     0
48     0     0
49     0     0
50     0     0
51     0     0
52     0     0
53     0     0
54     0     0
55     0     0
56     0     0
57     0     0
58     0     0
59     0     0

0     1     0
1     1     0.0
2     1     0.0
3     1     0.0
4     1     0.0
5     1     0.0
6     1     0.0
7     1     0.0
8     1     0.0
9     1     0.0
10     1     0.0
11     1     0.0
12     1     5.82076609135e-10
13     1     1.16415321827e-08
14     1     1.92667357624e-07
15     1     1.79745256901e-06
16     1     1.43144279718e-05
17     1     8.35210084915e-05
18     1     0.00042456202209
19     1     0.00174859538674
20     1     0.00637215562165
21     1     0.0198419578373
22     1     0.0554471556097
23     1     0.13720376417
24     1     0.310091944411
25     1     0.642363354564
26     1     1.25636606477
27     1     2.38753974438
28     1     4.65600663563
29     1     10
30     1     4.65600663563
31     1     2.38753974438
32     1     1.25636606477
33     1     0.642363354564
34     1     0.310091944411
35     1     0.13720376417
36     1     0.0554471556097
37     1     0.0198419578373
38     1     0.00637215562165
39     1     0.00174859538674
40     1     0.00042456202209
41     1     8.35210084915e-05
42     1     1.43144279718e-05
43     1     1.79745256901e-06
44     1     1.92667357624e-07
45     1     1.16415321827e-08
46     1     5.82076609135e-10
47     1     0.0
48     1     0.0
49     1     0.0
50     1     0.0
51     1     0.0
52     1     0.0
53     1     0.0
54     1     0.0
55     1     0.0
56     1     0.0
57     1     0.0
58     1     0.0
59     1     0

0     2     0
1     2     0.0
2     2     0.0
3     2     0.0
4     2     0.0
5     2     0.0
6     2     0.0
7     2     0.0
8     2     0.0
9     2     0.0
10     2     0.0
11     2     0.0
12     2     5.82076609135e-10
13     2     2.09547579288e-08
14     2     2.97441147268e-07
15     2     3.28058376908e-06
16     2     2.44239345193e-05
17     2     0.000153593719006
18     2     0.000754334032536
19     2     0.00322562642395
20     2     0.0115285348147
21     2     0.0365399010479
22     2     0.100747393444
23     2     0.250141443685
24     2     0.556322783232
25     2     1.13399717957
26     2     2.13065673597
27     2     3.76162388828
28     2     6.30528547103
29     2     10
30     2     6.30528547103
31     2     3.76162388828
32     2     2.13065673597
33     2     1.13399717957
34     2     0.556322783232
35     2     0.250141443685
36     2     0.100747393444
37     2     0.0365399010479
38     2     0.0115285348147
39     2     0.00322562642395
40     2     0.000754334032536
41     2     0.000153593719006
42     2     2.44239345193e-05
43     2     3.28058376908e-06
44     2     2.97441147268e-07
45     2     2.09547579288e-08
46     2     5.82076609135e-10
47     2     0.0
48     2     0.0
49     2     0.0
50     2     0.0
51     2     0.0
52     2     0.0
53     2     0.0
54     2     0.0
55     2     0.0
56     2     0.0
57     2     0.0
58     2     0.0
59     2     0

0     3     0
1     3     0.0
2     3     0.0
3     3     0.0
4     3     0.0
5     3     0.0
6     3     0.0
7     3     0.0
8     3     0.0
9     3     0.0
10     3     0.0
11     3     0.0
12     3     5.82076609135e-10
13     3     2.09547579288e-08
14     3     3.67290340364e-07
15     3     3.85101884604e-06
16     3     3.14763747156e-05
17     3     0.00019215978682
18     3     0.000989958643913
19     3     0.00415988266468
20     3     0.0152373872697
21     3     0.0477288104594
22     3     0.13287005946
23     3     0.326061882079
24     3     0.722104813904
25     3     1.44272195175
26     3     2.64083096292
27     3     4.44692200981
28     3     6.94110870594
29     3     10
30     3     6.94110870594
31     3     4.44692200981
32     3     2.64083096292
33     3     1.44272195175
34     3     0.722104813904
35     3     0.326061882079
36     3     0.13287005946
37     3     0.0477288104594
38     3     0.0152373872697
39     3     0.00415988266468
40     3     0.000989958643913
41     3     0.00019215978682
42     3     3.14763747156e-05
43     3     3.85101884604e-06
44     3     3.67290340364e-07
45     3     2.09547579288e-08
46     3     5.82076609135e-10
47     3     0.0
48     3     0.0
49     3     0.0
50     3     0.0
51     3     0.0
52     3     0.0
53     3     0.0
54     3     0.0
55     3     0.0
56     3     0.0
57     3     0.0
58     3     0.0
59     3     0

0     4     0
1     4     0.0
2     4     0.0
3     4     0.0
4     4     0.0
5     4     0.0
6     4     0.0
7     4     0.0
8     4     0.0
9     4     0.0
10     4     0.0
11     4     0.0
12     4     5.82076609135e-10
13     4     2.09547579288e-08
14     4     3.67290340364e-07
15     4     4.17698174715e-06
16     4     3.35951335728e-05
17     4     0.000215352047235
18     4     0.00109616899863
19     4     0.00473627820611
20     4     0.0172019656748
21     4     0.0546506978571
22     4     0.150994705036
23     4     0.371805820614
24     4     0.814976696856
25     4     1.61510529462
26     4     2.90077625308
27     4     4.76810368709
28     4     7.19485654728
29     4     10
30     4     7.19485654728
31     4     4.76810368709
32     4     2.90077625308
33     4     1.61510529462
34     4     0.814976696856
35     4     0.371805820614
36     4     0.150994705036
37     4     0.0546506978571
38     4     0.0172019656748
39     4     0.00473627820611
40     4     0.00109616899863
41     4     0.000215352047235
42     4     3.35951335728e-05
43     4     4.17698174715e-06
44     4     3.67290340364e-07
45     4     2.09547579288e-08
46     4     5.82076609135e-10
47     4     0.0
48     4     0.0
49     4     0.0
50     4     0.0
51     4     0.0
52     4     0.0
53     4     0.0
54     4     0.0
55     4     0.0
56     4     0.0
57     4     0.0
58     4     0.0
59     4     0

0     5     0
1     5     0.0
2     5     0.0
3     5     0.0
4     5     0.0
5     5     0.0
6     5     0.0
7     5     0.0
8     5     0.0
9     5     0.0
10     5     0.0
11     5     0.0
12     5     5.82076609135e-10
13     5     2.09547579288e-08
14     5     3.67290340364e-07
15     5     4.17698174715e-06
16     5     3.46545130014e-05
17     5     0.000221072696149
18     5     0.00115210423246
19     5     0.00495529733598
20     5     0.0182618573308
21     5     0.0577781535685
22     5     0.160748362541
23     5     0.393844526261
24     5     0.863174726255
25     5     1.69698099606
26     5     3.02438011393
27     5     4.90637631156
28     5     7.29787485907
29     5     10
30     5     7.29787485907
31     5     4.90637631156
32     5     3.02438011393
33     5     1.69698099606
34     5     0.863174726255
35     5     0.393844526261
36     5     0.160748362541
37     5     0.0577781535685
38     5     0.0182618573308
39     5     0.00495529733598
40     5     0.00115210423246
41     5     0.000221072696149
42     5     3.46545130014e-05
43     5     4.17698174715e-06
44     5     3.67290340364e-07
45     5     2.09547579288e-08
46     5     5.82076609135e-10
47     5     0.0
48     5     0.0
49     5     0.0
50     5     0.0
51     5     0.0
52     5     0.0
53     5     0.0
54     5     0.0
55     5     0.0
56     5     0.0
57     5     0.0
58     5     0.0
59     5     0

0     6     0
1     6     0.0
2     6     0.0
3     6     0.0
4     6     0.0
5     6     0.0
6     6     0.0
7     6     0.0
8     6     0.0
9     6     0.0
10     6     0.0
11     6     0.0
12     6     5.82076609135e-10
13     6     2.09547579288e-08
14     6     3.67290340364e-07
15     6     4.17698174715e-06
16     6     3.46545130014e-05
17     6     0.000223615206778
18     6     0.00116375740618
19     6     0.00505763338879
20     6     0.0186074571684
21     6     0.0592705793679
22     6     0.164554826915
23     6     0.404283641838
24     6     0.883236033842
25     6     1.73418284394
26     6     3.07507382706
27     6     4.96420012787
28     6     7.33703206526
29     6     10
30     6     7.33703206526
31     6     4.96420012787
32     6     3.07507382706
33     6     1.73418284394
34     6     0.883236033842
35     6     0.404283641838
36     6     0.164554826915
37     6     0.0592705793679
38     6     0.0186074571684
39     6     0.00505763338879
40     6     0.00116375740618
41     6     0.000223615206778
42     6     3.46545130014e-05
43     6     4.17698174715e-06
44     6     3.67290340364e-07
45     6     2.09547579288e-08
46     6     5.82076609135e-10
47     6     0.0
48     6     0.0
49     6     0.0
50     6     0.0
51     6     0.0
52     6     0.0
53     6     0.0
54     6     0.0
55     6     0.0
56     6     0.0
57     6     0.0
58     6     0.0
59     6     0

0     7     0
1     7     0.0
2     7     0.0
3     7     0.0
4     7     0.0
5     7     0.0
6     7     0.0
7     7     0.0
8     7     0.0
9     7     0.0
10     7     0.0
11     7     0.0
12     7     5.82076609135e-10
13     7     2.09547579288e-08
14     7     3.67290340364e-07
15     7     4.17698174715e-06
16     7     3.46545130014e-05
17     7     0.000223615206778
18     7     0.00116841867566
19     7     0.00507594551891
20     7     0.0187522894703
21     7     0.0596927572042
22     7     0.166178126819
23     7     0.407831380144
24     7     0.891697751358
25     7     1.74767945893
26     7     3.09559104033
27     7     4.98500670306
28     7     7.3519231868
29     7     10
30     7     7.3519231868
31     7     4.98500670306
32     7     3.09559104033
33     7     1.74767945893
34     7     0.891697751358
35     7     0.407831380144
36     7     0.166178126819
37     7     0.0596927572042
38     7     0.0187522894703
39     7     0.00507594551891
40     7     0.00116841867566
41     7     0.000223615206778
42     7     3.46545130014e-05
43     7     4.17698174715e-06
44     7     3.67290340364e-07
45     7     2.09547579288e-08
46     7     5.82076609135e-10
47     7     0.0
48     7     0.0
49     7     0.0
50     7     0.0
51     7     0.0
52     7     0.0
53     7     0.0
54     7     0.0
55     7     0.0
56     7     0.0
57     7     0.0
58     7     0.0
59     7     0

0     8     0
1     8     0.0
2     8     0.0
3     8     0.0
4     8     0.0
5     8     0.0
6     8     0.0
7     8     0.0
8     8     0.0
9     8     0.0
10     8     0.0
11     8     0.0
12     8     5.82076609135e-10
13     8     2.09547579288e-08
14     8     3.67290340364e-07
15     8     4.17698174715e-06
16     8     3.46545130014e-05
17     8     0.000223615206778
18     8     0.00116841867566
19     8     0.00508260447532
20     8     0.0187747634482
21     8     0.0598529051058
22     8     0.166578829521
23     8     0.40919595398
24     8     0.894212275743
25     8     1.75280508585
26     8     3.10211023316
27     8     4.99263570644
28     8     7.35666739056
29     8     10
30     8     7.35666739056
31     8     4.99263570644
32     8     3.10211023316
33     8     1.75280508585
34     8     0.894212275743
35     8     0.40919595398
36     8     0.166578829521
37     8     0.0598529051058
38     8     0.0187747634482
39     8     0.00508260447532
40     8     0.00116841867566
41     8     0.000223615206778
42     8     3.46545130014e-05
43     8     4.17698174715e-06
44     8     3.67290340364e-07
45     8     2.09547579288e-08
46     8     5.82076609135e-10
47     8     0.0
48     8     0.0
49     8     0.0
50     8     0.0
51     8     0.0
52     8     0.0
53     8     0.0
54     8     0.0
55     8     0.0
56     8     0.0
57     8     0.0
58     8     0.0
59     8     0

0     9     0
1     9     0.0
2     9     0.0
3     9     0.0
4     9     0.0
5     9     0.0
6     9     0.0
7     9     0.0
8     9     0.0
9     9     0.0
10     9     0.0
11     9     0.0
12     9     5.82076609135e-10
13     9     2.09547579288e-08
14     9     3.67290340364e-07
15     9     4.17698174715e-06
16     9     3.46545130014e-05
17     9     0.000223615206778
18     9     0.00116841867566
19     9     0.00508260447532
20     9     0.0187822547741
21     9     0.0598745467141
22     9     0.166717502289
23     9     0.409490279853
24     9     0.895091770217
25     9     1.75413628109
26     9     3.10436240397
27     9     4.99475567602
28     9     7.35826757969
29     9     10
30     9     7.35826757969
31     9     4.99475567602
32     9     3.10436240397
33     9     1.75413628109
34     9     0.895091770217
35     9     0.409490279853
36     9     0.166717502289
37     9     0.0598745467141
38     9     0.0187822547741
39     9     0.00508260447532
40     9     0.00116841867566
41     9     0.000223615206778
42     9     3.46545130014e-05
43     9     4.17698174715e-06
44     9     3.67290340364e-07
45     9     2.09547579288e-08
46     9     5.82076609135e-10
47     9     0.0
48     9     0.0
49     9     0.0
50     9     0.0
51     9     0.0
52     9     0.0
53     9     0.0
54     9     0.0
55     9     0.0
56     9     0.0
57     9     0.0
58     9     0.0
59     9     0

0     10     0
1     10     0.0
2     10     0.0
3     10     0.0
4     10     0.0
5     10     0.0
6     10     0.0
7     10     0.0
8     10     0.0
9     10     0.0
10     10     0.0
11     10     0.0
12     10     5.82076609135e-10
13     10     2.09547579288e-08
14     10     3.67290340364e-07
15     10     4.17698174715e-06
16     10     3.46545130014e-05
17     10     0.000223615206778
18     10     0.00116841867566
19     10     0.00508260447532
20     10     0.0187822547741
21     10     0.0598812056705
22     10     0.166733816732
23     10     0.409583838191
24     10     0.895256972872
25     10     1.75456278957
26     10     3.10487030074
27     10     4.99542811885
28     10     7.3586519924
29     10     10
30     10     7.3586519924
31     10     4.99542811885
32     10     3.10487030074
33     10     1.75456278957
34     10     0.895256972872
35     10     0.409583838191
36     10     0.166733816732
37     10     0.0598812056705
38     10     0.0187822547741
39     10     0.00508260447532
40     10     0.00116841867566
41     10     0.000223615206778
42     10     3.46545130014e-05
43     10     4.17698174715e-06
44     10     3.67290340364e-07
45     10     2.09547579288e-08
46     10     5.82076609135e-10
47     10     0.0
48     10     0.0
49     10     0.0
50     10     0.0
51     10     0.0
52     10     0.0
53     10     0.0
54     10     0.0
55     10     0.0
56     10     0.0
57     10     0.0
58     10     0.0
59     10     0

0     11     0
1     11     0.0
2     11     0.0
3     11     0.0
4     11     0.0
5     11     0.0
6     11     0.0
7     11     0.0
8     11     0.0
9     11     0.0
10     11     0.0
11     11     0.0
12     11     5.82076609135e-10
13     11     2.09547579288e-08
14     11     3.67290340364e-07
15     11     4.17698174715e-06
16     11     3.46545130014e-05
17     11     0.000223615206778
18     11     0.00116841867566
19     11     0.00508260447532
20     11     0.0187822547741
21     11     0.0598812056705
22     11     0.166738478001
23     11     0.409593372606
24     11     0.89530549245
25     11     1.75463192165
26     11     3.10502033681
27     11     4.9955577869
28     11     7.35876484076
29     11     10
30     11     7.35876484076
31     11     4.9955577869
32     11     3.10502033681
33     11     1.75463192165
34     11     0.89530549245
35     11     0.409593372606
36     11     0.166738478001
37     11     0.0598812056705
38     11     0.0187822547741
39     11     0.00508260447532
40     11     0.00116841867566
41     11     0.000223615206778
42     11     3.46545130014e-05
43     11     4.17698174715e-06
44     11     3.67290340364e-07
45     11     2.09547579288e-08
46     11     5.82076609135e-10
47     11     0.0
48     11     0.0
49     11     0.0
50     11     0.0
51     11     0.0
52     11     0.0
53     11     0.0
54     11     0.0
55     11     0.0
56     11     0.0
57     11     0.0
58     11     0.0
59     11     0

0     12     0
1     12     5.82076609135e-10
2     12     5.82076609135e-10
3     12     5.82076609135e-10
4     12     5.82076609135e-10
5     12     5.82076609135e-10
6     12     5.82076609135e-10
7     12     5.82076609135e-10
8     12     5.82076609135e-10
9     12     5.82076609135e-10
10     12     5.82076609135e-10
11     12     5.82076609135e-10
12     12     1.16415321827e-09
13     12     2.1536834538e-08
14     12     3.67872416973e-07
15     12     4.17756382376e-06
16     12     3.46550950781e-05
17     12     0.000223615788855
18     12     0.00116841925774
19     12     0.0050826050574
20     12     0.0187822553562
21     12     0.0598812062526
22     12     0.166738478583
23     12     0.409595915698
24     12     0.895309730549
25     12     1.75465077918
26     12     3.1050409592
27     12     4.99559330812
28     12     7.35878289968
29     12     10
30     12     7.35878289968
31     12     4.99559330812
32     12     3.1050409592
33     12     1.75465077918
34     12     0.895309730549
35     12     0.409595915698
36     12     0.166738478583
37     12     0.0598812062526
38     12     0.0187822553562
39     12     0.0050826050574
40     12     0.00116841925774
41     12     0.000223615788855
42     12     3.46550950781e-05
43     12     4.17756382376e-06
44     12     3.67872416973e-07
45     12     2.1536834538e-08
46     12     1.16415321827e-09
47     12     5.82076609135e-10
48     12     5.82076609135e-10
49     12     5.82076609135e-10
50     12     5.82076609135e-10
51     12     5.82076609135e-10
52     12     5.82076609135e-10
53     12     5.82076609135e-10
54     12     5.82076609135e-10
55     12     5.82076609135e-10
56     12     5.82076609135e-10
57     12     5.82076609135e-10
58     12     5.82076609135e-10
59     12     0

0     13     0
1     13     1.16415321827e-08
2     13     2.09547579288e-08
3     13     2.09547579288e-08
4     13     2.09547579288e-08
5     13     2.09547579288e-08
6     13     2.09547579288e-08
7     13     2.09547579288e-08
8     13     2.09547579288e-08
9     13     2.09547579288e-08
10     13     2.09547579288e-08
11     13     2.09547579288e-08
12     13     2.1536834538e-08
13     13     4.19095158577e-08
14     13     3.88245098293e-07
15     13     4.19793650508e-06
16     13     3.46754677594e-05
17     13     0.000223636161536
18     13     0.00116843963042
19     13     0.00508262543008
20     13     0.0187822757289
21     13     0.0598812266253
22     13     0.166738498956
23     13     0.409595936071
24     13     0.895310810301
25     13     1.7546521849
26     13     3.10504622757
27     13     4.99559734249
28     13     7.35878752021
29     13     10
30     13     7.35878752021
31     13     4.99559734249
32     13     3.10504622757
33     13     1.7546521849
34     13     0.895310810301
35     13     0.409595936071
36     13     0.166738498956
37     13     0.0598812266253
38     13     0.0187822757289
39     13     0.00508262543008
40     13     0.00116843963042
41     13     0.000223636161536
42     13     3.46754677594e-05
43     13     4.19793650508e-06
44     13     3.88245098293e-07
45     13     4.19095158577e-08
46     13     2.1536834538e-08
47     13     2.09547579288e-08
48     13     2.09547579288e-08
49     13     2.09547579288e-08
50     13     2.09547579288e-08
51     13     2.09547579288e-08
52     13     2.09547579288e-08
53     13     2.09547579288e-08
54     13     2.09547579288e-08
55     13     2.09547579288e-08
56     13     2.09547579288e-08
57     13     2.09547579288e-08
58     13     1.16415321827e-08
59     13     0

0     14     0
1     14     1.92667357624e-07
2     14     2.97441147268e-07
3     14     3.67290340364e-07
4     14     3.67290340364e-07
5     14     3.67290340364e-07
6     14     3.67290340364e-07
7     14     3.67290340364e-07
8     14     3.67290340364e-07
9     14     3.67290340364e-07
10     14     3.67290340364e-07
11     14     3.67290340364e-07
12     14     3.67872416973e-07
13     14     3.88245098293e-07
14     14     7.34580680728e-07
15     14     4.54427208751e-06
16     14     3.50218033418e-05
17     14     0.000223982497118
18     14     0.001168785966
19     14     0.00508297176566
20     14     0.0187826220645
21     14     0.0598815729609
22     14     0.166738845292
23     14     0.409596282407
24     14     0.895311156637
25     14     1.7546528572
26     14     3.10504688823
27     14     4.9955985666
28     14     7.35878810345
29     14     10
30     14     7.35878810345
31     14     4.9955985666
32     14     3.10504688823
33     14     1.7546528572
34     14     0.895311156637
35     14     0.409596282407
36     14     0.166738845292
37     14     0.0598815729609
38     14     0.0187826220645
39     14     0.00508297176566
40     14     0.001168785966
41     14     0.000223982497118
42     14     3.50218033418e-05
43     14     4.54427208751e-06
44     14     7.34580680728e-07
45     14     3.88245098293e-07
46     14     3.67872416973e-07
47     14     3.67290340364e-07
48     14     3.67290340364e-07
49     14     3.67290340364e-07
50     14     3.67290340364e-07
51     14     3.67290340364e-07
52     14     3.67290340364e-07
53     14     3.67290340364e-07
54     14     3.67290340364e-07
55     14     3.67290340364e-07
56     14     3.67290340364e-07
57     14     2.97441147268e-07
58     14     1.92667357624e-07
59     14     0

0     15     0
1     15     1.79745256901e-06
2     15     3.28058376908e-06
3     15     3.85101884604e-06
4     15     4.17698174715e-06
5     15     4.17698174715e-06
6     15     4.17698174715e-06
7     15     4.17698174715e-06
8     15     4.17698174715e-06
9     15     4.17698174715e-06
10     15     4.17698174715e-06
11     15     4.17698174715e-06
12     15     4.17756382376e-06
13     15     4.19793650508e-06
14     15     4.54427208751e-06
15     15     8.3539634943e-06
16     15     3.88314947486e-05
17     15     0.000227792188525
18     15     0.00117259565741
19     15     0.00508678145707
20     15     0.0187864317559
21     15     0.0598853826523
22     15     0.166742654983
23     15     0.409600092098
24     15     0.895314966328
25     15     1.75465666689
26     15     3.10505037196
27     15     4.99560154974
28     15     7.35878970823
29     15     10
30     15     7.35878970823
31     15     4.99560154974
32     15     3.10505037196
33     15     1.75465666689
34     15     0.895314966328
35     15     0.409600092098
36     15     0.166742654983
37     15     0.0598853826523
38     15     0.0187864317559
39     15     0.00508678145707
40     15     0.00117259565741
41     15     0.000227792188525
42     15     3.88314947486e-05
43     15     8.3539634943e-06
44     15     4.54427208751e-06
45     15     4.19793650508e-06
46     15     4.17756382376e-06
47     15     4.17698174715e-06
48     15     4.17698174715e-06
49     15     4.17698174715e-06
50     15     4.17698174715e-06
51     15     4.17698174715e-06
52     15     4.17698174715e-06
53     15     4.17698174715e-06
54     15     4.17698174715e-06
55     15     4.17698174715e-06
56     15     3.85101884604e-06
57     15     3.28058376908e-06
58     15     1.79745256901e-06
59     15     0

0     16     0
1     16     1.43144279718e-05
2     16     2.44239345193e-05
3     16     3.14763747156e-05
4     16     3.35951335728e-05
5     16     3.46545130014e-05
6     16     3.46545130014e-05
7     16     3.46545130014e-05
8     16     3.46545130014e-05
9     16     3.46545130014e-05
10     16     3.46545130014e-05
11     16     3.46545130014e-05
12     16     3.46550950781e-05
13     16     3.46754677594e-05
14     16     3.50218033418e-05
15     16     3.88314947486e-05
16     16     6.93090260029e-05
17     16     0.000258269719779
18     16     0.00120307318866
19     16     0.00511725898832
20     16     0.0188169092871
21     16     0.0599158601835
22     16     0.166773132514
23     16     0.409630569629
24     16     0.89534544386
25     16     1.75468575908
26     16     3.10507768299
27     16     4.99562174547
28     16     7.35880182299
29     16     10
30     16     7.35880182299
31     16     4.99562174547
32     16     3.10507768299
33     16     1.75468575908
34     16     0.89534544386
35     16     0.409630569629
36     16     0.166773132514
37     16     0.0599158601835
38     16     0.0188169092871
39     16     0.00511725898832
40     16     0.00120307318866
41     16     0.000258269719779
42     16     6.93090260029e-05
43     16     3.88314947486e-05
44     16     3.50218033418e-05
45     16     3.46754677594e-05
46     16     3.46550950781e-05
47     16     3.46545130014e-05
48     16     3.46545130014e-05
49     16     3.46545130014e-05
50     16     3.46545130014e-05
51     16     3.46545130014e-05
52     16     3.46545130014e-05
53     16     3.46545130014e-05
54     16     3.46545130014e-05
55     16     3.35951335728e-05
56     16     3.14763747156e-05
57     16     2.44239345193e-05
58     16     1.43144279718e-05
59     16     0

0     17     0
1     17     8.35210084915e-05
2     17     0.000153593719006
3     17     0.00019215978682
4     17     0.000215352047235
5     17     0.000221072696149
6     17     0.000223615206778
7     17     0.000223615206778
8     17     0.000223615206778
9     17     0.000223615206778
10     17     0.000223615206778
11     17     0.000223615206778
12     17     0.000223615788855
13     17     0.000223636161536
14     17     0.000223982497118
15     17     0.000227792188525
16     17     0.000258269719779
17     17     0.000447230413556
18     17     0.00139203388244
19     17     0.0053062196821
20     17     0.0190058699809
21     17     0.0601048208773
22     17     0.166962093208
23     17     0.409819530323
24     17     0.895530802663
25     17     1.75486613065
26     17     3.1052331184
27     17     4.99574690126
28     17     7.35886642011
29     17     10
30     17     7.35886642011
31     17     4.99574690126
32     17     3.1052331184
33     17     1.75486613065
34     17     0.895530802663
35     17     0.409819530323
36     17     0.166962093208
37     17     0.0601048208773
38     17     0.0190058699809
39     17     0.0053062196821
40     17     0.00139203388244
41     17     0.000447230413556
42     17     0.000258269719779
43     17     0.000227792188525
44     17     0.000223982497118
45     17     0.000223636161536
46     17     0.000223615788855
47     17     0.000223615206778
48     17     0.000223615206778
49     17     0.000223615206778
50     17     0.000223615206778
51     17     0.000223615206778
52     17     0.000223615206778
53     17     0.000223615206778
54     17     0.000221072696149
55     17     0.000215352047235
56     17     0.00019215978682
57     17     0.000153593719006
58     17     8.35210084915e-05
59     17     0

0     18     0
1     18     0.00042456202209
2     18     0.000754334032536
3     18     0.000989958643913
4     18     0.00109616899863
5     18     0.00115210423246
6     18     0.00116375740618
7     18     0.00116841867566
8     18     0.00116841867566
9     18     0.00116841867566
10     18     0.00116841867566
11     18     0.00116841867566
12     18     0.00116841925774
13     18     0.00116843963042
14     18     0.001168785966
15     18     0.00117259565741
16     18     0.00120307318866
17     18     0.00139203388244
18     18     0.00233683735132
19     18     0.00625102315098
20     18     0.0199506734498
21     18     0.0610496243462
22     18     0.167906896677
23     18     0.410757130012
24     18     0.896457596682
25     18     1.75572809065
26     18     3.10601029545
27     18     4.99631212093
28     18     7.35918940278
29     18     10
30     18     7.35918940278
31     18     4.99631212093
32     18     3.10601029545
33     18     1.75572809065
34     18     0.896457596682
35     18     0.410757130012
36     18     0.167906896677
37     18     0.0610496243462
38     18     0.0199506734498
39     18     0.00625102315098
40     18     0.00233683735132
41     18     0.00139203388244
42     18     0.00120307318866
43     18     0.00117259565741
44     18     0.001168785966
45     18     0.00116843963042
46     18     0.00116841925774
47     18     0.00116841867566
48     18     0.00116841867566
49     18     0.00116841867566
50     18     0.00116841867566
51     18     0.00116841867566
52     18     0.00116841867566
53     18     0.00116375740618
54     18     0.00115210423246
55     18     0.00109616899863
56     18     0.000989958643913
57     18     0.000754334032536
58     18     0.00042456202209
59     18     0

0     19     0
1     19     0.00174859538674
2     19     0.00322562642395
3     19     0.00415988266468
4     19     0.00473627820611
5     19     0.00495529733598
6     19     0.00505763338879
7     19     0.00507594551891
8     19     0.00508260447532
9     19     0.00508260447532
10     19     0.00508260447532
11     19     0.00508260447532
12     19     0.0050826050574
13     19     0.00508262543008
14     19     0.00508297176566
15     19     0.00508678145707
16     19     0.00511725898832
17     19     0.0053062196821
18     19     0.00625102315098
19     19     0.0101652089506
20     19     0.0238648592494
21     19     0.0649638101459
22     19     0.171809762251
23     19     0.41464147158
24     19     0.900212270208
25     19     1.75929906778
26     19     3.1090301834
27     19     4.99865374528
28     19     7.36040058779
29     19     10
30     19     7.36040058779
31     19     4.99865374528
32     19     3.1090301834
33     19     1.75929906778
34     19     0.900212270208
35     19     0.41464147158
36     19     0.171809762251
37     19     0.0649638101459
38     19     0.0238648592494
39     19     0.0101652089506
40     19     0.00625102315098
41     19     0.0053062196821
42     19     0.00511725898832
43     19     0.00508678145707
44     19     0.00508297176566
45     19     0.00508262543008
46     19     0.0050826050574
47     19     0.00508260447532
48     19     0.00508260447532
49     19     0.00508260447532
50     19     0.00508260447532
51     19     0.00508260447532
52     19     0.00507594551891
53     19     0.00505763338879
54     19     0.00495529733598
55     19     0.00473627820611
56     19     0.00415988266468
57     19     0.00322562642395
58     19     0.00174859538674
59     19     0

0     20     0
1     20     0.00637215562165
2     20     0.0115285348147
3     20     0.0152373872697
4     20     0.0172019656748
5     20     0.0182618573308
6     20     0.0186074571684
7     20     0.0187522894703
8     20     0.0187747634482
9     20     0.0187822547741
10     20     0.0187822547741
11     20     0.0187822547741
12     20     0.0187822553562
13     20     0.0187822757289
14     20     0.0187826220645
15     20     0.0187864317559
16     20     0.0188169092871
17     20     0.0190058699809
18     20     0.0199506734498
19     20     0.0238648592494
20     20     0.0375645095482
21     20     0.0786493101623
22     20     0.185469791759
23     20     0.428097737022
24     20     0.913353627548
25     20     1.77133824676
26     20     3.11959979124
27     20     5.00628421083
28     20     7.36463973531
29     20     10
30     20     7.36463973531
31     20     5.00628421083
32     20     3.11959979124
33     20     1.77133824676
34     20     0.913353627548
35     20     0.428097737022
36     20     0.185469791759
37     20     0.0786493101623
38     20     0.0375645095482
39     20     0.0238648592494
40     20     0.0199506734498
41     20     0.0190058699809
42     20     0.0188169092871
43     20     0.0187864317559
44     20     0.0187826220645
45     20     0.0187822757289
46     20     0.0187822553562
47     20     0.0187822547741
48     20     0.0187822547741
49     20     0.0187822547741
50     20     0.0187822547741
51     20     0.0187747634482
52     20     0.0187522894703
53     20     0.0186074571684
54     20     0.0182618573308
55     20     0.0172019656748
56     20     0.0152373872697
57     20     0.0115285348147
58     20     0.00637215562165
59     20     0

0     21     0
1     21     0.0198419578373
2     21     0.0365399010479
3     21     0.0477288104594
4     21     0.0546506978571
5     21     0.0577781535685
6     21     0.0592705793679
7     21     0.0596927572042
8     21     0.0598529051058
9     21     0.0598745467141
10     21     0.0598812056705
11     21     0.0598812056705
12     21     0.0598812062526
13     21     0.0598812266253
14     21     0.0598815729609
15     21     0.0598853826523
16     21     0.0599158601835
17     21     0.0601048208773
18     21     0.0610496243462
19     21     0.0649638101459
20     21     0.0786493101623
21     21     0.119705810212
22     21     0.226271586725
23     21     0.468466533348
24     21     0.951990429312
25     21     1.80745578371
26     21     3.14983904362
27     21     5.02917560749
28     21     7.3765093484
29     21     10
30     21     7.3765093484
31     21     5.02917560749
32     21     3.14983904362
33     21     1.80745578371
34     21     0.951990429312
35     21     0.468466533348
36     21     0.226271586725
37     21     0.119705810212
38     21     0.0786493101623
39     21     0.0649638101459
40     21     0.0610496243462
41     21     0.0601048208773
42     21     0.0599158601835
43     21     0.0598853826523
44     21     0.0598815729609
45     21     0.0598812266253
46     21     0.0598812062526
47     21     0.0598812056705
48     21     0.0598812056705
49     21     0.0598812056705
50     21     0.0598745467141
51     21     0.0598529051058
52     21     0.0596927572042
53     21     0.0592705793679
54     21     0.0577781535685
55     21     0.0546506978571
56     21     0.0477288104594
57     21     0.0365399010479
58     21     0.0198419578373
59     21     0

0     22     0
1     22     0.0554471556097
2     22     0.100747393444
3     22     0.13287005946
4     22     0.150994705036
5     22     0.160748362541
6     22     0.164554826915
7     22     0.166178126819
8     22     0.166578829521
9     22     0.166717502289
10     22     0.166733816732
11     22     0.166738478001
12     22     0.166738478583
13     22     0.166738498956
14     22     0.166738845292
15     22     0.166742654983
16     22     0.166773132514
17     22     0.166962093208
18     22     0.167906896677
19     22     0.171809762251
20     22     0.185469791759
21     22     0.226271586725
22     22     0.332356253639
23     22     0.572386207059
24     22     1.0524461139
25     22     1.89867416397
26     22     3.22846109979
27     22     5.08575409651
28     22     7.40737034241
29     22     10
30     22     7.40737034241
31     22     5.08575409651
32     22     3.22846109979
33     22     1.89867416397
34     22     1.0524461139
35     22     0.572386207059
36     22     0.332356253639
37     22     0.226271586725
38     22     0.185469791759
39     22     0.171809762251
40     22     0.167906896677
41     22     0.166962093208
42     22     0.166773132514
43     22     0.166742654983
44     22     0.166738845292
45     22     0.166738498956
46     22     0.166738478583
47     22     0.166738478001
48     22     0.166738478001
49     22     0.166733816732
50     22     0.166717502289
51     22     0.166578829521
52     22     0.166178126819
53     22     0.164554826915
54     22     0.160748362541
55     22     0.150994705036
56     22     0.13287005946
57     22     0.100747393444
58     22     0.0554471556097
59     22     0

0     23     0
1     23     0.13720376417
2     23     0.250141443685
3     23     0.326061882079
4     23     0.371805820614
5     23     0.393844526261
6     23     0.404283641838
7     23     0.407831380144
8     23     0.40919595398
9     23     0.409490279853
10     23     0.409583838191
11     23     0.409593372606
12     23     0.409595915698
13     23     0.409595936071
14     23     0.409596282407
15     23     0.409600092098
16     23     0.409630569629
17     23     0.409819530323
18     23     0.410757130012
19     23     0.41464147158
20     23     0.428097737022
21     23     0.468466533348
22     23     0.572386207059
23     23     0.808567283675
24     23     1.2770805601
25     23     2.10598866455
26     23     3.40113570914
27     23     5.21434157155
28     23     7.47423582943
29     23     10
30     23     7.47423582943
31     23     5.21434157155
32     23     3.40113570914
33     23     2.10598866455
34     23     1.2770805601
35     23     0.808567283675
36     23     0.572386207059
37     23     0.468466533348
38     23     0.428097737022
39     23     0.41464147158
40     23     0.410757130012
41     23     0.409819530323
42     23     0.409630569629
43     23     0.409600092098
44     23     0.409596282407
45     23     0.409595936071
46     23     0.409595915698
47     23     0.409595915116
48     23     0.409593372606
49     23     0.409583838191
50     23     0.409490279853
51     23     0.40919595398
52     23     0.407831380144
53     23     0.404283641838
54     23     0.393844526261
55     23     0.371805820614
56     23     0.326061882079
57     23     0.250141443685
58     23     0.13720376417
59     23     0

0     24     0
1     24     0.310091944411
2     24     0.556322783232
3     24     0.722104813904
4     24     0.814976696856
5     24     0.863174726255
6     24     0.883236033842
7     24     0.891697751358
8     24     0.894212275743
9     24     0.895091770217
10     24     0.895256972872
11     24     0.89530549245
12     24     0.895309730549
13     24     0.895310810301
14     24     0.895311156637
15     24     0.895314966328
16     24     0.89534544386
17     24     0.895530802663
18     24     0.896457596682
19     24     0.900212270208
20     24     0.913353627548
21     24     0.951990429312
22     24     1.0524461139
23     24     1.2770805601
24     24     1.72634945251
25     24     2.51195769291
26     24     3.74648492783
27     24     5.46269909479
28     24     7.60796680348
29     24     10
30     24     7.60796680348
31     24     5.46269909479
32     24     3.74648492783
33     24     2.51195769291
34     24     1.72634945251
35     24     1.2770805601
36     24     1.0524461139
37     24     0.951990429312
38     24     0.913353627548
39     24     0.900212270208
40     24     0.896457596682
41     24     0.895530802663
42     24     0.89534544386
43     24     0.895314966328
44     24     0.895311156637
45     24     0.895310810301
46     24     0.895310789929
47     24     0.895309729967
48     24     0.89530549245
49     24     0.895256972872
50     24     0.895091770217
51     24     0.894212275743
52     24     0.891697751358
53     24     0.883236033842
54     24     0.863174726255
55     24     0.814976696856
56     24     0.722104813904
57     24     0.556322783232
58     24     0.310091944411
59     24     0

0     25     0
1     25     0.642363354564
2     25     1.13399717957
3     25     1.44272195175
4     25     1.61510529462
5     25     1.69698099606
6     25     1.73418284394
7     25     1.74767945893
8     25     1.75280508585
9     25     1.75413628109
10     25     1.75456278957
11     25     1.75463192165
12     25     1.75465077918
13     25     1.7546521849
14     25     1.7546528572
15     25     1.75465666689
16     25     1.75468575908
17     25     1.75486613065
18     25     1.75572809065
19     25     1.75929906778
20     25     1.77133824676
21     25     1.80745578371
22     25     1.89867416397
23     25     2.10598866455
24     25     2.51195769291
25     25     3.23021058924
26     25     4.34349820483
27     25     5.90210086666
28     25     7.83721990185
29     25     10
30     25     7.83721990185
31     25     5.90210086666
32     25     4.34349820483
33     25     3.23021058924
34     25     2.51195769291
35     25     2.10598866455
36     25     1.89867416397
37     25     1.80745578371
38     25     1.77133824676
39     25     1.75929906778
40     25     1.75572809065
41     25     1.75486613065
42     25     1.75468575908
43     25     1.75465666689
44     25     1.7546528572
45     25     1.75465251086
46     25     1.75465216453
47     25     1.7546507786
48     25     1.75463192165
49     25     1.75456278957
50     25     1.75413628109
51     25     1.75280508585
52     25     1.74767945893
53     25     1.73418284394
54     25     1.69698099606
55     25     1.61510529462
56     25     1.44272195175
57     25     1.13399717957
58     25     0.642363354564
59     25     0

0     26     0
1     26     1.25636606477
2     26     2.13065673597
3     26     2.64083096292
4     26     2.90077625308
5     26     3.02438011393
6     26     3.07507382706
7     26     3.09559104033
8     26     3.10211023316
9     26     3.10436240397
10     26     3.10487030074
11     26     3.10502033681
12     26     3.1050409592
13     26     3.10504622757
14     26     3.10504688823
15     26     3.10505037196
16     26     3.10507768299
17     26     3.1052331184
18     26     3.10601029545
19     26     3.1090301834
20     26     3.11959979124
21     26     3.14983904362
22     26     3.22846109979
23     26     3.40113570914
24     26     3.74648492783
25     26     4.34349820483
26     26     5.28166192584
27     26     6.57757874578
28     26     8.19747477071
29     26     10
30     26     8.19747477071
31     26     6.57757874578
32     26     5.28166192584
33     26     4.34349820483
34     26     3.74648492783
35     26     3.40113570914
36     26     3.22846109979
37     26     3.14983904362
38     26     3.11959979124
39     26     3.1090301834
40     26     3.10601029545
41     26     3.1052331184
42     26     3.10507768299
43     26     3.10505037196
44     26     3.10504695808
45     26     3.1050465419
46     26     3.1050462072
47     26     3.10504095862
48     26     3.10502033681
49     26     3.10487030074
50     26     3.10436240397
51     26     3.10211023316
52     26     3.09559104033
53     26     3.07507382706
54     26     3.02438011393
55     26     2.90077625308
56     26     2.64083096292
57     26     2.13065673597
58     26     1.25636606477
59     26     0

0     27     0
1     27     2.38753974438
2     27     3.76162388828
3     27     4.44692200981
4     27     4.76810368709
5     27     4.90637631156
6     27     4.96420012787
7     27     4.98500670306
8     27     4.99263570644
9     27     4.99475567602
10     27     4.99542811885
11     27     4.9955577869
12     27     4.99559330812
13     27     4.99559734249
14     27     4.9955985666
15     27     4.99560154974
16     27     4.99562174547
17     27     4.99574690126
18     27     4.99631212093
19     27     4.99865374528
20     27     5.00628421083
21     27     5.02917560749
22     27     5.08575409651
23     27     5.21434157155
24     27     5.46269909479
25     27     5.90210086666
26     27     6.57757874578
27     27     7.52324777655
28     27     8.6928252154
29     27     10
30     27     8.6928252154
31     27     7.52324777655
32     27     6.57757874578
33     27     5.90210086666
34     27     5.46269909479
35     27     5.21434157155
36     27     5.08575409651
37     27     5.02917560749
38     27     5.00628421083
39     27     4.99865374528
40     27     4.99631212093
41     27     4.99574690126
42     27     4.99562174547
43     27     4.99560155906
44     27     4.99559861084
45     27     4.99559829943
46     27     4.99559732212
47     27     4.99559330754
48     27     4.9955577869
49     27     4.99542811885
50     27     4.99475567602
51     27     4.99263570644
52     27     4.98500670306
53     27     4.96420012787
54     27     4.90637631156
55     27     4.76810368709
56     27     4.44692200981
57     27     3.76162388828
58     27     2.38753974438
59     27     0

0     28     0
1     28     4.65600663563
2     28     6.30528547103
3     28     6.94110870594
4     28     7.19485654728
5     28     7.29787485907
6     28     7.33703206526
7     28     7.3519231868
8     28     7.35666739056
9     28     7.35826757969
10     28     7.3586519924
11     28     7.35876484076
12     28     7.35878289968
13     28     7.35878752021
14     28     7.35878810345
15     28     7.35878970823
16     28     7.35880182299
17     28     7.35886642011
18     28     7.35918940278
19     28     7.36040058779
20     28     7.36463973531
21     28     7.3765093484
22     28     7.40737034241
23     28     7.47423582943
24     28     7.60796680348
25     28     7.83721990185
26     28     8.19747477071
27     28     8.6928252154
28     28     9.31201327126
29     28     10
30     28     9.31201327126
31     28     8.6928252154
32     28     8.19747477071
33     28     7.83721990185
34     28     7.60796680348
35     28     7.47423582943
36     28     7.40737034241
37     28     7.3765093484
38     28     7.36463973531
39     28     7.36040058779
40     28     7.35918940278
41     28     7.35886642011
42     28     7.35880182358
43     28     7.35878971114
44     28     7.35878819425
45     28     7.35878792533
46     28     7.35878750973
47     28     7.3587828991
48     28     7.35876484076
49     28     7.3586519924
50     28     7.35826757969
51     28     7.35666739056
52     28     7.3519231868
53     28     7.33703206526
54     28     7.29787485907
55     28     7.19485654728
56     28     6.94110870594
57     28     6.30528547103
58     28     4.65600663563
59     28     0

0     29     0
1     29     10
2     29     10
3     29     10
4     29     10
5     29     10
6     29     10
7     29     10
8     29     10
9     29     10
10     29     10
11     29     10
12     29     10
13     29     10
14     29     10
15     29     10
16     29     10
17     29     10
18     29     10
19     29     10
20     29     10
21     29     10
22     29     10
23     29     10
24     29     10
25     29     10
26     29     10
27     29     10
28     29     10
29     29     10
30     29     10
31     29     10
32     29     10
33     29     10
34     29     10
35     29     10
36     29     10
37     29     10
38     29     10
39     29     10
40     29     10
41     29     10
42     29     10
43     29     10
44     29     10
45     29     10
46     29     10
47     29     10
48     29     10
49     29     10
50     29     10
51     29     10
52     29     10
53     29     10
54     29     10
55     29     10
56     29     10
57     29     10
58     29     10
59     29     0

0     30     0
1     30     4.65600663563
2     30     6.30528547103
3     30     6.94110870594
4     30     7.19485654728
5     30     7.29787485907
6     30     7.33703206526
7     30     7.3519231868
8     30     7.35666739056
9     30     7.35826757969
10     30     7.3586519924
11     30     7.35876484076
12     30     7.35878289968
13     30     7.35878752021
14     30     7.35878810345
15     30     7.35878970823
16     30     7.35880182299
17     30     7.35886642011
18     30     7.35918940278
19     30     7.36040058779
20     30     7.36463973531
21     30     7.3765093484
22     30     7.40737034241
23     30     7.47423582943
24     30     7.60796680348
25     30     7.83721990185
26     30     8.19747477071
27     30     8.6928252154
28     30     9.31201327126
29     30     10
30     30     9.31201327126
31     30     8.6928252154
32     30     8.19747477071
33     30     7.83721990185
34     30     7.60796680348
35     30     7.47423582943
36     30     7.40737034241
37     30     7.3765093484
38     30     7.36463973531
39     30     7.36040058779
40     30     7.35918940278
41     30     7.35886642011
42     30     7.35880182358
43     30     7.35878971114
44     30     7.35878819425
45     30     7.35878792533
46     30     7.35878750973
47     30     7.3587828991
48     30     7.35876484076
49     30     7.3586519924
50     30     7.35826757969
51     30     7.35666739056
52     30     7.3519231868
53     30     7.33703206526
54     30     7.29787485907
55     30     7.19485654728
56     30     6.94110870594
57     30     6.30528547103
58     30     4.65600663563
59     30     0

0     31     0
1     31     2.38753974438
2     31     3.76162388828
3     31     4.44692200981
4     31     4.76810368709
5     31     4.90637631156
6     31     4.96420012787
7     31     4.98500670306
8     31     4.99263570644
9     31     4.99475567602
10     31     4.99542811885
11     31     4.9955577869
12     31     4.99559330812
13     31     4.99559734249
14     31     4.9955985666
15     31     4.99560154974
16     31     4.99562174547
17     31     4.99574690126
18     31     4.99631212093
19     31     4.99865374528
20     31     5.00628421083
21     31     5.02917560749
22     31     5.08575409651
23     31     5.21434157155
24     31     5.46269909479
25     31     5.90210086666
26     31     6.57757874578
27     31     7.52324777655
28     31     8.6928252154
29     31     10
30     31     8.6928252154
31     31     7.52324777655
32     31     6.57757874578
33     31     5.90210086666
34     31     5.46269909479
35     31     5.21434157155
36     31     5.08575409651
37     31     5.02917560749
38     31     5.00628421083
39     31     4.99865374528
40     31     4.99631212093
41     31     4.99574690126
42     31     4.99562174547
43     31     4.99560155906
44     31     4.99559861084
45     31     4.99559829943
46     31     4.99559732212
47     31     4.99559330754
48     31     4.9955577869
49     31     4.99542811885
50     31     4.99475567602
51     31     4.99263570644
52     31     4.98500670306
53     31     4.96420012787
54     31     4.90637631156
55     31     4.76810368709
56     31     4.44692200981
57     31     3.76162388828
58     31     2.38753974438
59     31     0

0     32     0
1     32     1.25636606477
2     32     2.13065673597
3     32     2.64083096292
4     32     2.90077625308
5     32     3.02438011393
6     32     3.07507382706
7     32     3.09559104033
8     32     3.10211023316
9     32     3.10436240397
10     32     3.10487030074
11     32     3.10502033681
12     32     3.1050409592
13     32     3.10504622757
14     32     3.10504688823
15     32     3.10505037196
16     32     3.10507768299
17     32     3.1052331184
18     32     3.10601029545
19     32     3.1090301834
20     32     3.11959979124
21     32     3.14983904362
22     32     3.22846109979
23     32     3.40113570914
24     32     3.74648492783
25     32     4.34349820483
26     32     5.28166192584
27     32     6.57757874578
28     32     8.19747477071
29     32     10
30     32     8.19747477071
31     32     6.57757874578
32     32     5.28166192584
33     32     4.34349820483
34     32     3.74648492783
35     32     3.40113570914
36     32     3.22846109979
37     32     3.14983904362
38     32     3.11959979124
39     32     3.1090301834
40     32     3.10601029545
41     32     3.1052331184
42     32     3.10507768299
43     32     3.10505037196
44     32     3.10504695808
45     32     3.1050465419
46     32     3.1050462072
47     32     3.10504095862
48     32     3.10502033681
49     32     3.10487030074
50     32     3.10436240397
51     32     3.10211023316
52     32     3.09559104033
53     32     3.07507382706
54     32     3.02438011393
55     32     2.90077625308
56     32     2.64083096292
57     32     2.13065673597
58     32     1.25636606477
59     32     0

0     33     0
1     33     0.642363354564
2     33     1.13399717957
3     33     1.44272195175
4     33     1.61510529462
5     33     1.69698099606
6     33     1.73418284394
7     33     1.74767945893
8     33     1.75280508585
9     33     1.75413628109
10     33     1.75456278957
11     33     1.75463192165
12     33     1.75465077918
13     33     1.7546521849
14     33     1.7546528572
15     33     1.75465666689
16     33     1.75468575908
17     33     1.75486613065
18     33     1.75572809065
19     33     1.75929906778
20     33     1.77133824676
21     33     1.80745578371
22     33     1.89867416397
23     33     2.10598866455
24     33     2.51195769291
25     33     3.23021058924
26     33     4.34349820483
27     33     5.90210086666
28     33     7.83721990185
29     33     10
30     33     7.83721990185
31     33     5.90210086666
32     33     4.34349820483
33     33     3.23021058924
34     33     2.51195769291
35     33     2.10598866455
36     33     1.89867416397
37     33     1.80745578371
38     33     1.77133824676
39     33     1.75929906778
40     33     1.75572809065
41     33     1.75486613065
42     33     1.75468575908
43     33     1.75465666689
44     33     1.7546528572
45     33     1.75465251086
46     33     1.75465216453
47     33     1.7546507786
48     33     1.75463192165
49     33     1.75456278957
50     33     1.75413628109
51     33     1.75280508585
52     33     1.74767945893
53     33     1.73418284394
54     33     1.69698099606
55     33     1.61510529462
56     33     1.44272195175
57     33     1.13399717957
58     33     0.642363354564
59     33     0

0     34     0
1     34     0.310091944411
2     34     0.556322783232
3     34     0.722104813904
4     34     0.814976696856
5     34     0.863174726255
6     34     0.883236033842
7     34     0.891697751358
8     34     0.894212275743
9     34     0.895091770217
10     34     0.895256972872
11     34     0.89530549245
12     34     0.895309730549
13     34     0.895310810301
14     34     0.895311156637
15     34     0.895314966328
16     34     0.89534544386
17     34     0.895530802663
18     34     0.896457596682
19     34     0.900212270208
20     34     0.913353627548
21     34     0.951990429312
22     34     1.0524461139
23     34     1.2770805601
24     34     1.72634945251
25     34     2.51195769291
26     34     3.74648492783
27     34     5.46269909479
28     34     7.60796680348
29     34     10
30     34     7.60796680348
31     34     5.46269909479
32     34     3.74648492783
33     34     2.51195769291
34     34     1.72634945251
35     34     1.2770805601
36     34     1.0524461139
37     34     0.951990429312
38     34     0.913353627548
39     34     0.900212270208
40     34     0.896457596682
41     34     0.895530802663
42     34     0.89534544386
43     34     0.895314966328
44     34     0.895311156637
45     34     0.895310810301
46     34     0.895310789929
47     34     0.895309729967
48     34     0.89530549245
49     34     0.895256972872
50     34     0.895091770217
51     34     0.894212275743
52     34     0.891697751358
53     34     0.883236033842
54     34     0.863174726255
55     34     0.814976696856
56     34     0.722104813904
57     34     0.556322783232
58     34     0.310091944411
59     34     0

0     35     0
1     35     0.13720376417
2     35     0.250141443685
3     35     0.326061882079
4     35     0.371805820614
5     35     0.393844526261
6     35     0.404283641838
7     35     0.407831380144
8     35     0.40919595398
9     35     0.409490279853
10     35     0.409583838191
11     35     0.409593372606
12     35     0.409595915698
13     35     0.409595936071
14     35     0.409596282407
15     35     0.409600092098
16     35     0.409630569629
17     35     0.409819530323
18     35     0.410757130012
19     35     0.41464147158
20     35     0.428097737022
21     35     0.468466533348
22     35     0.572386207059
23     35     0.808567283675
24     35     1.2770805601
25     35     2.10598866455
26     35     3.40113570914
27     35     5.21434157155
28     35     7.47423582943
29     35     10
30     35     7.47423582943
31     35     5.21434157155
32     35     3.40113570914
33     35     2.10598866455
34     35     1.2770805601
35     35     0.808567283675
36     35     0.572386207059
37     35     0.468466533348
38     35     0.428097737022
39     35     0.41464147158
40     35     0.410757130012
41     35     0.409819530323
42     35     0.409630569629
43     35     0.409600092098
44     35     0.409596282407
45     35     0.409595936071
46     35     0.409595915698
47     35     0.409595915116
48     35     0.409593372606
49     35     0.409583838191
50     35     0.409490279853
51     35     0.40919595398
52     35     0.407831380144
53     35     0.404283641838
54     35     0.393844526261
55     35     0.371805820614
56     35     0.326061882079
57     35     0.250141443685
58     35     0.13720376417
59     35     0

0     36     0
1     36     0.0554471556097
2     36     0.100747393444
3     36     0.13287005946
4     36     0.150994705036
5     36     0.160748362541
6     36     0.164554826915
7     36     0.166178126819
8     36     0.166578829521
9     36     0.166717502289
10     36     0.166733816732
11     36     0.166738478001
12     36     0.166738478583
13     36     0.166738498956
14     36     0.166738845292
15     36     0.166742654983
16     36     0.166773132514
17     36     0.166962093208
18     36     0.167906896677
19     36     0.171809762251
20     36     0.185469791759
21     36     0.226271586725
22     36     0.332356253639
23     36     0.572386207059
24     36     1.0524461139
25     36     1.89867416397
26     36     3.22846109979
27     36     5.08575409651
28     36     7.40737034241
29     36     10
30     36     7.40737034241
31     36     5.08575409651
32     36     3.22846109979
33     36     1.89867416397
34     36     1.0524461139
35     36     0.572386207059
36     36     0.332356253639
37     36     0.226271586725
38     36     0.185469791759
39     36     0.171809762251
40     36     0.167906896677
41     36     0.166962093208
42     36     0.166773132514
43     36     0.166742654983
44     36     0.166738845292
45     36     0.166738498956
46     36     0.166738478583
47     36     0.166738478001
48     36     0.166738478001
49     36     0.166733816732
50     36     0.166717502289
51     36     0.166578829521
52     36     0.166178126819
53     36     0.164554826915
54     36     0.160748362541
55     36     0.150994705036
56     36     0.13287005946
57     36     0.100747393444
58     36     0.0554471556097
59     36     0

0     37     0
1     37     0.0198419578373
2     37     0.0365399010479
3     37     0.0477288104594
4     37     0.0546506978571
5     37     0.0577781535685
6     37     0.0592705793679
7     37     0.0596927572042
8     37     0.0598529051058
9     37     0.0598745467141
10     37     0.0598812056705
11     37     0.0598812056705
12     37     0.0598812062526
13     37     0.0598812266253
14     37     0.0598815729609
15     37     0.0598853826523
16     37     0.0599158601835
17     37     0.0601048208773
18     37     0.0610496243462
19     37     0.0649638101459
20     37     0.0786493101623
21     37     0.119705810212
22     37     0.226271586725
23     37     0.468466533348
24     37     0.951990429312
25     37     1.80745578371
26     37     3.14983904362
27     37     5.02917560749
28     37     7.3765093484
29     37     10
30     37     7.3765093484
31     37     5.02917560749
32     37     3.14983904362
33     37     1.80745578371
34     37     0.951990429312
35     37     0.468466533348
36     37     0.226271586725
37     37     0.119705810212
38     37     0.0786493101623
39     37     0.0649638101459
40     37     0.0610496243462
41     37     0.0601048208773
42     37     0.0599158601835
43     37     0.0598853826523
44     37     0.0598815729609
45     37     0.0598812266253
46     37     0.0598812062526
47     37     0.0598812056705
48     37     0.0598812056705
49     37     0.0598812056705
50     37     0.0598745467141
51     37     0.0598529051058
52     37     0.0596927572042
53     37     0.0592705793679
54     37     0.0577781535685
55     37     0.0546506978571
56     37     0.0477288104594
57     37     0.0365399010479
58     37     0.0198419578373
59     37     0

0     38     0
1     38     0.00637215562165
2     38     0.0115285348147
3     38     0.0152373872697
4     38     0.0172019656748
5     38     0.0182618573308
6     38     0.0186074571684
7     38     0.0187522894703
8     38     0.0187747634482
9     38     0.0187822547741
10     38     0.0187822547741
11     38     0.0187822547741
12     38     0.0187822553562
13     38     0.0187822757289
14     38     0.0187826220645
15     38     0.0187864317559
16     38     0.0188169092871
17     38     0.0190058699809
18     38     0.0199506734498
19     38     0.0238648592494
20     38     0.0375645095482
21     38     0.0786493101623
22     38     0.185469791759
23     38     0.428097737022
24     38     0.913353627548
25     38     1.77133824676
26     38     3.11959979124
27     38     5.00628421083
28     38     7.36463973531
29     38     10
30     38     7.36463973531
31     38     5.00628421083
32     38     3.11959979124
33     38     1.77133824676
34     38     0.913353627548
35     38     0.428097737022
36     38     0.185469791759
37     38     0.0786493101623
38     38     0.0375645095482
39     38     0.0238648592494
40     38     0.0199506734498
41     38     0.0190058699809
42     38     0.0188169092871
43     38     0.0187864317559
44     38     0.0187826220645
45     38     0.0187822757289
46     38     0.0187822553562
47     38     0.0187822547741
48     38     0.0187822547741
49     38     0.0187822547741
50     38     0.0187822547741
51     38     0.0187747634482
52     38     0.0187522894703
53     38     0.0186074571684
54     38     0.0182618573308
55     38     0.0172019656748
56     38     0.0152373872697
57     38     0.0115285348147
58     38     0.00637215562165
59     38     0

0     39     0
1     39     0.00174859538674
2     39     0.00322562642395
3     39     0.00415988266468
4     39     0.00473627820611
5     39     0.00495529733598
6     39     0.00505763338879
7     39     0.00507594551891
8     39     0.00508260447532
9     39     0.00508260447532
10     39     0.00508260447532
11     39     0.00508260447532
12     39     0.0050826050574
13     39     0.00508262543008
14     39     0.00508297176566
15     39     0.00508678145707
16     39     0.00511725898832
17     39     0.0053062196821
18     39     0.00625102315098
19     39     0.0101652089506
20     39     0.0238648592494
21     39     0.0649638101459
22     39     0.171809762251
23     39     0.41464147158
24     39     0.900212270208
25     39     1.75929906778
26     39     3.1090301834
27     39     4.99865374528
28     39     7.36040058779
29     39     10
30     39     7.36040058779
31     39     4.99865374528
32     39     3.1090301834
33     39     1.75929906778
34     39     0.900212270208
35     39     0.41464147158
36     39     0.171809762251
37     39     0.0649638101459
38     39     0.0238648592494
39     39     0.0101652089506
40     39     0.00625102315098
41     39     0.0053062196821
42     39     0.00511725898832
43     39     0.00508678145707
44     39     0.00508297176566
45     39     0.00508262543008
46     39     0.0050826050574
47     39     0.00508260447532
48     39     0.00508260447532
49     39     0.00508260447532
50     39     0.00508260447532
51     39     0.00508260447532
52     39     0.00507594551891
53     39     0.00505763338879
54     39     0.00495529733598
55     39     0.00473627820611
56     39     0.00415988266468
57     39     0.00322562642395
58     39     0.00174859538674
59     39     0

0     40     0
1     40     0.00042456202209
2     40     0.000754334032536
3     40     0.000989958643913
4     40     0.00109616899863
5     40     0.00115210423246
6     40     0.00116375740618
7     40     0.00116841867566
8     40     0.00116841867566
9     40     0.00116841867566
10     40     0.00116841867566
11     40     0.00116841867566
12     40     0.00116841925774
13     40     0.00116843963042
14     40     0.001168785966
15     40     0.00117259565741
16     40     0.00120307318866
17     40     0.00139203388244
18     40     0.00233683735132
19     40     0.00625102315098
20     40     0.0199506734498
21     40     0.0610496243462
22     40     0.167906896677
23     40     0.410757130012
24     40     0.896457596682
25     40     1.75572809065
26     40     3.10601029545
27     40     4.99631212093
28     40     7.35918940278
29     40     10
30     40     7.35918940278
31     40     4.99631212093
32     40     3.10601029545
33     40     1.75572809065
34     40     0.896457596682
35     40     0.410757130012
36     40     0.167906896677
37     40     0.0610496243462
38     40     0.0199506734498
39     40     0.00625102315098
40     40     0.00233683735132
41     40     0.00139203388244
42     40     0.00120307318866
43     40     0.00117259565741
44     40     0.001168785966
45     40     0.00116843963042
46     40     0.00116841925774
47     40     0.00116841867566
48     40     0.00116841867566
49     40     0.00116841867566
50     40     0.00116841867566
51     40     0.00116841867566
52     40     0.00116841867566
53     40     0.00116375740618
54     40     0.00115210423246
55     40     0.00109616899863
56     40     0.000989958643913
57     40     0.000754334032536
58     40     0.00042456202209
59     40     0

0     41     0
1     41     8.35210084915e-05
2     41     0.000153593719006
3     41     0.00019215978682
4     41     0.000215352047235
5     41     0.000221072696149
6     41     0.000223615206778
7     41     0.000223615206778
8     41     0.000223615206778
9     41     0.000223615206778
10     41     0.000223615206778
11     41     0.000223615206778
12     41     0.000223615788855
13     41     0.000223636161536
14     41     0.000223982497118
15     41     0.000227792188525
16     41     0.000258269719779
17     41     0.000447230413556
18     41     0.00139203388244
19     41     0.0053062196821
20     41     0.0190058699809
21     41     0.0601048208773
22     41     0.166962093208
23     41     0.409819530323
24     41     0.895530802663
25     41     1.75486613065
26     41     3.1052331184
27     41     4.99574690126
28     41     7.35886642011
29     41     10
30     41     7.35886642011
31     41     4.99574690126
32     41     3.1052331184
33     41     1.75486613065
34     41     0.895530802663
35     41     0.409819530323
36     41     0.166962093208
37     41     0.0601048208773
38     41     0.0190058699809
39     41     0.0053062196821
40     41     0.00139203388244
41     41     0.000447230413556
42     41     0.000258269719779
43     41     0.000227792188525
44     41     0.000223982497118
45     41     0.000223636161536
46     41     0.000223615788855
47     41     0.000223615206778
48     41     0.000223615206778
49     41     0.000223615206778
50     41     0.000223615206778
51     41     0.000223615206778
52     41     0.000223615206778
53     41     0.000223615206778
54     41     0.000221072696149
55     41     0.000215352047235
56     41     0.00019215978682
57     41     0.000153593719006
58     41     8.35210084915e-05
59     41     0

0     42     0
1     42     1.43144279718e-05
2     42     2.44239345193e-05
3     42     3.14763747156e-05
4     42     3.35951335728e-05
5     42     3.46545130014e-05
6     42     3.46545130014e-05
7     42     3.46545130014e-05
8     42     3.46545130014e-05
9     42     3.46545130014e-05
10     42     3.46545130014e-05
11     42     3.46545130014e-05
12     42     3.46550950781e-05
13     42     3.46754677594e-05
14     42     3.50218033418e-05
15     42     3.88314947486e-05
16     42     6.93090260029e-05
17     42     0.000258269719779
18     42     0.00120307318866
19     42     0.00511725898832
20     42     0.0188169092871
21     42     0.0599158601835
22     42     0.166773132514
23     42     0.409630569629
24     42     0.89534544386
25     42     1.75468575908
26     42     3.10507768299
27     42     4.99562174547
28     42     7.35880182358
29     42     10
30     42     7.35880182358
31     42     4.99562174547
32     42     3.10507768299
33     42     1.75468575908
34     42     0.89534544386
35     42     0.409630569629
36     42     0.166773132514
37     42     0.0599158601835
38     42     0.0188169092871
39     42     0.00511725898832
40     42     0.00120307318866
41     42     0.000258269719779
42     42     6.93090260029e-05
43     42     3.88314947486e-05
44     42     3.50218033418e-05
45     42     3.46754677594e-05
46     42     3.46550950781e-05
47     42     3.46545130014e-05
48     42     3.46545130014e-05
49     42     3.46545130014e-05
50     42     3.46545130014e-05
51     42     3.46545130014e-05
52     42     3.46545130014e-05
53     42     3.46545130014e-05
54     42     3.46545130014e-05
55     42     3.35951335728e-05
56     42     3.14763747156e-05
57     42     2.44239345193e-05
58     42     1.43144279718e-05
59     42     0

0     43     0
1     43     1.79745256901e-06
2     43     3.28058376908e-06
3     43     3.85101884604e-06
4     43     4.17698174715e-06
5     43     4.17698174715e-06
6     43     4.17698174715e-06
7     43     4.17698174715e-06
8     43     4.17698174715e-06
9     43     4.17698174715e-06
10     43     4.17698174715e-06
11     43     4.17698174715e-06
12     43     4.17756382376e-06
13     43     4.19793650508e-06
14     43     4.54427208751e-06
15     43     8.3539634943e-06
16     43     3.88314947486e-05
17     43     0.000227792188525
18     43     0.00117259565741
19     43     0.00508678145707
20     43     0.0187864317559
21     43     0.0598853826523
22     43     0.166742654983
23     43     0.409600092098
24     43     0.895314966328
25     43     1.75465666689
26     43     3.10505037196
27     43     4.99560155906
28     43     7.35878971114
29     43     10
30     43     7.35878971114
31     43     4.99560155906
32     43     3.10505037196
33     43     1.75465666689
34     43     0.895314966328
35     43     0.409600092098
36     43     0.166742654983
37     43     0.0598853826523
38     43     0.0187864317559
39     43     0.00508678145707
40     43     0.00117259565741
41     43     0.000227792188525
42     43     3.88314947486e-05
43     43     8.3539634943e-06
44     43     4.54427208751e-06
45     43     4.19793650508e-06
46     43     4.17756382376e-06
47     43     4.17698174715e-06
48     43     4.17698174715e-06
49     43     4.17698174715e-06
50     43     4.17698174715e-06
51     43     4.17698174715e-06
52     43     4.17698174715e-06
53     43     4.17698174715e-06
54     43     4.17698174715e-06
55     43     4.17698174715e-06
56     43     3.85101884604e-06
57     43     3.28058376908e-06
58     43     1.79745256901e-06
59     43     0

0     44     0
1     44     1.92667357624e-07
2     44     2.97441147268e-07
3     44     3.67290340364e-07
4     44     3.67290340364e-07
5     44     3.67290340364e-07
6     44     3.67290340364e-07
7     44     3.67290340364e-07
8     44     3.67290340364e-07
9     44     3.67290340364e-07
10     44     3.67290340364e-07
11     44     3.67290340364e-07
12     44     3.67872416973e-07
13     44     3.88245098293e-07
14     44     7.34580680728e-07
15     44     4.54427208751e-06
16     44     3.50218033418e-05
17     44     0.000223982497118
18     44     0.001168785966
19     44     0.00508297176566
20     44     0.0187826220645
21     44     0.0598815729609
22     44     0.166738845292
23     44     0.409596282407
24     44     0.895311156637
25     44     1.7546528572
26     44     3.10504695808
27     44     4.99559861084
28     44     7.35878819425
29     44     10
30     44     7.35878819425
31     44     4.99559861084
32     44     3.10504695808
33     44     1.7546528572
34     44     0.895311156637
35     44     0.409596282407
36     44     0.166738845292
37     44     0.0598815729609
38     44     0.0187826220645
39     44     0.00508297176566
40     44     0.001168785966
41     44     0.000223982497118
42     44     3.50218033418e-05
43     44     4.54427208751e-06
44     44     7.34580680728e-07
45     44     3.88245098293e-07
46     44     3.67872416973e-07
47     44     3.67290340364e-07
48     44     3.67290340364e-07
49     44     3.67290340364e-07
50     44     3.67290340364e-07
51     44     3.67290340364e-07
52     44     3.67290340364e-07
53     44     3.67290340364e-07
54     44     3.67290340364e-07
55     44     3.67290340364e-07
56     44     3.67290340364e-07
57     44     2.97441147268e-07
58     44     1.92667357624e-07
59     44     0

0     45     0
1     45     1.16415321827e-08
2     45     2.09547579288e-08
3     45     2.09547579288e-08
4     45     2.09547579288e-08
5     45     2.09547579288e-08
6     45     2.09547579288e-08
7     45     2.09547579288e-08
8     45     2.09547579288e-08
9     45     2.09547579288e-08
10     45     2.09547579288e-08
11     45     2.09547579288e-08
12     45     2.1536834538e-08
13     45     4.19095158577e-08
14     45     3.88245098293e-07
15     45     4.19793650508e-06
16     45     3.46754677594e-05
17     45     0.000223636161536
18     45     0.00116843963042
19     45     0.00508262543008
20     45     0.0187822757289
21     45     0.0598812266253
22     45     0.166738498956
23     45     0.409595936071
24     45     0.895310810301
25     45     1.75465251086
26     45     3.1050465419
27     45     4.99559829943
28     45     7.35878792533
29     45     10
30     45     7.35878792533
31     45     4.99559829943
32     45     3.1050465419
33     45     1.75465251086
34     45     0.895310810301
35     45     0.409595936071
36     45     0.166738498956
37     45     0.0598812266253
38     45     0.0187822757289
39     45     0.00508262543008
40     45     0.00116843963042
41     45     0.000223636161536
42     45     3.46754677594e-05
43     45     4.19793650508e-06
44     45     3.88245098293e-07
45     45     4.19095158577e-08
46     45     2.1536834538e-08
47     45     2.09547579288e-08
48     45     2.09547579288e-08
49     45     2.09547579288e-08
50     45     2.09547579288e-08
51     45     2.09547579288e-08
52     45     2.09547579288e-08
53     45     2.09547579288e-08
54     45     2.09547579288e-08
55     45     2.09547579288e-08
56     45     2.09547579288e-08
57     45     2.09547579288e-08
58     45     1.16415321827e-08
59     45     0

0     46     0
1     46     5.82076609135e-10
2     46     5.82076609135e-10
3     46     5.82076609135e-10
4     46     5.82076609135e-10
5     46     5.82076609135e-10
6     46     5.82076609135e-10
7     46     5.82076609135e-10
8     46     5.82076609135e-10
9     46     5.82076609135e-10
10     46     5.82076609135e-10
11     46     5.82076609135e-10
12     46     1.16415321827e-09
13     46     2.1536834538e-08
14     46     3.67872416973e-07
15     46     4.17756382376e-06
16     46     3.46550950781e-05
17     46     0.000223615788855
18     46     0.00116841925774
19     46     0.0050826050574
20     46     0.0187822553562
21     46     0.0598812062526
22     46     0.166738478583
23     46     0.409595915698
24     46     0.895310789929
25     46     1.75465216453
26     46     3.1050462072
27     46     4.99559732212
28     46     7.35878750973
29     46     10
30     46     7.35878750973
31     46     4.99559732212
32     46     3.1050462072
33     46     1.75465216453
34     46     0.895310789929
35     46     0.409595915698
36     46     0.166738478583
37     46     0.0598812062526
38     46     0.0187822553562
39     46     0.0050826050574
40     46     0.00116841925774
41     46     0.000223615788855
42     46     3.46550950781e-05
43     46     4.17756382376e-06
44     46     3.67872416973e-07
45     46     2.1536834538e-08
46     46     1.16415321827e-09
47     46     5.82076609135e-10
48     46     5.82076609135e-10
49     46     5.82076609135e-10
50     46     5.82076609135e-10
51     46     5.82076609135e-10
52     46     5.82076609135e-10
53     46     5.82076609135e-10
54     46     5.82076609135e-10
55     46     5.82076609135e-10
56     46     5.82076609135e-10
57     46     5.82076609135e-10
58     46     5.82076609135e-10
59     46     0

0     47     0
1     47     0.0
2     47     0.0
3     47     0.0
4     47     0.0
5     47     0.0
6     47     0.0
7     47     0.0
8     47     0.0
9     47     0.0
10     47     0.0
11     47     0.0
12     47     5.82076609135e-10
13     47     2.09547579288e-08
14     47     3.67290340364e-07
15     47     4.17698174715e-06
16     47     3.46545130014e-05
17     47     0.000223615206778
18     47     0.00116841867566
19     47     0.00508260447532
20     47     0.0187822547741
21     47     0.0598812056705
22     47     0.166738478001
23     47     0.409595915116
24     47     0.895309729967
25     47     1.7546507786
26     47     3.10504095862
27     47     4.99559330754
28     47     7.3587828991
29     47     10
30     47     7.3587828991
31     47     4.99559330754
32     47     3.10504095862
33     47     1.7546507786
34     47     0.895309729967
35     47     0.409595915116
36     47     0.166738478001
37     47     0.0598812056705
38     47     0.0187822547741
39     47     0.00508260447532
40     47     0.00116841867566
41     47     0.000223615206778
42     47     3.46545130014e-05
43     47     4.17698174715e-06
44     47     3.67290340364e-07
45     47     2.09547579288e-08
46     47     5.82076609135e-10
47     47     0.0
48     47     0.0
49     47     0.0
50     47     0.0
51     47     0.0
52     47     0.0
53     47     0.0
54     47     0.0
55     47     0.0
56     47     0.0
57     47     0.0
58     47     0.0
59     47     0

0     48     0
1     48     0.0
2     48     0.0
3     48     0.0
4     48     0.0
5     48     0.0
6     48     0.0
7     48     0.0
8     48     0.0
9     48     0.0
10     48     0.0
11     48     0.0
12     48     5.82076609135e-10
13     48     2.09547579288e-08
14     48     3.67290340364e-07
15     48     4.17698174715e-06
16     48     3.46545130014e-05
17     48     0.000223615206778
18     48     0.00116841867566
19     48     0.00508260447532
20     48     0.0187822547741
21     48     0.0598812056705
22     48     0.166738478001
23     48     0.409593372606
24     48     0.89530549245
25     48     1.75463192165
26     48     3.10502033681
27     48     4.9955577869
28     48     7.35876484076
29     48     10
30     48     7.35876484076
31     48     4.9955577869
32     48     3.10502033681
33     48     1.75463192165
34     48     0.89530549245
35     48     0.409593372606
36     48     0.166738478001
37     48     0.0598812056705
38     48     0.0187822547741
39     48     0.00508260447532
40     48     0.00116841867566
41     48     0.000223615206778
42     48     3.46545130014e-05
43     48     4.17698174715e-06
44     48     3.67290340364e-07
45     48     2.09547579288e-08
46     48     5.82076609135e-10
47     48     0.0
48     48     0.0
49     48     0.0
50     48     0.0
51     48     0.0
52     48     0.0
53     48     0.0
54     48     0.0
55     48     0.0
56     48     0.0
57     48     0.0
58     48     0.0
59     48     0

0     49     0
1     49     0.0
2     49     0.0
3     49     0.0
4     49     0.0
5     49     0.0
6     49     0.0
7     49     0.0
8     49     0.0
9     49     0.0
10     49     0.0
11     49     0.0
12     49     5.82076609135e-10
13     49     2.09547579288e-08
14     49     3.67290340364e-07
15     49     4.17698174715e-06
16     49     3.46545130014e-05
17     49     0.000223615206778
18     49     0.00116841867566
19     49     0.00508260447532
20     49     0.0187822547741
21     49     0.0598812056705
22     49     0.166733816732
23     49     0.409583838191
24     49     0.895256972872
25     49     1.75456278957
26     49     3.10487030074
27     49     4.99542811885
28     49     7.3586519924
29     49     10
30     49     7.3586519924
31     49     4.99542811885
32     49     3.10487030074
33     49     1.75456278957
34     49     0.895256972872
35     49     0.409583838191
36     49     0.166733816732
37     49     0.0598812056705
38     49     0.0187822547741
39     49     0.00508260447532
40     49     0.00116841867566
41     49     0.000223615206778
42     49     3.46545130014e-05
43     49     4.17698174715e-06
44     49     3.67290340364e-07
45     49     2.09547579288e-08
46     49     5.82076609135e-10
47     49     0.0
48     49     0.0
49     49     0.0
50     49     0.0
51     49     0.0
52     49     0.0
53     49     0.0
54     49     0.0
55     49     0.0
56     49     0.0
57     49     0.0
58     49     0.0
59     49     0

0     50     0
1     50     0.0
2     50     0.0
3     50     0.0
4     50     0.0
5     50     0.0
6     50     0.0
7     50     0.0
8     50     0.0
9     50     0.0
10     50     0.0
11     50     0.0
12     50     5.82076609135e-10
13     50     2.09547579288e-08
14     50     3.67290340364e-07
15     50     4.17698174715e-06
16     50     3.46545130014e-05
17     50     0.000223615206778
18     50     0.00116841867566
19     50     0.00508260447532
20     50     0.0187822547741
21     50     0.0598745467141
22     50     0.166717502289
23     50     0.409490279853
24     50     0.895091770217
25     50     1.75413628109
26     50     3.10436240397
27     50     4.99475567602
28     50     7.35826757969
29     50     10
30     50     7.35826757969
31     50     4.99475567602
32     50     3.10436240397
33     50     1.75413628109
34     50     0.895091770217
35     50     0.409490279853
36     50     0.166717502289
37     50     0.0598745467141
38     50     0.0187822547741
39     50     0.00508260447532
40     50     0.00116841867566
41     50     0.000223615206778
42     50     3.46545130014e-05
43     50     4.17698174715e-06
44     50     3.67290340364e-07
45     50     2.09547579288e-08
46     50     5.82076609135e-10
47     50     0.0
48     50     0.0
49     50     0.0
50     50     0.0
51     50     0.0
52     50     0.0
53     50     0.0
54     50     0.0
55     50     0.0
56     50     0.0
57     50     0.0
58     50     0.0
59     50     0

0     51     0
1     51     0.0
2     51     0.0
3     51     0.0
4     51     0.0
5     51     0.0
6     51     0.0
7     51     0.0
8     51     0.0
9     51     0.0
10     51     0.0
11     51     0.0
12     51     5.82076609135e-10
13     51     2.09547579288e-08
14     51     3.67290340364e-07
15     51     4.17698174715e-06
16     51     3.46545130014e-05
17     51     0.000223615206778
18     51     0.00116841867566
19     51     0.00508260447532
20     51     0.0187747634482
21     51     0.0598529051058
22     51     0.166578829521
23     51     0.40919595398
24     51     0.894212275743
25     51     1.75280508585
26     51     3.10211023316
27     51     4.99263570644
28     51     7.35666739056
29     51     10
30     51     7.35666739056
31     51     4.99263570644
32     51     3.10211023316
33     51     1.75280508585
34     51     0.894212275743
35     51     0.40919595398
36     51     0.166578829521
37     51     0.0598529051058
38     51     0.0187747634482
39     51     0.00508260447532
40     51     0.00116841867566
41     51     0.000223615206778
42     51     3.46545130014e-05
43     51     4.17698174715e-06
44     51     3.67290340364e-07
45     51     2.09547579288e-08
46     51     5.82076609135e-10
47     51     0.0
48     51     0.0
49     51     0.0
50     51     0.0
51     51     0.0
52     51     0.0
53     51     0.0
54     51     0.0
55     51     0.0
56     51     0.0
57     51     0.0
58     51     0.0
59     51     0

0     52     0
1     52     0.0
2     52     0.0
3     52     0.0
4     52     0.0
5     52     0.0
6     52     0.0
7     52     0.0
8     52     0.0
9     52     0.0
10     52     0.0
11     52     0.0
12     52     5.82076609135e-10
13     52     2.09547579288e-08
14     52     3.67290340364e-07
15     52     4.17698174715e-06
16     52     3.46545130014e-05
17     52     0.000223615206778
18     52     0.00116841867566
19     52     0.00507594551891
20     52     0.0187522894703
21     52     0.0596927572042
22     52     0.166178126819
23     52     0.407831380144
24     52     0.891697751358
25     52     1.74767945893
26     52     3.09559104033
27     52     4.98500670306
28     52     7.3519231868
29     52     10
30     52     7.3519231868
31     52     4.98500670306
32     52     3.09559104033
33     52     1.74767945893
34     52     0.891697751358
35     52     0.407831380144
36     52     0.166178126819
37     52     0.0596927572042
38     52     0.0187522894703
39     52     0.00507594551891
40     52     0.00116841867566
41     52     0.000223615206778
42     52     3.46545130014e-05
43     52     4.17698174715e-06
44     52     3.67290340364e-07
45     52     2.09547579288e-08
46     52     5.82076609135e-10
47     52     0.0
48     52     0.0
49     52     0.0
50     52     0.0
51     52     0.0
52     52     0.0
53     52     0.0
54     52     0.0
55     52     0.0
56     52     0.0
57     52     0.0
58     52     0.0
59     52     0

0     53     0
1     53     0.0
2     53     0.0
3     53     0.0
4     53     0.0
5     53     0.0
6     53     0.0
7     53     0.0
8     53     0.0
9     53     0.0
10     53     0.0
11     53     0.0
12     53     5.82076609135e-10
13     53     2.09547579288e-08
14     53     3.67290340364e-07
15     53     4.17698174715e-06
16     53     3.46545130014e-05
17     53     0.000223615206778
18     53     0.00116375740618
19     53     0.00505763338879
20     53     0.0186074571684
21     53     0.0592705793679
22     53     0.164554826915
23     53     0.404283641838
24     53     0.883236033842
25     53     1.73418284394
26     53     3.07507382706
27     53     4.96420012787
28     53     7.33703206526
29     53     10
30     53     7.33703206526
31     53     4.96420012787
32     53     3.07507382706
33     53     1.73418284394
34     53     0.883236033842
35     53     0.404283641838
36     53     0.164554826915
37     53     0.0592705793679
38     53     0.0186074571684
39     53     0.00505763338879
40     53     0.00116375740618
41     53     0.000223615206778
42     53     3.46545130014e-05
43     53     4.17698174715e-06
44     53     3.67290340364e-07
45     53     2.09547579288e-08
46     53     5.82076609135e-10
47     53     0.0
48     53     0.0
49     53     0.0
50     53     0.0
51     53     0.0
52     53     0.0
53     53     0.0
54     53     0.0
55     53     0.0
56     53     0.0
57     53     0.0
58     53     0.0
59     53     0

0     54     0
1     54     0.0
2     54     0.0
3     54     0.0
4     54     0.0
5     54     0.0
6     54     0.0
7     54     0.0
8     54     0.0
9     54     0.0
10     54     0.0
11     54     0.0
12     54     5.82076609135e-10
13     54     2.09547579288e-08
14     54     3.67290340364e-07
15     54     4.17698174715e-06
16     54     3.46545130014e-05
17     54     0.000221072696149
18     54     0.00115210423246
19     54     0.00495529733598
20     54     0.0182618573308
21     54     0.0577781535685
22     54     0.160748362541
23     54     0.393844526261
24     54     0.863174726255
25     54     1.69698099606
26     54     3.02438011393
27     54     4.90637631156
28     54     7.29787485907
29     54     10
30     54     7.29787485907
31     54     4.90637631156
32     54     3.02438011393
33     54     1.69698099606
34     54     0.863174726255
35     54     0.393844526261
36     54     0.160748362541
37     54     0.0577781535685
38     54     0.0182618573308
39     54     0.00495529733598
40     54     0.00115210423246
41     54     0.000221072696149
42     54     3.46545130014e-05
43     54     4.17698174715e-06
44     54     3.67290340364e-07
45     54     2.09547579288e-08
46     54     5.82076609135e-10
47     54     0.0
48     54     0.0
49     54     0.0
50     54     0.0
51     54     0.0
52     54     0.0
53     54     0.0
54     54     0.0
55     54     0.0
56     54     0.0
57     54     0.0
58     54     0.0
59     54     0

0     55     0
1     55     0.0
2     55     0.0
3     55     0.0
4     55     0.0
5     55     0.0
6     55     0.0
7     55     0.0
8     55     0.0
9     55     0.0
10     55     0.0
11     55     0.0
12     55     5.82076609135e-10
13     55     2.09547579288e-08
14     55     3.67290340364e-07
15     55     4.17698174715e-06
16     55     3.35951335728e-05
17     55     0.000215352047235
18     55     0.00109616899863
19     55     0.00473627820611
20     55     0.0172019656748
21     55     0.0546506978571
22     55     0.150994705036
23     55     0.371805820614
24     55     0.814976696856
25     55     1.61510529462
26     55     2.90077625308
27     55     4.76810368709
28     55     7.19485654728
29     55     10
30     55     7.19485654728
31     55     4.76810368709
32     55     2.90077625308
33     55     1.61510529462
34     55     0.814976696856
35     55     0.371805820614
36     55     0.150994705036
37     55     0.0546506978571
38     55     0.0172019656748
39     55     0.00473627820611
40     55     0.00109616899863
41     55     0.000215352047235
42     55     3.35951335728e-05
43     55     4.17698174715e-06
44     55     3.67290340364e-07
45     55     2.09547579288e-08
46     55     5.82076609135e-10
47     55     0.0
48     55     0.0
49     55     0.0
50     55     0.0
51     55     0.0
52     55     0.0
53     55     0.0
54     55     0.0
55     55     0.0
56     55     0.0
57     55     0.0
58     55     0.0
59     55     0

0     56     0
1     56     0.0
2     56     0.0
3     56     0.0
4     56     0.0
5     56     0.0
6     56     0.0
7     56     0.0
8     56     0.0
9     56     0.0
10     56     0.0
11     56     0.0
12     56     5.82076609135e-10
13     56     2.09547579288e-08
14     56     3.67290340364e-07
15     56     3.85101884604e-06
16     56     3.14763747156e-05
17     56     0.00019215978682
18     56     0.000989958643913
19     56     0.00415988266468
20     56     0.0152373872697
21     56     0.0477288104594
22     56     0.13287005946
23     56     0.326061882079
24     56     0.722104813904
25     56     1.44272195175
26     56     2.64083096292
27     56     4.44692200981
28     56     6.94110870594
29     56     10
30     56     6.94110870594
31     56     4.44692200981
32     56     2.64083096292
33     56     1.44272195175
34     56     0.722104813904
35     56     0.326061882079
36     56     0.13287005946
37     56     0.0477288104594
38     56     0.0152373872697
39     56     0.00415988266468
40     56     0.000989958643913
41     56     0.00019215978682
42     56     3.14763747156e-05
43     56     3.85101884604e-06
44     56     3.67290340364e-07
45     56     2.09547579288e-08
46     56     5.82076609135e-10
47     56     0.0
48     56     0.0
49     56     0.0
50     56     0.0
51     56     0.0
52     56     0.0
53     56     0.0
54     56     0.0
55     56     0.0
56     56     0.0
57     56     0.0
58     56     0.0
59     56     0

0     57     0
1     57     0.0
2     57     0.0
3     57     0.0
4     57     0.0
5     57     0.0
6     57     0.0
7     57     0.0
8     57     0.0
9     57     0.0
10     57     0.0
11     57     0.0
12     57     5.82076609135e-10
13     57     2.09547579288e-08
14     57     2.97441147268e-07
15     57     3.28058376908e-06
16     57     2.44239345193e-05
17     57     0.000153593719006
18     57     0.000754334032536
19     57     0.00322562642395
20     57     0.0115285348147
21     57     0.0365399010479
22     57     0.100747393444
23     57     0.250141443685
24     57     0.556322783232
25     57     1.13399717957
26     57     2.13065673597
27     57     3.76162388828
28     57     6.30528547103
29     57     10
30     57     6.30528547103
31     57     3.76162388828
32     57     2.13065673597
33     57     1.13399717957
34     57     0.556322783232
35     57     0.250141443685
36     57     0.100747393444
37     57     0.0365399010479
38     57     0.0115285348147
39     57     0.00322562642395
40     57     0.000754334032536
41     57     0.000153593719006
42     57     2.44239345193e-05
43     57     3.28058376908e-06
44     57     2.97441147268e-07
45     57     2.09547579288e-08
46     57     5.82076609135e-10
47     57     0.0
48     57     0.0
49     57     0.0
50     57     0.0
51     57     0.0
52     57     0.0
53     57     0.0
54     57     0.0
55     57     0.0
56     57     0.0
57     57     0.0
58     57     0.0
59     57     0

0     58     0
1     58     0.0
2     58     0.0
3     58     0.0
4     58     0.0
5     58     0.0
6     58     0.0
7     58     0.0
8     58     0.0
9     58     0.0
10     58     0.0
11     58     0.0
12     58     5.82076609135e-10
13     58     1.16415321827e-08
14     58     1.92667357624e-07
15     58     1.79745256901e-06
16     58     1.43144279718e-05
17     58     8.35210084915e-05
18     58     0.00042456202209
19     58     0.00174859538674
20     58     0.00637215562165
21     58     0.0198419578373
22     58     0.0554471556097
23     58     0.13720376417
24     58     0.310091944411
25     58     0.642363354564
26     58     1.25636606477
27     58     2.38753974438
28     58     4.65600663563
29     58     10
30     58     4.65600663563
31     58     2.38753974438
32     58     1.25636606477
33     58     0.642363354564
34     58     0.310091944411
35     58     0.13720376417
36     58     0.0554471556097
37     58     0.0198419578373
38     58     0.00637215562165
39     58     0.00174859538674
40     58     0.00042456202209
41     58     8.35210084915e-05
42     58     1.43144279718e-05
43     58     1.79745256901e-06
44     58     1.92667357624e-07
45     58     1.16415321827e-08
46     58     5.82076609135e-10
47     58     0.0
48     58     0.0
49     58     0.0
50     58     0.0
51     58     0.0
52     58     0.0
53     58     0.0
54     58     0.0
55     58     0.0
56     58     0.0
57     58     0.0
58     58     0.0
59     58     0

0     59     0
1     59     0
2     59     0
3     59     0
4     59     0
5     59     0
6     59     0
7     59     0
8     59     0
9     59     0
10     59     0
11     59     0
12     59     0
13     59     0
14     59     0
15     59     0
16     59     0
17     59     0
18     59     0
19     59     0
20     59     0
21     59     0
22     59     0
23     59     0
24     59     0
25     59     0
26     59     0
27     59     0
28     59     0
29     59     0
30     59     0
31     59     0
32     59     0
33     59     0
34     59     0
35     59     0
36     59     0
37     59     0
38     59     0
39     59     0
40     59     0
41     59     0
42     59     0
43     59     0
44     59     0
45     59     0
46     59     0
47     59     0
48     59     0
49     59     0
50     59     0
51     59     0
52     59     0
53     59     0
54     59     0
55     59     0
56     59     0
57     59     0
58     59     0
59     59     0

