0     0     0
1     0     0
2     0     0
3     0     0
4     0     0
5     0     0
6     0     0
7     0     0
8     0     0
9     0     0
10     0     0
11     0     0
12     0     0
13     0     0
14     0     0
15     0     0
16     0     0
17     0     0
18     0     0
19     0     0
20     0     0
21     0     0
22     0     0
23     0     0
24     0     0
25     0     0
26     0     0
27     0     0
28     0     0
29     0     0
30     0     0
31     0     0
32     0     0
33     0     0
34     0     0
35     0     0
36     0     0
37     0     0
38     0     0
39     0     0
40     0     0
41     0     0
42     0     0
43     0     0
44     0     0
45     0     0
46     0     0
47     0     0
48     0     0
49     0     0
50     0     0
51     0     0
52     0     0
53     0     0
54     0     0
55     0     0
56     0     0
57     0     0
58     0     0
59     0     0

0     1     0
1     1     0.0
2     1     0.0
3     1     0.0
4     1     0.0
5     1     0.0
6     1     0.0
7     1     0.0
8     1     0.0
9     1     0.0
10     1     0.0
11     1     0.0
12     1     0.0
13     1     0.0
14     1     0.0
15     1     0.0
16     1     0.0
17     1     0.0
18     1     2.38418579102e-06
19     1     3.33786010742e-05
20     1     0.000360012054443
21     1     0.00226974487305
22     1     0.0116753578186
23     1     0.0450563430786
24     1     0.147416591644
25     1     0.401210784912
26     1     0.967493057251
27     1     2.11614608765
28     1     4.49110984802
29     1     10
30     1     4.49110984802
31     1     2.11614608765
32     1     0.967493057251
33     1     0.401210784912
34     1     0.147416591644
35     1     0.0450563430786
36     1     0.0116753578186
37     1     0.00226974487305
38     1     0.000360012054443
39     1     3.33786010742e-05
40     1     2.38418579102e-06
41     1     0.0
42     1     0.0
43     1     0.0
44     1     0.0
45     1     0.0
46     1     0.0
47     1     0.0
48     1     0.0
49     1     0.0
50     1     0.0
51     1     0.0
52     1     0.0
53     1     0.0
54     1     0.0
55     1     0.0
56     1     0.0
57     1     0.0
58     1     0.0
59     1     0

0     2     0
1     2     0.0
2     2     0.0
3     2     0.0
4     2     0.0
5     2     0.0
6     2     0.0
7     2     0.0
8     2     0.0
9     2     0.0
10     2     0.0
11     2     0.0
12     2     0.0
13     2     0.0
14     2     0.0
15     2     0.0
16     2     0.0
17     2     0.0
18     2     2.38418579102e-06
19     2     5.72204589844e-05
20     2     0.000553131103516
21     2     0.00396728515625
22     2     0.0195693969727
23     2     0.0788307189941
24     2     0.251581668854
25     2     0.684661865234
26     2     1.58628940582
27     2     3.25523376465
28     2     5.99369049072
29     2     10
30     2     5.99369049072
31     2     3.25523376465
32     2     1.58628940582
33     2     0.684661865234
34     2     0.251581668854
35     2     0.0788307189941
36     2     0.0195693969727
37     2     0.00396728515625
38     2     0.000553131103516
39     2     5.72204589844e-05
40     2     2.38418579102e-06
41     2     0.0
42     2     0.0
43     2     0.0
44     2     0.0
45     2     0.0
46     2     0.0
47     2     0.0
48     2     0.0
49     2     0.0
50     2     0.0
51     2     0.0
52     2     0.0
53     2     0.0
54     2     0.0
55     2     0.0
56     2     0.0
57     2     0.0
58     2     0.0
59     2     0

0     3     0
1     3     0.0
2     3     0.0
3     3     0.0
4     3     0.0
5     3     0.0
6     3     0.0
7     3     0.0
8     3     0.0
9     3     0.0
10     3     0.0
11     3     0.0
12     3     0.0
13     3     0.0
14     3     0.0
15     3     0.0
16     3     0.0
17     3     0.0
18     3     2.38418579102e-06
19     3     5.72204589844e-05
20     3     0.000660419464111
21     3     0.00459671020508
22     3     0.0241923332214
23     3     0.0957584381104
24     3     0.311782360077
25     3     0.832767486572
26     3     1.90511703491
27     3     3.75580787659
28     3     6.51921272278
29     3     10
30     3     6.51921272278
31     3     3.75580787659
32     3     1.90511703491
33     3     0.832767486572
34     3     0.311782360077
35     3     0.0957584381104
36     3     0.0241923332214
37     3     0.00459671020508
38     3     0.000660419464111
39     3     5.72204589844e-05
40     3     2.38418579102e-06
41     3     0.0
42     3     0.0
43     3     0.0
44     3     0.0
45     3     0.0
46     3     0.0
47     3     0.0
48     3     0.0
49     3     0.0
50     3     0.0
51     3     0.0
52     3     0.0
53     3     0.0
54     3     0.0
55     3     0.0
56     3     0.0
57     3     0.0
58     3     0.0
59     3     0

0     4     0
1     4     0.0
2     4     0.0
3     4     0.0
4     4     0.0
5     4     0.0
6     4     0.0
7     4     0.0
8     4     0.0
9     4     0.0
10     4     0.0
11     4     0.0
12     4     0.0
13     4     0.0
14     4     0.0
15     4     0.0
16     4     0.0
17     4     0.0
18     4     2.38418579102e-06
19     4     5.72204589844e-05
20     4     0.000660419464111
21     4     0.0048828125
22     4     0.0254940986633
23     4     0.103816986084
24     4     0.335314273834
25     4     0.901184082031
26     4     2.03411579132
27     4     3.95641326904
28     4     6.69603824615
29     4     10
30     4     6.69603824615
31     4     3.95641326904
32     4     2.03411579132
33     4     0.901184082031
34     4     0.335314273834
35     4     0.103816986084
36     4     0.0254940986633
37     4     0.0048828125
38     4     0.000660419464111
39     4     5.72204589844e-05
40     4     2.38418579102e-06
41     4     0.0
42     4     0.0
43     4     0.0
44     4     0.0
45     4     0.0
46     4     0.0
47     4     0.0
48     4     0.0
49     4     0.0
50     4     0.0
51     4     0.0
52     4     0.0
53     4     0.0
54     4     0.0
55     4     0.0
56     4     0.0
57     4     0.0
58     4     0.0
59     4     0

0     5     0
1     5     0.0
2     5     0.0
3     5     0.0
4     5     0.0
5     5     0.0
6     5     0.0
7     5     0.0
8     5     0.0
9     5     0.0
10     5     0.0
11     5     0.0
12     5     0.0
13     5     0.0
14     5     0.0
15     5     0.0
16     5     0.0
17     5     0.0
18     5     2.38418579102e-06
19     5     5.72204589844e-05
20     5     0.000660419464111
21     5     0.0048828125
22     5     0.0259947776794
23     5     0.105619430542
24     5     0.344693660736
25     5     0.922679901123
26     5     2.08342552185
27     5     4.02167320251
28     5     6.75510406494
29     5     10
30     5     6.75510406494
31     5     4.02167320251
32     5     2.08342552185
33     5     0.922679901123
34     5     0.344693660736
35     5     0.105619430542
36     5     0.0259947776794
37     5     0.0048828125
38     5     0.000660419464111
39     5     5.72204589844e-05
40     5     2.38418579102e-06
41     5     0.0
42     5     0.0
43     5     0.0
44     5     0.0
45     5     0.0
46     5     0.0
47     5     0.0
48     5     0.0
49     5     0.0
50     5     0.0
51     5     0.0
52     5     0.0
53     5     0.0
54     5     0.0
55     5     0.0
56     5     0.0
57     5     0.0
58     5     0.0
59     5     0

0     6     0
1     6     0.0
2     6     0.0
3     6     0.0
4     6     0.0
5     6     0.0
6     6     0.0
7     6     0.0
8     6     0.0
9     6     0.0
10     6     0.0
11     6     0.0
12     6     0.0
13     6     0.0
14     6     0.0
15     6     0.0
16     6     0.0
17     6     0.0
18     6     2.38418579102e-06
19     6     5.72204589844e-05
20     6     0.000660419464111
21     6     0.0048828125
22     6     0.0259947776794
23     6     0.106220245361
24     6     0.346395969391
25     6     0.930023193359
26     6     2.09606647491
27     6     4.04296875
28     6     6.77091836929
29     6     10
30     6     6.77091836929
31     6     4.04296875
32     6     2.09606647491
33     6     0.930023193359
34     6     0.346395969391
35     6     0.106220245361
36     6     0.0259947776794
37     6     0.0048828125
38     6     0.000660419464111
39     6     5.72204589844e-05
40     6     2.38418579102e-06
41     6     0.0
42     6     0.0
43     6     0.0
44     6     0.0
45     6     0.0
46     6     0.0
47     6     0.0
48     6     0.0
49     6     0.0
50     6     0.0
51     6     0.0
52     6     0.0
53     6     0.0
54     6     0.0
55     6     0.0
56     6     0.0
57     6     0.0
58     6     0.0
59     6     0

0     7     0
1     7     0.0
2     7     0.0
3     7     0.0
4     7     0.0
5     7     0.0
6     7     0.0
7     7     0.0
8     7     0.0
9     7     0.0
10     7     0.0
11     7     0.0
12     7     0.0
13     7     0.0
14     7     0.0
15     7     0.0
16     7     0.0
17     7     0.0
18     7     2.38418579102e-06
19     7     5.72204589844e-05
20     7     0.000660419464111
21     7     0.0048828125
22     7     0.0259947776794
23     7     0.106220245361
24     7     0.346896648407
25     7     0.93111038208
26     7     2.09983825684
27     7     4.04741764069
28     7     6.77545070648
29     7     10
30     7     6.77545070648
31     7     4.04741764069
32     7     2.09983825684
33     7     0.93111038208
34     7     0.346896648407
35     7     0.106220245361
36     7     0.0259947776794
37     7     0.0048828125
38     7     0.000660419464111
39     7     5.72204589844e-05
40     7     2.38418579102e-06
41     7     0.0
42     7     0.0
43     7     0.0
44     7     0.0
45     7     0.0
46     7     0.0
47     7     0.0
48     7     0.0
49     7     0.0
50     7     0.0
51     7     0.0
52     7     0.0
53     7     0.0
54     7     0.0
55     7     0.0
56     7     0.0
57     7     0.0
58     7     0.0
59     7     0

0     8     0
1     8     0.0
2     8     0.0
3     8     0.0
4     8     0.0
5     8     0.0
6     8     0.0
7     8     0.0
8     8     0.0
9     8     0.0
10     8     0.0
11     8     0.0
12     8     0.0
13     8     0.0
14     8     0.0
15     8     0.0
16     8     0.0
17     8     0.0
18     8     2.38418579102e-06
19     8     5.72204589844e-05
20     8     0.000660419464111
21     8     0.0048828125
22     8     0.0259947776794
23     8     0.106220245361
24     8     0.346896648407
25     8     0.931396484375
26     8     2.10028886795
27     8     4.04859542847
28     8     6.77620172501
29     8     10
30     8     6.77620172501
31     8     4.04859542847
32     8     2.10028886795
33     8     0.931396484375
34     8     0.346896648407
35     8     0.106220245361
36     8     0.0259947776794
37     8     0.0048828125
38     8     0.000660419464111
39     8     5.72204589844e-05
40     8     2.38418579102e-06
41     8     0.0
42     8     0.0
43     8     0.0
44     8     0.0
45     8     0.0
46     8     0.0
47     8     0.0
48     8     0.0
49     8     0.0
50     8     0.0
51     8     0.0
52     8     0.0
53     8     0.0
54     8     0.0
55     8     0.0
56     8     0.0
57     8     0.0
58     8     0.0
59     8     0

0     9     0
1     9     0.0
2     9     0.0
3     9     0.0
4     9     0.0
5     9     0.0
6     9     0.0
7     9     0.0
8     9     0.0
9     9     0.0
10     9     0.0
11     9     0.0
12     9     0.0
13     9     0.0
14     9     0.0
15     9     0.0
16     9     0.0
17     9     0.0
18     9     2.38418579102e-06
19     9     5.72204589844e-05
20     9     0.000660419464111
21     9     0.0048828125
22     9     0.0259947776794
23     9     0.106220245361
24     9     0.346896648407
25     9     0.931396484375
26     9     2.10039615631
27     9     4.04870510101
28     9     6.77638053894
29     9     10
30     9     6.77638053894
31     9     4.04870510101
32     9     2.10039615631
33     9     0.931396484375
34     9     0.346896648407
35     9     0.106220245361
36     9     0.0259947776794
37     9     0.0048828125
38     9     0.000660419464111
39     9     5.72204589844e-05
40     9     2.38418579102e-06
41     9     0.0
42     9     0.0
43     9     0.0
44     9     0.0
45     9     0.0
46     9     0.0
47     9     0.0
48     9     0.0
49     9     0.0
50     9     0.0
51     9     0.0
52     9     0.0
53     9     0.0
54     9     0.0
55     9     0.0
56     9     0.0
57     9     0.0
58     9     0.0
59     9     0

0     10     0
1     10     0.0
2     10     0.0
3     10     0.0
4     10     0.0
5     10     0.0
6     10     0.0
7     10     0.0
8     10     0.0
9     10     0.0
10     10     0.0
11     10     0.0
12     10     0.0
13     10     0.0
14     10     0.0
15     10     0.0
16     10     0.0
17     10     0.0
18     10     2.38418579102e-06
19     10     5.72204589844e-05
20     10     0.000660419464111
21     10     0.0048828125
22     10     0.0259947776794
23     10     0.106220245361
24     10     0.346896648407
25     10     0.931396484375
26     10     2.10039615631
27     10     4.04872894287
28     10     6.77639245987
29     10     10
30     10     6.77639245987
31     10     4.04872894287
32     10     2.10039615631
33     10     0.931396484375
34     10     0.346896648407
35     10     0.106220245361
36     10     0.0259947776794
37     10     0.0048828125
38     10     0.000660419464111
39     10     5.72204589844e-05
40     10     2.38418579102e-06
41     10     0.0
42     10     0.0
43     10     0.0
44     10     0.0
45     10     0.0
46     10     0.0
47     10     0.0
48     10     0.0
49     10     0.0
50     10     0.0
51     10     0.0
52     10     0.0
53     10     0.0
54     10     0.0
55     10     0.0
56     10     0.0
57     10     0.0
58     10     0.0
59     10     0

0     11     0
1     11     0.0
2     11     0.0
3     11     0.0
4     11     0.0
5     11     0.0
6     11     0.0
7     11     0.0
8     11     0.0
9     11     0.0
10     11     0.0
11     11     0.0
12     11     0.0
13     11     0.0
14     11     0.0
15     11     0.0
16     11     0.0
17     11     0.0
18     11     2.38418579102e-06
19     11     5.72204589844e-05
20     11     0.000660419464111
21     11     0.0048828125
22     11     0.0259947776794
23     11     0.106220245361
24     11     0.346896648407
25     11     0.931396484375
26     11     2.10039615631
27     11     4.04872894287
28     11     6.77639484406
29     11     10
30     11     6.77639484406
31     11     4.04872894287
32     11     2.10039615631
33     11     0.931396484375
34     11     0.346896648407
35     11     0.106220245361
36     11     0.0259947776794
37     11     0.0048828125
38     11     0.000660419464111
39     11     5.72204589844e-05
40     11     2.38418579102e-06
41     11     0.0
42     11     0.0
43     11     0.0
44     11     0.0
45     11     0.0
46     11     0.0
47     11     0.0
48     11     0.0
49     11     0.0
50     11     0.0
51     11     0.0
52     11     0.0
53     11     0.0
54     11     0.0
55     11     0.0
56     11     0.0
57     11     0.0
58     11     0.0
59     11     0

0     12     0
1     12     0.0
2     12     0.0
3     12     0.0
4     12     0.0
5     12     0.0
6     12     0.0
7     12     0.0
8     12     0.0
9     12     0.0
10     12     0.0
11     12     0.0
12     12     0.0
13     12     0.0
14     12     0.0
15     12     0.0
16     12     0.0
17     12     0.0
18     12     2.38418579102e-06
19     12     5.72204589844e-05
20     12     0.000660419464111
21     12     0.0048828125
22     12     0.0259947776794
23     12     0.106220245361
24     12     0.346896648407
25     12     0.931396484375
26     12     2.10039615631
27     12     4.04872894287
28     12     6.77639484406
29     12     10
30     12     6.77639484406
31     12     4.04872894287
32     12     2.10039615631
33     12     0.931396484375
34     12     0.346896648407
35     12     0.106220245361
36     12     0.0259947776794
37     12     0.0048828125
38     12     0.000660419464111
39     12     5.72204589844e-05
40     12     2.38418579102e-06
41     12     0.0
42     12     0.0
43     12     0.0
44     12     0.0
45     12     0.0
46     12     0.0
47     12     0.0
48     12     0.0
49     12     0.0
50     12     0.0
51     12     0.0
52     12     0.0
53     12     0.0
54     12     0.0
55     12     0.0
56     12     0.0
57     12     0.0
58     12     0.0
59     12     0

0     13     0
1     13     0.0
2     13     0.0
3     13     0.0
4     13     0.0
5     13     0.0
6     13     0.0
7     13     0.0
8     13     0.0
9     13     0.0
10     13     0.0
11     13     0.0
12     13     0.0
13     13     0.0
14     13     0.0
15     13     0.0
16     13     0.0
17     13     0.0
18     13     2.38418579102e-06
19     13     5.72204589844e-05
20     13     0.000660419464111
21     13     0.0048828125
22     13     0.0259947776794
23     13     0.106220245361
24     13     0.346896648407
25     13     0.931396484375
26     13     2.10039615631
27     13     4.04872894287
28     13     6.77639484406
29     13     10
30     13     6.77639484406
31     13     4.04872894287
32     13     2.10039615631
33     13     0.931396484375
34     13     0.346896648407
35     13     0.106220245361
36     13     0.0259947776794
37     13     0.0048828125
38     13     0.000660419464111
39     13     5.72204589844e-05
40     13     2.38418579102e-06
41     13     0.0
42     13     0.0
43     13     0.0
44     13     0.0
45     13     0.0
46     13     0.0
47     13     0.0
48     13     0.0
49     13     0.0
50     13     0.0
51     13     0.0
52     13     0.0
53     13     0.0
54     13     0.0
55     13     0.0
56     13     0.0
57     13     0.0
58     13     0.0
59     13     0

0     14     0
1     14     0.0
2     14     0.0
3     14     0.0
4     14     0.0
5     14     0.0
6     14     0.0
7     14     0.0
8     14     0.0
9     14     0.0
10     14     0.0
11     14     0.0
12     14     0.0
13     14     0.0
14     14     0.0
15     14     0.0
16     14     0.0
17     14     0.0
18     14     2.38418579102e-06
19     14     5.72204589844e-05
20     14     0.000660419464111
21     14     0.0048828125
22     14     0.0259947776794
23     14     0.106220245361
24     14     0.346896648407
25     14     0.931396484375
26     14     2.10039615631
27     14     4.04872894287
28     14     6.77639484406
29     14     10
30     14     6.77639484406
31     14     4.04872894287
32     14     2.10039615631
33     14     0.931396484375
34     14     0.346896648407
35     14     0.106220245361
36     14     0.0259947776794
37     14     0.0048828125
38     14     0.000660419464111
39     14     5.72204589844e-05
40     14     2.38418579102e-06
41     14     0.0
42     14     0.0
43     14     0.0
44     14     0.0
45     14     0.0
46     14     0.0
47     14     0.0
48     14     0.0
49     14     0.0
50     14     0.0
51     14     0.0
52     14     0.0
53     14     0.0
54     14     0.0
55     14     0.0
56     14     0.0
57     14     0.0
58     14     0.0
59     14     0

0     15     0
1     15     0.0
2     15     0.0
3     15     0.0
4     15     0.0
5     15     0.0
6     15     0.0
7     15     0.0
8     15     0.0
9     15     0.0
10     15     0.0
11     15     0.0
12     15     0.0
13     15     0.0
14     15     0.0
15     15     0.0
16     15     0.0
17     15     0.0
18     15     2.38418579102e-06
19     15     5.72204589844e-05
20     15     0.000660419464111
21     15     0.0048828125
22     15     0.0259947776794
23     15     0.106220245361
24     15     0.346896648407
25     15     0.931396484375
26     15     2.10039615631
27     15     4.04872894287
28     15     6.77639484406
29     15     10
30     15     6.77639484406
31     15     4.04872894287
32     15     2.10039615631
33     15     0.931396484375
34     15     0.346896648407
35     15     0.106220245361
36     15     0.0259947776794
37     15     0.0048828125
38     15     0.000660419464111
39     15     5.72204589844e-05
40     15     2.38418579102e-06
41     15     0.0
42     15     0.0
43     15     0.0
44     15     0.0
45     15     0.0
46     15     0.0
47     15     0.0
48     15     0.0
49     15     0.0
50     15     0.0
51     15     0.0
52     15     0.0
53     15     0.0
54     15     0.0
55     15     0.0
56     15     0.0
57     15     0.0
58     15     0.0
59     15     0

0     16     0
1     16     0.0
2     16     0.0
3     16     0.0
4     16     0.0
5     16     0.0
6     16     0.0
7     16     0.0
8     16     0.0
9     16     0.0
10     16     0.0
11     16     0.0
12     16     0.0
13     16     0.0
14     16     0.0
15     16     0.0
16     16     0.0
17     16     0.0
18     16     2.38418579102e-06
19     16     5.72204589844e-05
20     16     0.000660419464111
21     16     0.0048828125
22     16     0.0259947776794
23     16     0.106220245361
24     16     0.346896648407
25     16     0.931396484375
26     16     2.10039615631
27     16     4.04872894287
28     16     6.77639484406
29     16     10
30     16     6.77639484406
31     16     4.04872894287
32     16     2.10039615631
33     16     0.931396484375
34     16     0.346896648407
35     16     0.106220245361
36     16     0.0259947776794
37     16     0.0048828125
38     16     0.000660419464111
39     16     5.72204589844e-05
40     16     2.38418579102e-06
41     16     0.0
42     16     0.0
43     16     0.0
44     16     0.0
45     16     0.0
46     16     0.0
47     16     0.0
48     16     0.0
49     16     0.0
50     16     0.0
51     16     0.0
52     16     0.0
53     16     0.0
54     16     0.0
55     16     0.0
56     16     0.0
57     16     0.0
58     16     0.0
59     16     0

0     17     0
1     17     0.0
2     17     0.0
3     17     0.0
4     17     0.0
5     17     0.0
6     17     0.0
7     17     0.0
8     17     0.0
9     17     0.0
10     17     0.0
11     17     0.0
12     17     0.0
13     17     0.0
14     17     0.0
15     17     0.0
16     17     0.0
17     17     0.0
18     17     2.38418579102e-06
19     17     5.72204589844e-05
20     17     0.000660419464111
21     17     0.0048828125
22     17     0.0259947776794
23     17     0.106220245361
24     17     0.346896648407
25     17     0.931396484375
26     17     2.10039615631
27     17     4.04872894287
28     17     6.77639484406
29     17     10
30     17     6.77639484406
31     17     4.04872894287
32     17     2.10039615631
33     17     0.931396484375
34     17     0.346896648407
35     17     0.106220245361
36     17     0.0259947776794
37     17     0.0048828125
38     17     0.000660419464111
39     17     5.72204589844e-05
40     17     2.38418579102e-06
41     17     0.0
42     17     0.0
43     17     0.0
44     17     0.0
45     17     0.0
46     17     0.0
47     17     0.0
48     17     0.0
49     17     0.0
50     17     0.0
51     17     0.0
52     17     0.0
53     17     0.0
54     17     0.0
55     17     0.0
56     17     0.0
57     17     0.0
58     17     0.0
59     17     0

0     18     0
1     18     2.38418579102e-06
2     18     2.38418579102e-06
3     18     2.38418579102e-06
4     18     2.38418579102e-06
5     18     2.38418579102e-06
6     18     2.38418579102e-06
7     18     2.38418579102e-06
8     18     2.38418579102e-06
9     18     2.38418579102e-06
10     18     2.38418579102e-06
11     18     2.38418579102e-06
12     18     2.38418579102e-06
13     18     2.38418579102e-06
14     18     2.38418579102e-06
15     18     2.38418579102e-06
16     18     2.38418579102e-06
17     18     2.38418579102e-06
18     18     4.76837158203e-06
19     18     5.96046447754e-05
20     18     0.000662803649902
21     18     0.00488519668579
22     18     0.0259971618652
23     18     0.106222629547
24     18     0.346899032593
25     18     0.931398868561
26     18     2.1003985405
27     18     4.04873132706
28     18     6.77639722824
29     18     10
30     18     6.77639722824
31     18     4.04873132706
32     18     2.1003985405
33     18     0.931398868561
34     18     0.346899032593
35     18     0.106222629547
36     18     0.0259971618652
37     18     0.00488519668579
38     18     0.000662803649902
39     18     5.96046447754e-05
40     18     4.76837158203e-06
41     18     2.38418579102e-06
42     18     2.38418579102e-06
43     18     2.38418579102e-06
44     18     2.38418579102e-06
45     18     2.38418579102e-06
46     18     2.38418579102e-06
47     18     2.38418579102e-06
48     18     2.38418579102e-06
49     18     2.38418579102e-06
50     18     2.38418579102e-06
51     18     2.38418579102e-06
52     18     2.38418579102e-06
53     18     2.38418579102e-06
54     18     2.38418579102e-06
55     18     2.38418579102e-06
56     18     2.38418579102e-06
57     18     2.38418579102e-06
58     18     2.38418579102e-06
59     18     0

0     19     0
1     19     3.33786010742e-05
2     19     5.72204589844e-05
3     19     5.72204589844e-05
4     19     5.72204589844e-05
5     19     5.72204589844e-05
6     19     5.72204589844e-05
7     19     5.72204589844e-05
8     19     5.72204589844e-05
9     19     5.72204589844e-05
10     19     5.72204589844e-05
11     19     5.72204589844e-05
12     19     5.72204589844e-05
13     19     5.72204589844e-05
14     19     5.72204589844e-05
15     19     5.72204589844e-05
16     19     5.72204589844e-05
17     19     5.72204589844e-05
18     19     5.96046447754e-05
19     19     0.000114440917969
20     19     0.000717639923096
21     19     0.00494003295898
22     19     0.0260519981384
23     19     0.10627746582
24     19     0.346953868866
25     19     0.931453704834
26     19     2.10045337677
27     19     4.04878616333
28     19     6.77642583847
29     19     10
30     19     6.77642583847
31     19     4.04878616333
32     19     2.10045337677
33     19     0.931453704834
34     19     0.346953868866
35     19     0.10627746582
36     19     0.0260519981384
37     19     0.00494003295898
38     19     0.000717639923096
39     19     0.000114440917969
40     19     5.96046447754e-05
41     19     5.72204589844e-05
42     19     5.72204589844e-05
43     19     5.72204589844e-05
44     19     5.72204589844e-05
45     19     5.72204589844e-05
46     19     5.72204589844e-05
47     19     5.72204589844e-05
48     19     5.72204589844e-05
49     19     5.72204589844e-05
50     19     5.72204589844e-05
51     19     5.72204589844e-05
52     19     5.72204589844e-05
53     19     5.72204589844e-05
54     19     5.72204589844e-05
55     19     5.72204589844e-05
56     19     5.72204589844e-05
57     19     5.72204589844e-05
58     19     3.33786010742e-05
59     19     0

0     20     0
1     20     0.000360012054443
2     20     0.000553131103516
3     20     0.000660419464111
4     20     0.000660419464111
5     20     0.000660419464111
6     20     0.000660419464111
7     20     0.000660419464111
8     20     0.000660419464111
9     20     0.000660419464111
10     20     0.000660419464111
11     20     0.000660419464111
12     20     0.000660419464111
13     20     0.000660419464111
14     20     0.000660419464111
15     20     0.000660419464111
16     20     0.000660419464111
17     20     0.000660419464111
18     20     0.000662803649902
19     20     0.000717639923096
20     20     0.00132083892822
21     20     0.00554323196411
22     20     0.0266551971436
23     20     0.106880664825
24     20     0.347557067871
25     20     0.932056903839
26     20     2.10105657578
27     20     4.04925823212
28     20     6.77674055099
29     20     10
30     20     6.77674055099
31     20     4.04925823212
32     20     2.10105657578
33     20     0.932056903839
34     20     0.347557067871
35     20     0.106880664825
36     20     0.0266551971436
37     20     0.00554323196411
38     20     0.00132083892822
39     20     0.000717639923096
40     20     0.000662803649902
41     20     0.000660419464111
42     20     0.000660419464111
43     20     0.000660419464111
44     20     0.000660419464111
45     20     0.000660419464111
46     20     0.000660419464111
47     20     0.000660419464111
48     20     0.000660419464111
49     20     0.000660419464111
50     20     0.000660419464111
51     20     0.000660419464111
52     20     0.000660419464111
53     20     0.000660419464111
54     20     0.000660419464111
55     20     0.000660419464111
56     20     0.000660419464111
57     20     0.000553131103516
58     20     0.000360012054443
59     20     0

0     21     0
1     21     0.00226974487305
2     21     0.00396728515625
3     21     0.00459671020508
4     21     0.0048828125
5     21     0.0048828125
6     21     0.0048828125
7     21     0.0048828125
8     21     0.0048828125
9     21     0.0048828125
10     21     0.0048828125
11     21     0.0048828125
12     21     0.0048828125
13     21     0.0048828125
14     21     0.0048828125
15     21     0.0048828125
16     21     0.0048828125
17     21     0.0048828125
18     21     0.00488519668579
19     21     0.00494003295898
20     21     0.00554323196411
21     21     0.009765625
22     21     0.0308775901794
23     21     0.111103057861
24     21     0.351779460907
25     21     0.936279296875
26     21     2.10488557816
27     21     4.05256271362
28     21     6.77847146988
29     21     10
30     21     6.77847146988
31     21     4.05256271362
32     21     2.10488557816
33     21     0.936279296875
34     21     0.351779460907
35     21     0.111103057861
36     21     0.0308775901794
37     21     0.009765625
38     21     0.00554323196411
39     21     0.00494003295898
40     21     0.00488519668579
41     21     0.0048828125
42     21     0.0048828125
43     21     0.0048828125
44     21     0.0048828125
45     21     0.0048828125
46     21     0.0048828125
47     21     0.0048828125
48     21     0.0048828125
49     21     0.0048828125
50     21     0.0048828125
51     21     0.0048828125
52     21     0.0048828125
53     21     0.0048828125
54     21     0.0048828125
55     21     0.0048828125
56     21     0.00459671020508
57     21     0.00396728515625
58     21     0.00226974487305
59     21     0

0     22     0
1     22     0.0116753578186
2     22     0.0195693969727
3     22     0.0241923332214
4     22     0.0254940986633
5     22     0.0259947776794
6     22     0.0259947776794
7     22     0.0259947776794
8     22     0.0259947776794
9     22     0.0259947776794
10     22     0.0259947776794
11     22     0.0259947776794
12     22     0.0259947776794
13     22     0.0259947776794
14     22     0.0259947776794
15     22     0.0259947776794
16     22     0.0259947776794
17     22     0.0259947776794
18     22     0.0259971618652
19     22     0.0260519981384
20     22     0.0266551971436
21     22     0.0308775901794
22     22     0.0519895553589
23     22     0.132215023041
24     22     0.372891426086
25     22     0.956604480743
26     22     2.12403059006
27     22     4.06698703766
28     22     6.7871260643
29     22     10
30     22     6.7871260643
31     22     4.06698703766
32     22     2.12403059006
33     22     0.956604480743
34     22     0.372891426086
35     22     0.132215023041
36     22     0.0519895553589
37     22     0.0308775901794
38     22     0.0266551971436
39     22     0.0260519981384
40     22     0.0259971618652
41     22     0.0259947776794
42     22     0.0259947776794
43     22     0.0259947776794
44     22     0.0259947776794
45     22     0.0259947776794
46     22     0.0259947776794
47     22     0.0259947776794
48     22     0.0259947776794
49     22     0.0259947776794
50     22     0.0259947776794
51     22     0.0259947776794
52     22     0.0259947776794
53     22     0.0259947776794
54     22     0.0259947776794
55     22     0.0254940986633
56     22     0.0241923332214
57     22     0.0195693969727
58     22     0.0116753578186
59     22     0

0     23     0
1     23     0.0450563430786
2     23     0.0788307189941
3     23     0.0957584381104
4     23     0.103816986084
5     23     0.105619430542
6     23     0.106220245361
7     23     0.106220245361
8     23     0.106220245361
9     23     0.106220245361
10     23     0.106220245361
11     23     0.106220245361
12     23     0.106220245361
13     23     0.106220245361
14     23     0.106220245361
15     23     0.106220245361
16     23     0.106220245361
17     23     0.106220245361
18     23     0.106222629547
19     23     0.10627746582
20     23     0.106880664825
21     23     0.111103057861
22     23     0.132215023041
23     23     0.212440490723
24     23     0.452015399933
25     23     1.03384017944
26     23     2.19182491302
27     23     4.12179946899
28     23     6.81597471237
29     23     10
30     23     6.81597471237
31     23     4.12179946899
32     23     2.19182491302
33     23     1.03384017944
34     23     0.452015399933
35     23     0.212440490723
36     23     0.132215023041
37     23     0.111103057861
38     23     0.106880664825
39     23     0.10627746582
40     23     0.106222629547
41     23     0.106220245361
42     23     0.106220245361
43     23     0.106220245361
44     23     0.106220245361
45     23     0.106220245361
46     23     0.106220245361
47     23     0.106220245361
48     23     0.106220245361
49     23     0.106220245361
50     23     0.106220245361
51     23     0.106220245361
52     23     0.106220245361
53     23     0.106220245361
54     23     0.105619430542
55     23     0.103816986084
56     23     0.0957584381104
57     23     0.0788307189941
58     23     0.0450563430786
59     23     0

0     24     0
1     24     0.147416591644
2     24     0.251581668854
3     24     0.311782360077
4     24     0.335314273834
5     24     0.344693660736
6     24     0.346395969391
7     24     0.346896648407
8     24     0.346896648407
9     24     0.346896648407
10     24     0.346896648407
11     24     0.346896648407
12     24     0.346896648407
13     24     0.346896648407
14     24     0.346896648407
15     24     0.346896648407
16     24     0.346896648407
17     24     0.346896648407
18     24     0.346899032593
19     24     0.346953868866
20     24     0.347557067871
21     24     0.351779460907
22     24     0.372891426086
23     24     0.452015399933
24     24     0.689387321472
25     24     1.25799417496
26     24     2.39520788193
27     24     4.27325487137
28     24     6.90252065659
29     24     10
30     24     6.90252065659
31     24     4.27325487137
32     24     2.39520788193
33     24     1.25799417496
34     24     0.689387321472
35     24     0.452015399933
36     24     0.372891426086
37     24     0.351779460907
38     24     0.347557067871
39     24     0.346953868866
40     24     0.346899032593
41     24     0.346896648407
42     24     0.346896648407
43     24     0.346896648407
44     24     0.346896648407
45     24     0.346896648407
46     24     0.346896648407
47     24     0.346896648407
48     24     0.346896648407
49     24     0.346896648407
50     24     0.346896648407
51     24     0.346896648407
52     24     0.346896648407
53     24     0.346395969391
54     24     0.344693660736
55     24     0.335314273834
56     24     0.311782360077
57     24     0.251581668854
58     24     0.147416591644
59     24     0

0     25     0
1     25     0.401210784912
2     25     0.684661865234
3     25     0.832767486572
4     25     0.901184082031
5     25     0.922679901123
6     25     0.930023193359
7     25     0.93111038208
8     25     0.931396484375
9     25     0.931396484375
10     25     0.931396484375
11     25     0.931396484375
12     25     0.931396484375
13     25     0.931396484375
14     25     0.931396484375
15     25     0.931396484375
16     25     0.931396484375
17     25     0.931396484375
18     25     0.931398868561
19     25     0.931453704834
20     25     0.932056903839
21     25     0.936279296875
22     25     0.956604480743
23     25     1.03384017944
24     25     1.25799417496
25     25     1.80236816406
26     25     2.86688327789
27     25     4.64107513428
28     25     7.09724903107
29     25     10
30     25     7.09724903107
31     25     4.64107513428
32     25     2.86688327789
33     25     1.80236816406
34     25     1.25799417496
35     25     1.03384017944
36     25     0.956604480743
37     25     0.936279296875
38     25     0.932056903839
39     25     0.931453704834
40     25     0.931398868561
41     25     0.931396484375
42     25     0.931396484375
43     25     0.931396484375
44     25     0.931396484375
45     25     0.931396484375
46     25     0.931396484375
47     25     0.931396484375
48     25     0.931396484375
49     25     0.931396484375
50     25     0.931396484375
51     25     0.931396484375
52     25     0.93111038208
53     25     0.930023193359
54     25     0.922679901123
55     25     0.901184082031
56     25     0.832767486572
57     25     0.684661865234
58     25     0.401210784912
59     25     0

0     26     0
1     26     0.967493057251
2     26     1.58628940582
3     26     1.90511703491
4     26     2.03411579132
5     26     2.08342552185
6     26     2.09606647491
7     26     2.09983825684
8     26     2.10028886795
9     26     2.10039615631
10     26     2.10039615631
11     26     2.10039615631
12     26     2.10039615631
13     26     2.10039615631
14     26     2.10039615631
15     26     2.10039615631
16     26     2.10039615631
17     26     2.10039615631
18     26     2.1003985405
19     26     2.10045337677
20     26     2.10105657578
21     26     2.10488557816
22     26     2.12403059006
23     26     2.19182491302
24     26     2.39520788193
25     26     2.86688327789
26     26     3.81023406982
27     26     5.34209728241
28     26     7.48670578003
29     26     10
30     26     7.48670578003
31     26     5.34209728241
32     26     3.81023406982
33     26     2.86688327789
34     26     2.39520788193
35     26     2.19182491302
36     26     2.12403059006
37     26     2.10488557816
38     26     2.10105657578
39     26     2.10045337677
40     26     2.1003985405
41     26     2.10039615631
42     26     2.10039615631
43     26     2.10039615631
44     26     2.10039615631
45     26     2.10039615631
46     26     2.10039615631
47     26     2.10039615631
48     26     2.10039615631
49     26     2.10039615631
50     26     2.10039615631
51     26     2.10028886795
52     26     2.09983825684
53     26     2.09606647491
54     26     2.08342552185
55     26     2.03411579132
56     26     1.90511703491
57     26     1.58628940582
58     26     0.967493057251
59     26     0

0     27     0
1     27     2.11614608765
2     27     3.25523376465
3     27     3.75580787659
4     27     3.95641326904
5     27     4.02167320251
6     27     4.04296875
7     27     4.04741764069
8     27     4.04859542847
9     27     4.04870510101
10     27     4.04872894287
11     27     4.04872894287
12     27     4.04872894287
13     27     4.04872894287
14     27     4.04872894287
15     27     4.04872894287
16     27     4.04872894287
17     27     4.04872894287
18     27     4.04873132706
19     27     4.04878616333
20     27     4.04925823212
21     27     4.05256271362
22     27     4.06698703766
23     27     4.12179946899
24     27     4.27325487137
25     27     4.64107513428
26     27     5.34209728241
27     27     6.5104675293
28     27     8.10983657837
29     27     10
30     27     8.10983657837
31     27     6.5104675293
32     27     5.34209728241
33     27     4.64107513428
34     27     4.27325487137
35     27     4.12179946899
36     27     4.06698703766
37     27     4.05256271362
38     27     4.04925823212
39     27     4.04878616333
40     27     4.04873132706
41     27     4.04872894287
42     27     4.04872894287
43     27     4.04872894287
44     27     4.04872894287
45     27     4.04872894287
46     27     4.04872894287
47     27     4.04872894287
48     27     4.04872894287
49     27     4.04872894287
50     27     4.04870510101
51     27     4.04859542847
52     27     4.04741764069
53     27     4.04296875
54     27     4.02167320251
55     27     3.95641326904
56     27     3.75580787659
57     27     3.25523376465
58     27     2.11614608765
59     27     0

0     28     0
1     28     4.49110984802
2     28     5.99369049072
3     28     6.51921272278
4     28     6.69603824615
5     28     6.75510406494
6     28     6.77091836929
7     28     6.77545070648
8     28     6.77620172501
9     28     6.77638053894
10     28     6.77639245987
11     28     6.77639484406
12     28     6.77639484406
13     28     6.77639484406
14     28     6.77639484406
15     28     6.77639484406
16     28     6.77639484406
17     28     6.77639484406
18     28     6.77639722824
19     28     6.77642583847
20     28     6.77674055099
21     28     6.77847146988
22     28     6.7871260643
23     28     6.81597471237
24     28     6.90252065659
25     28     7.09724903107
26     28     7.48670578003
27     28     8.10983657837
28     28     8.98221969604
29     28     10
30     28     8.98221969604
31     28     8.10983657837
32     28     7.48670578003
33     28     7.09724903107
34     28     6.90252065659
35     28     6.81597471237
36     28     6.7871260643
37     28     6.77847146988
38     28     6.77674055099
39     28     6.77642583847
40     28     6.77639722824
41     28     6.77639484406
42     28     6.77639484406
43     28     6.77639484406
44     28     6.77639484406
45     28     6.77639484406
46     28     6.77639484406
47     28     6.77639484406
48     28     6.77639484406
49     28     6.77639245987
50     28     6.77638053894
51     28     6.77620172501
52     28     6.77545070648
53     28     6.77091836929
54     28     6.75510406494
55     28     6.69603824615
56     28     6.51921272278
57     28     5.99369049072
58     28     4.49110984802
59     28     0

0     29     0
1     29     10
2     29     10
3     29     10
4     29     10
5     29     10
6     29     10
7     29     10
8     29     10
9     29     10
10     29     10
11     29     10
12     29     10
13     29     10
14     29     10
15     29     10
16     29     10
17     29     10
18     29     10
19     29     10
20     29     10
21     29     10
22     29     10
23     29     10
24     29     10
25     29     10
26     29     10
27     29     10
28     29     10
29     29     10
30     29     10
31     29     10
32     29     10
33     29     10
34     29     10
35     29     10
36     29     10
37     29     10
38     29     10
39     29     10
40     29     10
41     29     10
42     29     10
43     29     10
44     29     10
45     29     10
46     29     10
47     29     10
48     29     10
49     29     10
50     29     10
51     29     10
52     29     10
53     29     10
54     29     10
55     29     10
56     29     10
57     29     10
58     29     10
59     29     0

0     30     0
1     30     4.49110984802
2     30     5.99369049072
3     30     6.51921272278
4     30     6.69603824615
5     30     6.75510406494
6     30     6.77091836929
7     30     6.77545070648
8     30     6.77620172501
9     30     6.77638053894
10     30     6.77639245987
11     30     6.77639484406
12     30     6.77639484406
13     30     6.77639484406
14     30     6.77639484406
15     30     6.77639484406
16     30     6.77639484406
17     30     6.77639484406
18     30     6.77639722824
19     30     6.77642583847
20     30     6.77674055099
21     30     6.77847146988
22     30     6.7871260643
23     30     6.81597471237
24     30     6.90252065659
25     30     7.09724903107
26     30     7.48670578003
27     30     8.10983657837
28     30     8.98221969604
29     30     10
30     30     8.98221969604
31     30     8.10983657837
32     30     7.48670578003
33     30     7.09724903107
34     30     6.90252065659
35     30     6.81597471237
36     30     6.7871260643
37     30     6.77847146988
38     30     6.77674055099
39     30     6.77642583847
40     30     6.77639722824
41     30     6.77639484406
42     30     6.77639484406
43     30     6.77639484406
44     30     6.77639484406
45     30     6.77639484406
46     30     6.77639484406
47     30     6.77639484406
48     30     6.77639484406
49     30     6.77639245987
50     30     6.77638053894
51     30     6.77620172501
52     30     6.77545070648
53     30     6.77091836929
54     30     6.75510406494
55     30     6.69603824615
56     30     6.51921272278
57     30     5.99369049072
58     30     4.49110984802
59     30     0

0     31     0
1     31     2.11614608765
2     31     3.25523376465
3     31     3.75580787659
4     31     3.95641326904
5     31     4.02167320251
6     31     4.04296875
7     31     4.04741764069
8     31     4.04859542847
9     31     4.04870510101
10     31     4.04872894287
11     31     4.04872894287
12     31     4.04872894287
13     31     4.04872894287
14     31     4.04872894287
15     31     4.04872894287
16     31     4.04872894287
17     31     4.04872894287
18     31     4.04873132706
19     31     4.04878616333
20     31     4.04925823212
21     31     4.05256271362
22     31     4.06698703766
23     31     4.12179946899
24     31     4.27325487137
25     31     4.64107513428
26     31     5.34209728241
27     31     6.5104675293
28     31     8.10983657837
29     31     10
30     31     8.10983657837
31     31     6.5104675293
32     31     5.34209728241
33     31     4.64107513428
34     31     4.27325487137
35     31     4.12179946899
36     31     4.06698703766
37     31     4.05256271362
38     31     4.04925823212
39     31     4.04878616333
40     31     4.04873132706
41     31     4.04872894287
42     31     4.04872894287
43     31     4.04872894287
44     31     4.04872894287
45     31     4.04872894287
46     31     4.04872894287
47     31     4.04872894287
48     31     4.04872894287
49     31     4.04872894287
50     31     4.04870510101
51     31     4.04859542847
52     31     4.04741764069
53     31     4.04296875
54     31     4.02167320251
55     31     3.95641326904
56     31     3.75580787659
57     31     3.25523376465
58     31     2.11614608765
59     31     0

0     32     0
1     32     0.967493057251
2     32     1.58628940582
3     32     1.90511703491
4     32     2.03411579132
5     32     2.08342552185
6     32     2.09606647491
7     32     2.09983825684
8     32     2.10028886795
9     32     2.10039615631
10     32     2.10039615631
11     32     2.10039615631
12     32     2.10039615631
13     32     2.10039615631
14     32     2.10039615631
15     32     2.10039615631
16     32     2.10039615631
17     32     2.10039615631
18     32     2.1003985405
19     32     2.10045337677
20     32     2.10105657578
21     32     2.10488557816
22     32     2.12403059006
23     32     2.19182491302
24     32     2.39520788193
25     32     2.86688327789
26     32     3.81023406982
27     32     5.34209728241
28     32     7.48670578003
29     32     10
30     32     7.48670578003
31     32     5.34209728241
32     32     3.81023406982
33     32     2.86688327789
34     32     2.39520788193
35     32     2.19182491302
36     32     2.12403059006
37     32     2.10488557816
38     32     2.10105657578
39     32     2.10045337677
40     32     2.1003985405
41     32     2.10039615631
42     32     2.10039615631
43     32     2.10039615631
44     32     2.10039615631
45     32     2.10039615631
46     32     2.10039615631
47     32     2.10039615631
48     32     2.10039615631
49     32     2.10039615631
50     32     2.10039615631
51     32     2.10028886795
52     32     2.09983825684
53     32     2.09606647491
54     32     2.08342552185
55     32     2.03411579132
56     32     1.90511703491
57     32     1.58628940582
58     32     0.967493057251
59     32     0

0     33     0
1     33     0.401210784912
2     33     0.684661865234
3     33     0.832767486572
4     33     0.901184082031
5     33     0.922679901123
6     33     0.930023193359
7     33     0.93111038208
8     33     0.931396484375
9     33     0.931396484375
10     33     0.931396484375
11     33     0.931396484375
12     33     0.931396484375
13     33     0.931396484375
14     33     0.931396484375
15     33     0.931396484375
16     33     0.931396484375
17     33     0.931396484375
18     33     0.931398868561
19     33     0.931453704834
20     33     0.932056903839
21     33     0.936279296875
22     33     0.956604480743
23     33     1.03384017944
24     33     1.25799417496
25     33     1.80236816406
26     33     2.86688327789
27     33     4.64107513428
28     33     7.09724903107
29     33     10
30     33     7.09724903107
31     33     4.64107513428
32     33     2.86688327789
33     33     1.80236816406
34     33     1.25799417496
35     33     1.03384017944
36     33     0.956604480743
37     33     0.936279296875
38     33     0.932056903839
39     33     0.931453704834
40     33     0.931398868561
41     33     0.931396484375
42     33     0.931396484375
43     33     0.931396484375
44     33     0.931396484375
45     33     0.931396484375
46     33     0.931396484375
47     33     0.931396484375
48     33     0.931396484375
49     33     0.931396484375
50     33     0.931396484375
51     33     0.931396484375
52     33     0.93111038208
53     33     0.930023193359
54     33     0.922679901123
55     33     0.901184082031
56     33     0.832767486572
57     33     0.684661865234
58     33     0.401210784912
59     33     0

0     34     0
1     34     0.147416591644
2     34     0.251581668854
3     34     0.311782360077
4     34     0.335314273834
5     34     0.344693660736
6     34     0.346395969391
7     34     0.346896648407
8     34     0.346896648407
9     34     0.346896648407
10     34     0.346896648407
11     34     0.346896648407
12     34     0.346896648407
13     34     0.346896648407
14     34     0.346896648407
15     34     0.346896648407
16     34     0.346896648407
17     34     0.346896648407
18     34     0.346899032593
19     34     0.346953868866
20     34     0.347557067871
21     34     0.351779460907
22     34     0.372891426086
23     34     0.452015399933
24     34     0.689387321472
25     34     1.25799417496
26     34     2.39520788193
27     34     4.27325487137
28     34     6.90252065659
29     34     10
30     34     6.90252065659
31     34     4.27325487137
32     34     2.39520788193
33     34     1.25799417496
34     34     0.689387321472
35     34     0.452015399933
36     34     0.372891426086
37     34     0.351779460907
38     34     0.347557067871
39     34     0.346953868866
40     34     0.346899032593
41     34     0.346896648407
42     34     0.346896648407
43     34     0.346896648407
44     34     0.346896648407
45     34     0.346896648407
46     34     0.346896648407
47     34     0.346896648407
48     34     0.346896648407
49     34     0.346896648407
50     34     0.346896648407
51     34     0.346896648407
52     34     0.346896648407
53     34     0.346395969391
54     34     0.344693660736
55     34     0.335314273834
56     34     0.311782360077
57     34     0.251581668854
58     34     0.147416591644
59     34     0

0     35     0
1     35     0.0450563430786
2     35     0.0788307189941
3     35     0.0957584381104
4     35     0.103816986084
5     35     0.105619430542
6     35     0.106220245361
7     35     0.106220245361
8     35     0.106220245361
9     35     0.106220245361
10     35     0.106220245361
11     35     0.106220245361
12     35     0.106220245361
13     35     0.106220245361
14     35     0.106220245361
15     35     0.106220245361
16     35     0.106220245361
17     35     0.106220245361
18     35     0.106222629547
19     35     0.10627746582
20     35     0.106880664825
21     35     0.111103057861
22     35     0.132215023041
23     35     0.212440490723
24     35     0.452015399933
25     35     1.03384017944
26     35     2.19182491302
27     35     4.12179946899
28     35     6.81597471237
29     35     10
30     35     6.81597471237
31     35     4.12179946899
32     35     2.19182491302
33     35     1.03384017944
34     35     0.452015399933
35     35     0.212440490723
36     35     0.132215023041
37     35     0.111103057861
38     35     0.106880664825
39     35     0.10627746582
40     35     0.106222629547
41     35     0.106220245361
42     35     0.106220245361
43     35     0.106220245361
44     35     0.106220245361
45     35     0.106220245361
46     35     0.106220245361
47     35     0.106220245361
48     35     0.106220245361
49     35     0.106220245361
50     35     0.106220245361
51     35     0.106220245361
52     35     0.106220245361
53     35     0.106220245361
54     35     0.105619430542
55     35     0.103816986084
56     35     0.0957584381104
57     35     0.0788307189941
58     35     0.0450563430786
59     35     0

0     36     0
1     36     0.0116753578186
2     36     0.0195693969727
3     36     0.0241923332214
4     36     0.0254940986633
5     36     0.0259947776794
6     36     0.0259947776794
7     36     0.0259947776794
8     36     0.0259947776794
9     36     0.0259947776794
10     36     0.0259947776794
11     36     0.0259947776794
12     36     0.0259947776794
13     36     0.0259947776794
14     36     0.0259947776794
15     36     0.0259947776794
16     36     0.0259947776794
17     36     0.0259947776794
18     36     0.0259971618652
19     36     0.0260519981384
20     36     0.0266551971436
21     36     0.0308775901794
22     36     0.0519895553589
23     36     0.132215023041
24     36     0.372891426086
25     36     0.956604480743
26     36     2.12403059006
27     36     4.06698703766
28     36     6.7871260643
29     36     10
30     36     6.7871260643
31     36     4.06698703766
32     36     2.12403059006
33     36     0.956604480743
34     36     0.372891426086
35     36     0.132215023041
36     36     0.0519895553589
37     36     0.0308775901794
38     36     0.0266551971436
39     36     0.0260519981384
40     36     0.0259971618652
41     36     0.0259947776794
42     36     0.0259947776794
43     36     0.0259947776794
44     36     0.0259947776794
45     36     0.0259947776794
46     36     0.0259947776794
47     36     0.0259947776794
48     36     0.0259947776794
49     36     0.0259947776794
50     36     0.0259947776794
51     36     0.0259947776794
52     36     0.0259947776794
53     36     0.0259947776794
54     36     0.0259947776794
55     36     0.0254940986633
56     36     0.0241923332214
57     36     0.0195693969727
58     36     0.0116753578186
59     36     0

0     37     0
1     37     0.00226974487305
2     37     0.00396728515625
3     37     0.00459671020508
4     37     0.0048828125
5     37     0.0048828125
6     37     0.0048828125
7     37     0.0048828125
8     37     0.0048828125
9     37     0.0048828125
10     37     0.0048828125
11     37     0.0048828125
12     37     0.0048828125
13     37     0.0048828125
14     37     0.0048828125
15     37     0.0048828125
16     37     0.0048828125
17     37     0.0048828125
18     37     0.00488519668579
19     37     0.00494003295898
20     37     0.00554323196411
21     37     0.009765625
22     37     0.0308775901794
23     37     0.111103057861
24     37     0.351779460907
25     37     0.936279296875
26     37     2.10488557816
27     37     4.05256271362
28     37     6.77847146988
29     37     10
30     37     6.77847146988
31     37     4.05256271362
32     37     2.10488557816
33     37     0.936279296875
34     37     0.351779460907
35     37     0.111103057861
36     37     0.0308775901794
37     37     0.009765625
38     37     0.00554323196411
39     37     0.00494003295898
40     37     0.00488519668579
41     37     0.0048828125
42     37     0.0048828125
43     37     0.0048828125
44     37     0.0048828125
45     37     0.0048828125
46     37     0.0048828125
47     37     0.0048828125
48     37     0.0048828125
49     37     0.0048828125
50     37     0.0048828125
51     37     0.0048828125
52     37     0.0048828125
53     37     0.0048828125
54     37     0.0048828125
55     37     0.0048828125
56     37     0.00459671020508
57     37     0.00396728515625
58     37     0.00226974487305
59     37     0

0     38     0
1     38     0.000360012054443
2     38     0.000553131103516
3     38     0.000660419464111
4     38     0.000660419464111
5     38     0.000660419464111
6     38     0.000660419464111
7     38     0.000660419464111
8     38     0.000660419464111
9     38     0.000660419464111
10     38     0.000660419464111
11     38     0.000660419464111
12     38     0.000660419464111
13     38     0.000660419464111
14     38     0.000660419464111
15     38     0.000660419464111
16     38     0.000660419464111
17     38     0.000660419464111
18     38     0.000662803649902
19     38     0.000717639923096
20     38     0.00132083892822
21     38     0.00554323196411
22     38     0.0266551971436
23     38     0.106880664825
24     38     0.347557067871
25     38     0.932056903839
26     38     2.10105657578
27     38     4.04925823212
28     38     6.77674055099
29     38     10
30     38     6.77674055099
31     38     4.04925823212
32     38     2.10105657578
33     38     0.932056903839
34     38     0.347557067871
35     38     0.106880664825
36     38     0.0266551971436
37     38     0.00554323196411
38     38     0.00132083892822
39     38     0.000717639923096
40     38     0.000662803649902
41     38     0.000660419464111
42     38     0.000660419464111
43     38     0.000660419464111
44     38     0.000660419464111
45     38     0.000660419464111
46     38     0.000660419464111
47     38     0.000660419464111
48     38     0.000660419464111
49     38     0.000660419464111
50     38     0.000660419464111
51     38     0.000660419464111
52     38     0.000660419464111
53     38     0.000660419464111
54     38     0.000660419464111
55     38     0.000660419464111
56     38     0.000660419464111
57     38     0.000553131103516
58     38     0.000360012054443
59     38     0

0     39     0
1     39     3.33786010742e-05
2     39     5.72204589844e-05
3     39     5.72204589844e-05
4     39     5.72204589844e-05
5     39     5.72204589844e-05
6     39     5.72204589844e-05
7     39     5.72204589844e-05
8     39     5.72204589844e-05
9     39     5.72204589844e-05
10     39     5.72204589844e-05
11     39     5.72204589844e-05
12     39     5.72204589844e-05
13     39     5.72204589844e-05
14     39     5.72204589844e-05
15     39     5.72204589844e-05
16     39     5.72204589844e-05
17     39     5.72204589844e-05
18     39     5.96046447754e-05
19     39     0.000114440917969
20     39     0.000717639923096
21     39     0.00494003295898
22     39     0.0260519981384
23     39     0.10627746582
24     39     0.346953868866
25     39     0.931453704834
26     39     2.10045337677
27     39     4.04878616333
28     39     6.77642583847
29     39     10
30     39     6.77642583847
31     39     4.04878616333
32     39     2.10045337677
33     39     0.931453704834
34     39     0.346953868866
35     39     0.10627746582
36     39     0.0260519981384
37     39     0.00494003295898
38     39     0.000717639923096
39     39     0.000114440917969
40     39     5.96046447754e-05
41     39     5.72204589844e-05
42     39     5.72204589844e-05
43     39     5.72204589844e-05
44     39     5.72204589844e-05
45     39     5.72204589844e-05
46     39     5.72204589844e-05
47     39     5.72204589844e-05
48     39     5.72204589844e-05
49     39     5.72204589844e-05
50     39     5.72204589844e-05
51     39     5.72204589844e-05
52     39     5.72204589844e-05
53     39     5.72204589844e-05
54     39     5.72204589844e-05
55     39     5.72204589844e-05
56     39     5.72204589844e-05
57     39     5.72204589844e-05
58     39     3.33786010742e-05
59     39     0

0     40     0
1     40     2.38418579102e-06
2     40     2.38418579102e-06
3     40     2.38418579102e-06
4     40     2.38418579102e-06
5     40     2.38418579102e-06
6     40     2.38418579102e-06
7     40     2.38418579102e-06
8     40     2.38418579102e-06
9     40     2.38418579102e-06
10     40     2.38418579102e-06
11     40     2.38418579102e-06
12     40     2.38418579102e-06
13     40     2.38418579102e-06
14     40     2.38418579102e-06
15     40     2.38418579102e-06
16     40     2.38418579102e-06
17     40     2.38418579102e-06
18     40     4.76837158203e-06
19     40     5.96046447754e-05
20     40     0.000662803649902
21     40     0.00488519668579
22     40     0.0259971618652
23     40     0.106222629547
24     40     0.346899032593
25     40     0.931398868561
26     40     2.1003985405
27     40     4.04873132706
28     40     6.77639722824
29     40     10
30     40     6.77639722824
31     40     4.04873132706
32     40     2.1003985405
33     40     0.931398868561
34     40     0.346899032593
35     40     0.106222629547
36     40     0.0259971618652
37     40     0.00488519668579
38     40     0.000662803649902
39     40     5.96046447754e-05
40     40     4.76837158203e-06
41     40     2.38418579102e-06
42     40     2.38418579102e-06
43     40     2.38418579102e-06
44     40     2.38418579102e-06
45     40     2.38418579102e-06
46     40     2.38418579102e-06
47     40     2.38418579102e-06
48     40     2.38418579102e-06
49     40     2.38418579102e-06
50     40     2.38418579102e-06
51     40     2.38418579102e-06
52     40     2.38418579102e-06
53     40     2.38418579102e-06
54     40     2.38418579102e-06
55     40     2.38418579102e-06
56     40     2.38418579102e-06
57     40     2.38418579102e-06
58     40     2.38418579102e-06
59     40     0

0     41     0
1     41     0.0
2     41     0.0
3     41     0.0
4     41     0.0
5     41     0.0
6     41     0.0
7     41     0.0
8     41     0.0
9     41     0.0
10     41     0.0
11     41     0.0
12     41     0.0
13     41     0.0
14     41     0.0
15     41     0.0
16     41     0.0
17     41     0.0
18     41     2.38418579102e-06
19     41     5.72204589844e-05
20     41     0.000660419464111
21     41     0.0048828125
22     41     0.0259947776794
23     41     0.106220245361
24     41     0.346896648407
25     41     0.931396484375
26     41     2.10039615631
27     41     4.04872894287
28     41     6.77639484406
29     41     10
30     41     6.77639484406
31     41     4.04872894287
32     41     2.10039615631
33     41     0.931396484375
34     41     0.346896648407
35     41     0.106220245361
36     41     0.0259947776794
37     41     0.0048828125
38     41     0.000660419464111
39     41     5.72204589844e-05
40     41     2.38418579102e-06
41     41     0.0
42     41     0.0
43     41     0.0
44     41     0.0
45     41     0.0
46     41     0.0
47     41     0.0
48     41     0.0
49     41     0.0
50     41     0.0
51     41     0.0
52     41     0.0
53     41     0.0
54     41     0.0
55     41     0.0
56     41     0.0
57     41     0.0
58     41     0.0
59     41     0

0     42     0
1     42     0.0
2     42     0.0
3     42     0.0
4     42     0.0
5     42     0.0
6     42     0.0
7     42     0.0
8     42     0.0
9     42     0.0
10     42     0.0
11     42     0.0
12     42     0.0
13     42     0.0
14     42     0.0
15     42     0.0
16     42     0.0
17     42     0.0
18     42     2.38418579102e-06
19     42     5.72204589844e-05
20     42     0.000660419464111
21     42     0.0048828125
22     42     0.0259947776794
23     42     0.106220245361
24     42     0.346896648407
25     42     0.931396484375
26     42     2.10039615631
27     42     4.04872894287
28     42     6.77639484406
29     42     10
30     42     6.77639484406
31     42     4.04872894287
32     42     2.10039615631
33     42     0.931396484375
34     42     0.346896648407
35     42     0.106220245361
36     42     0.0259947776794
37     42     0.0048828125
38     42     0.000660419464111
39     42     5.72204589844e-05
40     42     2.38418579102e-06
41     42     0.0
42     42     0.0
43     42     0.0
44     42     0.0
45     42     0.0
46     42     0.0
47     42     0.0
48     42     0.0
49     42     0.0
50     42     0.0
51     42     0.0
52     42     0.0
53     42     0.0
54     42     0.0
55     42     0.0
56     42     0.0
57     42     0.0
58     42     0.0
59     42     0

0     43     0
1     43     0.0
2     43     0.0
3     43     0.0
4     43     0.0
5     43     0.0
6     43     0.0
7     43     0.0
8     43     0.0
9     43     0.0
10     43     0.0
11     43     0.0
12     43     0.0
13     43     0.0
14     43     0.0
15     43     0.0
16     43     0.0
17     43     0.0
18     43     2.38418579102e-06
19     43     5.72204589844e-05
20     43     0.000660419464111
21     43     0.0048828125
22     43     0.0259947776794
23     43     0.106220245361
24     43     0.346896648407
25     43     0.931396484375
26     43     2.10039615631
27     43     4.04872894287
28     43     6.77639484406
29     43     10
30     43     6.77639484406
31     43     4.04872894287
32     43     2.10039615631
33     43     0.931396484375
34     43     0.346896648407
35     43     0.106220245361
36     43     0.0259947776794
37     43     0.0048828125
38     43     0.000660419464111
39     43     5.72204589844e-05
40     43     2.38418579102e-06
41     43     0.0
42     43     0.0
43     43     0.0
44     43     0.0
45     43     0.0
46     43     0.0
47     43     0.0
48     43     0.0
49     43     0.0
50     43     0.0
51     43     0.0
52     43     0.0
53     43     0.0
54     43     0.0
55     43     0.0
56     43     0.0
57     43     0.0
58     43     0.0
59     43     0

0     44     0
1     44     0.0
2     44     0.0
3     44     0.0
4     44     0.0
5     44     0.0
6     44     0.0
7     44     0.0
8     44     0.0
9     44     0.0
10     44     0.0
11     44     0.0
12     44     0.0
13     44     0.0
14     44     0.0
15     44     0.0
16     44     0.0
17     44     0.0
18     44     2.38418579102e-06
19     44     5.72204589844e-05
20     44     0.000660419464111
21     44     0.0048828125
22     44     0.0259947776794
23     44     0.106220245361
24     44     0.346896648407
25     44     0.931396484375
26     44     2.10039615631
27     44     4.04872894287
28     44     6.77639484406
29     44     10
30     44     6.77639484406
31     44     4.04872894287
32     44     2.10039615631
33     44     0.931396484375
34     44     0.346896648407
35     44     0.106220245361
36     44     0.0259947776794
37     44     0.0048828125
38     44     0.000660419464111
39     44     5.72204589844e-05
40     44     2.38418579102e-06
41     44     0.0
42     44     0.0
43     44     0.0
44     44     0.0
45     44     0.0
46     44     0.0
47     44     0.0
48     44     0.0
49     44     0.0
50     44     0.0
51     44     0.0
52     44     0.0
53     44     0.0
54     44     0.0
55     44     0.0
56     44     0.0
57     44     0.0
58     44     0.0
59     44     0

0     45     0
1     45     0.0
2     45     0.0
3     45     0.0
4     45     0.0
5     45     0.0
6     45     0.0
7     45     0.0
8     45     0.0
9     45     0.0
10     45     0.0
11     45     0.0
12     45     0.0
13     45     0.0
14     45     0.0
15     45     0.0
16     45     0.0
17     45     0.0
18     45     2.38418579102e-06
19     45     5.72204589844e-05
20     45     0.000660419464111
21     45     0.0048828125
22     45     0.0259947776794
23     45     0.106220245361
24     45     0.346896648407
25     45     0.931396484375
26     45     2.10039615631
27     45     4.04872894287
28     45     6.77639484406
29     45     10
30     45     6.77639484406
31     45     4.04872894287
32     45     2.10039615631
33     45     0.931396484375
34     45     0.346896648407
35     45     0.106220245361
36     45     0.0259947776794
37     45     0.0048828125
38     45     0.000660419464111
39     45     5.72204589844e-05
40     45     2.38418579102e-06
41     45     0.0
42     45     0.0
43     45     0.0
44     45     0.0
45     45     0.0
46     45     0.0
47     45     0.0
48     45     0.0
49     45     0.0
50     45     0.0
51     45     0.0
52     45     0.0
53     45     0.0
54     45     0.0
55     45     0.0
56     45     0.0
57     45     0.0
58     45     0.0
59     45     0

0     46     0
1     46     0.0
2     46     0.0
3     46     0.0
4     46     0.0
5     46     0.0
6     46     0.0
7     46     0.0
8     46     0.0
9     46     0.0
10     46     0.0
11     46     0.0
12     46     0.0
13     46     0.0
14     46     0.0
15     46     0.0
16     46     0.0
17     46     0.0
18     46     2.38418579102e-06
19     46     5.72204589844e-05
20     46     0.000660419464111
21     46     0.0048828125
22     46     0.0259947776794
23     46     0.106220245361
24     46     0.346896648407
25     46     0.931396484375
26     46     2.10039615631
27     46     4.04872894287
28     46     6.77639484406
29     46     10
30     46     6.77639484406
31     46     4.04872894287
32     46     2.10039615631
33     46     0.931396484375
34     46     0.346896648407
35     46     0.106220245361
36     46     0.0259947776794
37     46     0.0048828125
38     46     0.000660419464111
39     46     5.72204589844e-05
40     46     2.38418579102e-06
41     46     0.0
42     46     0.0
43     46     0.0
44     46     0.0
45     46     0.0
46     46     0.0
47     46     0.0
48     46     0.0
49     46     0.0
50     46     0.0
51     46     0.0
52     46     0.0
53     46     0.0
54     46     0.0
55     46     0.0
56     46     0.0
57     46     0.0
58     46     0.0
59     46     0

0     47     0
1     47     0.0
2     47     0.0
3     47     0.0
4     47     0.0
5     47     0.0
6     47     0.0
7     47     0.0
8     47     0.0
9     47     0.0
10     47     0.0
11     47     0.0
12     47     0.0
13     47     0.0
14     47     0.0
15     47     0.0
16     47     0.0
17     47     0.0
18     47     2.38418579102e-06
19     47     5.72204589844e-05
20     47     0.000660419464111
21     47     0.0048828125
22     47     0.0259947776794
23     47     0.106220245361
24     47     0.346896648407
25     47     0.931396484375
26     47     2.10039615631
27     47     4.04872894287
28     47     6.77639484406
29     47     10
30     47     6.77639484406
31     47     4.04872894287
32     47     2.10039615631
33     47     0.931396484375
34     47     0.346896648407
35     47     0.106220245361
36     47     0.0259947776794
37     47     0.0048828125
38     47     0.000660419464111
39     47     5.72204589844e-05
40     47     2.38418579102e-06
41     47     0.0
42     47     0.0
43     47     0.0
44     47     0.0
45     47     0.0
46     47     0.0
47     47     0.0
48     47     0.0
49     47     0.0
50     47     0.0
51     47     0.0
52     47     0.0
53     47     0.0
54     47     0.0
55     47     0.0
56     47     0.0
57     47     0.0
58     47     0.0
59     47     0

0     48     0
1     48     0.0
2     48     0.0
3     48     0.0
4     48     0.0
5     48     0.0
6     48     0.0
7     48     0.0
8     48     0.0
9     48     0.0
10     48     0.0
11     48     0.0
12     48     0.0
13     48     0.0
14     48     0.0
15     48     0.0
16     48     0.0
17     48     0.0
18     48     2.38418579102e-06
19     48     5.72204589844e-05
20     48     0.000660419464111
21     48     0.0048828125
22     48     0.0259947776794
23     48     0.106220245361
24     48     0.346896648407
25     48     0.931396484375
26     48     2.10039615631
27     48     4.04872894287
28     48     6.77639484406
29     48     10
30     48     6.77639484406
31     48     4.04872894287
32     48     2.10039615631
33     48     0.931396484375
34     48     0.346896648407
35     48     0.106220245361
36     48     0.0259947776794
37     48     0.0048828125
38     48     0.000660419464111
39     48     5.72204589844e-05
40     48     2.38418579102e-06
41     48     0.0
42     48     0.0
43     48     0.0
44     48     0.0
45     48     0.0
46     48     0.0
47     48     0.0
48     48     0.0
49     48     0.0
50     48     0.0
51     48     0.0
52     48     0.0
53     48     0.0
54     48     0.0
55     48     0.0
56     48     0.0
57     48     0.0
58     48     0.0
59     48     0

0     49     0
1     49     0.0
2     49     0.0
3     49     0.0
4     49     0.0
5     49     0.0
6     49     0.0
7     49     0.0
8     49     0.0
9     49     0.0
10     49     0.0
11     49     0.0
12     49     0.0
13     49     0.0
14     49     0.0
15     49     0.0
16     49     0.0
17     49     0.0
18     49     2.38418579102e-06
19     49     5.72204589844e-05
20     49     0.000660419464111
21     49     0.0048828125
22     49     0.0259947776794
23     49     0.106220245361
24     49     0.346896648407
25     49     0.931396484375
26     49     2.10039615631
27     49     4.04872894287
28     49     6.77639245987
29     49     10
30     49     6.77639245987
31     49     4.04872894287
32     49     2.10039615631
33     49     0.931396484375
34     49     0.346896648407
35     49     0.106220245361
36     49     0.0259947776794
37     49     0.0048828125
38     49     0.000660419464111
39     49     5.72204589844e-05
40     49     2.38418579102e-06
41     49     0.0
42     49     0.0
43     49     0.0
44     49     0.0
45     49     0.0
46     49     0.0
47     49     0.0
48     49     0.0
49     49     0.0
50     49     0.0
51     49     0.0
52     49     0.0
53     49     0.0
54     49     0.0
55     49     0.0
56     49     0.0
57     49     0.0
58     49     0.0
59     49     0

0     50     0
1     50     0.0
2     50     0.0
3     50     0.0
4     50     0.0
5     50     0.0
6     50     0.0
7     50     0.0
8     50     0.0
9     50     0.0
10     50     0.0
11     50     0.0
12     50     0.0
13     50     0.0
14     50     0.0
15     50     0.0
16     50     0.0
17     50     0.0
18     50     2.38418579102e-06
19     50     5.72204589844e-05
20     50     0.000660419464111
21     50     0.0048828125
22     50     0.0259947776794
23     50     0.106220245361
24     50     0.346896648407
25     50     0.931396484375
26     50     2.10039615631
27     50     4.04870510101
28     50     6.77638053894
29     50     10
30     50     6.77638053894
31     50     4.04870510101
32     50     2.10039615631
33     50     0.931396484375
34     50     0.346896648407
35     50     0.106220245361
36     50     0.0259947776794
37     50     0.0048828125
38     50     0.000660419464111
39     50     5.72204589844e-05
40     50     2.38418579102e-06
41     50     0.0
42     50     0.0
43     50     0.0
44     50     0.0
45     50     0.0
46     50     0.0
47     50     0.0
48     50     0.0
49     50     0.0
50     50     0.0
51     50     0.0
52     50     0.0
53     50     0.0
54     50     0.0
55     50     0.0
56     50     0.0
57     50     0.0
58     50     0.0
59     50     0

0     51     0
1     51     0.0
2     51     0.0
3     51     0.0
4     51     0.0
5     51     0.0
6     51     0.0
7     51     0.0
8     51     0.0
9     51     0.0
10     51     0.0
11     51     0.0
12     51     0.0
13     51     0.0
14     51     0.0
15     51     0.0
16     51     0.0
17     51     0.0
18     51     2.38418579102e-06
19     51     5.72204589844e-05
20     51     0.000660419464111
21     51     0.0048828125
22     51     0.0259947776794
23     51     0.106220245361
24     51     0.346896648407
25     51     0.931396484375
26     51     2.10028886795
27     51     4.04859542847
28     51     6.77620172501
29     51     10
30     51     6.77620172501
31     51     4.04859542847
32     51     2.10028886795
33     51     0.931396484375
34     51     0.346896648407
35     51     0.106220245361
36     51     0.0259947776794
37     51     0.0048828125
38     51     0.000660419464111
39     51     5.72204589844e-05
40     51     2.38418579102e-06
41     51     0.0
42     51     0.0
43     51     0.0
44     51     0.0
45     51     0.0
46     51     0.0
47     51     0.0
48     51     0.0
49     51     0.0
50     51     0.0
51     51     0.0
52     51     0.0
53     51     0.0
54     51     0.0
55     51     0.0
56     51     0.0
57     51     0.0
58     51     0.0
59     51     0

0     52     0
1     52     0.0
2     52     0.0
3     52     0.0
4     52     0.0
5     52     0.0
6     52     0.0
7     52     0.0
8     52     0.0
9     52     0.0
10     52     0.0
11     52     0.0
12     52     0.0
13     52     0.0
14     52     0.0
15     52     0.0
16     52     0.0
17     52     0.0
18     52     2.38418579102e-06
19     52     5.72204589844e-05
20     52     0.000660419464111
21     52     0.0048828125
22     52     0.0259947776794
23     52     0.106220245361
24     52     0.346896648407
25     52     0.93111038208
26     52     2.09983825684
27     52     4.04741764069
28     52     6.77545070648
29     52     10
30     52     6.77545070648
31     52     4.04741764069
32     52     2.09983825684
33     52     0.93111038208
34     52     0.346896648407
35     52     0.106220245361
36     52     0.0259947776794
37     52     0.0048828125
38     52     0.000660419464111
39     52     5.72204589844e-05
40     52     2.38418579102e-06
41     52     0.0
42     52     0.0
43     52     0.0
44     52     0.0
45     52     0.0
46     52     0.0
47     52     0.0
48     52     0.0
49     52     0.0
50     52     0.0
51     52     0.0
52     52     0.0
53     52     0.0
54     52     0.0
55     52     0.0
56     52     0.0
57     52     0.0
58     52     0.0
59     52     0

0     53     0
1     53     0.0
2     53     0.0
3     53     0.0
4     53     0.0
5     53     0.0
6     53     0.0
7     53     0.0
8     53     0.0
9     53     0.0
10     53     0.0
11     53     0.0
12     53     0.0
13     53     0.0
14     53     0.0
15     53     0.0
16     53     0.0
17     53     0.0
18     53     2.38418579102e-06
19     53     5.72204589844e-05
20     53     0.000660419464111
21     53     0.0048828125
22     53     0.0259947776794
23     53     0.106220245361
24     53     0.346395969391
25     53     0.930023193359
26     53     2.09606647491
27     53     4.04296875
28     53     6.77091836929
29     53     10
30     53     6.77091836929
31     53     4.04296875
32     53     2.09606647491
33     53     0.930023193359
34     53     0.346395969391
35     53     0.106220245361
36     53     0.0259947776794
37     53     0.0048828125
38     53     0.000660419464111
39     53     5.72204589844e-05
40     53     2.38418579102e-06
41     53     0.0
42     53     0.0
43     53     0.0
44     53     0.0
45     53     0.0
46     53     0.0
47     53     0.0
48     53     0.0
49     53     0.0
50     53     0.0
51     53     0.0
52     53     0.0
53     53     0.0
54     53     0.0
55     53     0.0
56     53     0.0
57     53     0.0
58     53     0.0
59     53     0

0     54     0
1     54     0.0
2     54     0.0
3     54     0.0
4     54     0.0
5     54     0.0
6     54     0.0
7     54     0.0
8     54     0.0
9     54     0.0
10     54     0.0
11     54     0.0
12     54     0.0
13     54     0.0
14     54     0.0
15     54     0.0
16     54     0.0
17     54     0.0
18     54     2.38418579102e-06
19     54     5.72204589844e-05
20     54     0.000660419464111
21     54     0.0048828125
22     54     0.0259947776794
23     54     0.105619430542
24     54     0.344693660736
25     54     0.922679901123
26     54     2.08342552185
27     54     4.02167320251
28     54     6.75510406494
29     54     10
30     54     6.75510406494
31     54     4.02167320251
32     54     2.08342552185
33     54     0.922679901123
34     54     0.344693660736
35     54     0.105619430542
36     54     0.0259947776794
37     54     0.0048828125
38     54     0.000660419464111
39     54     5.72204589844e-05
40     54     2.38418579102e-06
41     54     0.0
42     54     0.0
43     54     0.0
44     54     0.0
45     54     0.0
46     54     0.0
47     54     0.0
48     54     0.0
49     54     0.0
50     54     0.0
51     54     0.0
52     54     0.0
53     54     0.0
54     54     0.0
55     54     0.0
56     54     0.0
57     54     0.0
58     54     0.0
59     54     0

0     55     0
1     55     0.0
2     55     0.0
3     55     0.0
4     55     0.0
5     55     0.0
6     55     0.0
7     55     0.0
8     55     0.0
9     55     0.0
10     55     0.0
11     55     0.0
12     55     0.0
13     55     0.0
14     55     0.0
15     55     0.0
16     55     0.0
17     55     0.0
18     55     2.38418579102e-06
19     55     5.72204589844e-05
20     55     0.000660419464111
21     55     0.0048828125
22     55     0.0254940986633
23     55     0.103816986084
24     55     0.335314273834
25     55     0.901184082031
26     55     2.03411579132
27     55     3.95641326904
28     55     6.69603824615
29     55     10
30     55     6.69603824615
31     55     3.95641326904
32     55     2.03411579132
33     55     0.901184082031
34     55     0.335314273834
35     55     0.103816986084
36     55     0.0254940986633
37     55     0.0048828125
38     55     0.000660419464111
39     55     5.72204589844e-05
40     55     2.38418579102e-06
41     55     0.0
42     55     0.0
43     55     0.0
44     55     0.0
45     55     0.0
46     55     0.0
47     55     0.0
48     55     0.0
49     55     0.0
50     55     0.0
51     55     0.0
52     55     0.0
53     55     0.0
54     55     0.0
55     55     0.0
56     55     0.0
57     55     0.0
58     55     0.0
59     55     0

0     56     0
1     56     0.0
2     56     0.0
3     56     0.0
4     56     0.0
5     56     0.0
6     56     0.0
7     56     0.0
8     56     0.0
9     56     0.0
10     56     0.0
11     56     0.0
12     56     0.0
13     56     0.0
14     56     0.0
15     56     0.0
16     56     0.0
17     56     0.0
18     56     2.38418579102e-06
19     56     5.72204589844e-05
20     56     0.000660419464111
21     56     0.00459671020508
22     56     0.0241923332214
23     56     0.0957584381104
24     56     0.311782360077
25     56     0.832767486572
26     56     1.90511703491
27     56     3.75580787659
28     56     6.51921272278
29     56     10
30     56     6.51921272278
31     56     3.75580787659
32     56     1.90511703491
33     56     0.832767486572
34     56     0.311782360077
35     56     0.0957584381104
36     56     0.0241923332214
37     56     0.00459671020508
38     56     0.000660419464111
39     56     5.72204589844e-05
40     56     2.38418579102e-06
41     56     0.0
42     56     0.0
43     56     0.0
44     56     0.0
45     56     0.0
46     56     0.0
47     56     0.0
48     56     0.0
49     56     0.0
50     56     0.0
51     56     0.0
52     56     0.0
53     56     0.0
54     56     0.0
55     56     0.0
56     56     0.0
57     56     0.0
58     56     0.0
59     56     0

0     57     0
1     57     0.0
2     57     0.0
3     57     0.0
4     57     0.0
5     57     0.0
6     57     0.0
7     57     0.0
8     57     0.0
9     57     0.0
10     57     0.0
11     57     0.0
12     57     0.0
13     57     0.0
14     57     0.0
15     57     0.0
16     57     0.0
17     57     0.0
18     57     2.38418579102e-06
19     57     5.72204589844e-05
20     57     0.000553131103516
21     57     0.00396728515625
22     57     0.0195693969727
23     57     0.0788307189941
24     57     0.251581668854
25     57     0.684661865234
26     57     1.58628940582
27     57     3.25523376465
28     57     5.99369049072
29     57     10
30     57     5.99369049072
31     57     3.25523376465
32     57     1.58628940582
33     57     0.684661865234
34     57     0.251581668854
35     57     0.0788307189941
36     57     0.0195693969727
37     57     0.00396728515625
38     57     0.000553131103516
39     57     5.72204589844e-05
40     57     2.38418579102e-06
41     57     0.0
42     57     0.0
43     57     0.0
44     57     0.0
45     57     0.0
46     57     0.0
47     57     0.0
48     57     0.0
49     57     0.0
50     57     0.0
51     57     0.0
52     57     0.0
53     57     0.0
54     57     0.0
55     57     0.0
56     57     0.0
57     57     0.0
58     57     0.0
59     57     0

0     58     0
1     58     0.0
2     58     0.0
3     58     0.0
4     58     0.0
5     58     0.0
6     58     0.0
7     58     0.0
8     58     0.0
9     58     0.0
10     58     0.0
11     58     0.0
12     58     0.0
13     58     0.0
14     58     0.0
15     58     0.0
16     58     0.0
17     58     0.0
18     58     2.38418579102e-06
19     58     3.33786010742e-05
20     58     0.000360012054443
21     58     0.00226974487305
22     58     0.0116753578186
23     58     0.0450563430786
24     58     0.147416591644
25     58     0.401210784912
26     58     0.967493057251
27     58     2.11614608765
28     58     4.49110984802
29     58     10
30     58     4.49110984802
31     58     2.11614608765
32     58     0.967493057251
33     58     0.401210784912
34     58     0.147416591644
35     58     0.0450563430786
36     58     0.0116753578186
37     58     0.00226974487305
38     58     0.000360012054443
39     58     3.33786010742e-05
40     58     2.38418579102e-06
41     58     0.0
42     58     0.0
43     58     0.0
44     58     0.0
45     58     0.0
46     58     0.0
47     58     0.0
48     58     0.0
49     58     0.0
50     58     0.0
51     58     0.0
52     58     0.0
53     58     0.0
54     58     0.0
55     58     0.0
56     58     0.0
57     58     0.0
58     58     0.0
59     58     0

0     59     0
1     59     0
2     59     0
3     59     0
4     59     0
5     59     0
6     59     0
7     59     0
8     59     0
9     59     0
10     59     0
11     59     0
12     59     0
13     59     0
14     59     0
15     59     0
16     59     0
17     59     0
18     59     0
19     59     0
20     59     0
21     59     0
22     59     0
23     59     0
24     59     0
25     59     0
26     59     0
27     59     0
28     59     0
29     59     0
30     59     0
31     59     0
32     59     0
33     59     0
34     59     0
35     59     0
36     59     0
37     59     0
38     59     0
39     59     0
40     59     0
41     59     0
42     59     0
43     59     0
44     59     0
45     59     0
46     59     0
47     59     0
48     59     0
49     59     0
50     59     0
51     59     0
52     59     0
53     59     0
54     59     0
55     59     0
56     59     0
57     59     0
58     59     0
59     59     0

