0     0     0
1     0     0
2     0     0
3     0     0
4     0     0
5     0     0
6     0     0
7     0     0
8     0     0
9     0     0
10     0     0
11     0     0
12     0     0
13     0     0
14     0     0
15     0     0
16     0     0
17     0     0
18     0     0
19     0     0
20     0     0
21     0     0
22     0     0
23     0     0
24     0     0
25     0     0
26     0     0
27     0     0
28     0     0
29     0     0
30     0     0
31     0     0
32     0     0
33     0     0
34     0     0
35     0     0
36     0     0
37     0     0
38     0     0
39     0     0
40     0     0
41     0     0
42     0     0
43     0     0
44     0     0
45     0     0
46     0     0
47     0     0
48     0     0
49     0     0
50     0     0
51     0     0
52     0     0
53     0     0
54     0     0
55     0     0
56     0     0
57     0     0
58     0     0
59     0     0

0     1     0
1     1     0.0
2     1     0.0
3     1     0.0
4     1     0.0
5     1     0.0
6     1     0.0
7     1     0.0
8     1     0.0
9     1     0.0
10     1     0.0
11     1     1.45519152284e-10
12     1     3.05590219796e-09
13     1     5.35510480404e-08
14     1     5.26633812115e-07
15     1     4.44691977464e-06
16     1     2.7435598895e-05
17     1     0.000148117542267
18     1     0.000646612606943
19     1     0.00250558601692
20     1     0.0082797720097
21     1     0.0245898030698
22     1     0.064448278863
23     1     0.153920135926
24     1     0.333972475491
25     1     0.675113797188
26     1     1.29013995873
27     1     2.41849914717
28     1     4.67320630385
29     1     10
30     1     4.67320630385
31     1     2.41849914717
32     1     1.29013995873
33     1     0.675113797188
34     1     0.333972475491
35     1     0.153920135926
36     1     0.064448278863
37     1     0.0245898030698
38     1     0.0082797720097
39     1     0.00250558601692
40     1     0.000646612606943
41     1     0.000148117542267
42     1     2.7435598895e-05
43     1     4.44691977464e-06
44     1     5.26633812115e-07
45     1     5.35510480404e-08
46     1     3.05590219796e-09
47     1     1.45519152284e-10
48     1     0.0
49     1     0.0
50     1     0.0
51     1     0.0
52     1     0.0
53     1     0.0
54     1     0.0
55     1     0.0
56     1     0.0
57     1     0.0
58     1     0.0
59     1     0

0     2     0
1     2     0.0
2     2     0.0
3     2     0.0
4     2     0.0
5     2     0.0
6     2     0.0
7     2     0.0
8     2     0.0
9     2     0.0
10     2     0.0
11     2     1.45519152284e-10
12     2     5.52972778678e-09
13     2     8.26548784971e-08
14     2     9.6537405625e-07
15     2     7.5924617704e-06
16     2     5.06662763655e-05
17     2     0.000263609690592
18     2     0.00119843520224
19     2     0.00454783672467
20     2     0.0153437675908
21     2     0.0449616741389
22     2     0.118749639951
23     2     0.280083955731
24     2     0.604083845392
25     2     1.19301620638
26     2     2.19820452388
27     2     3.8176009903
28     2     6.33968480746
29     2     10
30     2     6.33968480746
31     2     3.8176009903
32     2     2.19820452388
33     2     1.19301620638
34     2     0.604083845392
35     2     0.280083955731
36     2     0.118749639951
37     2     0.0449616741389
38     2     0.0153437675908
39     2     0.00454783672467
40     2     0.00119843520224
41     2     0.000263609690592
42     2     5.06662763655e-05
43     2     7.5924617704e-06
44     2     9.6537405625e-07
45     2     8.26548784971e-08
46     2     5.52972778678e-09
47     2     1.45519152284e-10
48     2     0.0
49     2     0.0
50     2     0.0
51     2     0.0
52     2     0.0
53     2     0.0
54     2     0.0
55     2     0.0
56     2     0.0
57     2     0.0
58     2     0.0
59     2     0

0     3     0
1     3     0.0
2     3     0.0
3     3     0.0
4     3     0.0
5     3     0.0
6     3     0.0
7     3     0.0
8     3     0.0
9     3     0.0
10     3     0.0
11     3     1.45519152284e-10
12     3     5.52972778678e-09
13     3     1.02445483208e-07
14     3     1.1341762729e-06
15     3     9.82530764304e-06
16     3     6.35074684396e-05
17     3     0.000347595196217
18     3     0.00155063637067
19     3     0.00604731263593
20     3     0.0201547984034
21     3     0.0598245114088
22     3     0.156383197755
23     3     0.369230534416
24     3     0.78502082848
25     3     1.52800956275
26     3     2.73026923765
27     3     4.52791681106
28     3     6.98676600703
29     3     10
30     3     6.98676600703
31     3     4.52791681106
32     3     2.73026923765
33     3     1.52800956275
34     3     0.78502082848
35     3     0.369230534416
36     3     0.156383197755
37     3     0.0598245114088
38     3     0.0201547984034
39     3     0.00604731263593
40     3     0.00155063637067
41     3     0.000347595196217
42     3     6.35074684396e-05
43     3     9.82530764304e-06
44     3     1.1341762729e-06
45     3     1.02445483208e-07
46     3     5.52972778678e-09
47     3     1.45519152284e-10
48     3     0.0
49     3     0.0
50     3     0.0
51     3     0.0
52     3     0.0
53     3     0.0
54     3     0.0
55     3     0.0
56     3     0.0
57     3     0.0
58     3     0.0
59     3     0

0     4     0
1     4     0.0
2     4     0.0
3     4     0.0
4     4     0.0
5     4     0.0
6     4     0.0
7     4     0.0
8     4     0.0
9     4     0.0
10     4     0.0
11     4     1.45519152284e-10
12     4     5.52972778678e-09
13     4     1.02445483208e-07
14     4     1.23312929645e-06
15     4     1.04976061266e-05
16     4     7.14149791747e-05
17     4     0.000385749153793
18     4     0.00177342328243
19     4     0.00685332866851
20     4     0.0232215551659
21     4     0.0684259086847
22     4     0.180018735118
23     4     0.421469452558
24     4     0.893047663849
25     4     1.71386397444
26     4     3.01210501464
27     4     4.86223278043
28     4     7.25177181303
29     4     10
30     4     7.25177181303
31     4     4.86223278043
32     4     3.01210501464
33     4     1.71386397444
34     4     0.893047663849
35     4     0.421469452558
36     4     0.180018735118
37     4     0.0684259086847
38     4     0.0232215551659
39     4     0.00685332866851
40     4     0.00177342328243
41     4     0.000385749153793
42     4     7.14149791747e-05
43     4     1.04976061266e-05
44     4     1.23312929645e-06
45     4     1.02445483208e-07
46     4     5.52972778678e-09
47     4     1.45519152284e-10
48     4     0.0
49     4     0.0
50     4     0.0
51     4     0.0
52     4     0.0
53     4     0.0
54     4     0.0
55     4     0.0
56     4     0.0
57     4     0.0
58     4     0.0
59     4     0

0     5     0
1     5     0.0
2     5     0.0
3     5     0.0
4     5     0.0
5     5     0.0
6     5     0.0
7     5     0.0
8     5     0.0
9     5     0.0
10     5     0.0
11     5     1.45519152284e-10
12     5     5.52972778678e-09
13     5     1.02445483208e-07
14     5     1.23312929645e-06
15     5     1.0843941709e-05
16     5     7.33748311177e-05
17     5     0.000406431499869
18     5     0.00185907410923
19     5     0.00730196828954
20     5     0.0246357184369
21     5     0.0732328742743
22     5     0.191793052945
23     5     0.450003137812
24     5     0.947259563254
25     5     1.80921074469
26     5     3.14480184694
27     5     5.01363969699
28     5     7.35956623103
29     5     10
30     5     7.35956623103
31     5     5.01363969699
32     5     3.14480184694
33     5     1.80921074469
34     5     0.947259563254
35     5     0.450003137812
36     5     0.191793052945
37     5     0.0732328742743
38     5     0.0246357184369
39     5     0.00730196828954
40     5     0.00185907410923
41     5     0.000406431499869
42     5     7.33748311177e-05
43     5     1.0843941709e-05
44     5     1.23312929645e-06
45     5     1.02445483208e-07
46     5     5.52972778678e-09
47     5     1.45519152284e-10
48     5     0.0
49     5     0.0
50     5     0.0
51     5     0.0
52     5     0.0
53     5     0.0
54     5     0.0
55     5     0.0
56     5     0.0
57     5     0.0
58     5     0.0
59     5     0

0     6     0
1     6     0.0
2     6     0.0
3     6     0.0
4     6     0.0
5     6     0.0
6     6     0.0
7     6     0.0
8     6     0.0
9     6     0.0
10     6     0.0
11     6     1.45519152284e-10
12     6     5.52972778678e-09
13     6     1.02445483208e-07
14     6     1.23312929645e-06
15     6     1.0843941709e-05
16     6     7.4275303632e-05
17     6     0.000410774955526
18     6     0.00190044287592
19     6     0.00745061435737
20     6     0.0253355898894
21     6     0.0751582987141
22     6     0.197620177642
23     6     0.462366691791
24     6     0.973334740847
25     6     1.85074257897
26     6     3.20458853152
27     6     5.07587222673
28     6     7.40349954343
29     6     10
30     6     7.40349954343
31     6     5.07587222673
32     6     3.20458853152
33     6     1.85074257897
34     6     0.973334740847
35     6     0.462366691791
36     6     0.197620177642
37     6     0.0751582987141
38     6     0.0253355898894
39     6     0.00745061435737
40     6     0.00190044287592
41     6     0.000410774955526
42     6     7.4275303632e-05
43     6     1.0843941709e-05
44     6     1.23312929645e-06
45     6     1.02445483208e-07
46     6     5.52972778678e-09
47     6     1.45519152284e-10
48     6     0.0
49     6     0.0
50     6     0.0
51     6     0.0
52     6     0.0
53     6     0.0
54     6     0.0
55     6     0.0
56     6     0.0
57     6     0.0
58     6     0.0
59     6     0

0     7     0
1     7     0.0
2     7     0.0
3     7     0.0
4     7     0.0
5     7     0.0
6     7     0.0
7     7     0.0
8     7     0.0
9     7     0.0
10     7     0.0
11     7     1.45519152284e-10
12     7     5.52972778678e-09
13     7     1.02445483208e-07
14     7     1.23312929645e-06
15     7     1.0843941709e-05
16     7     7.4275303632e-05
17     7     0.000412575900555
18     7     0.00190793420188
19     7     0.00751523650251
20     7     0.0255377308349
21     7     0.0760134751908
22     7     0.199664448446
23     7     0.467838868499
24     7     0.983239787165
25     7     1.86856918037
26     7     3.22746755555
27     7     5.10108751536
28     7     7.41967653972
29     7     10
30     7     7.41967653972
31     7     5.10108751536
32     7     3.22746755555
33     7     1.86856918037
34     7     0.983239787165
35     7     0.467838868499
36     7     0.199664448446
37     7     0.0760134751908
38     7     0.0255377308349
39     7     0.00751523650251
40     7     0.00190793420188
41     7     0.000412575900555
42     7     7.4275303632e-05
43     7     1.0843941709e-05
44     7     1.23312929645e-06
45     7     1.02445483208e-07
46     7     5.52972778678e-09
47     7     1.45519152284e-10
48     7     0.0
49     7     0.0
50     7     0.0
51     7     0.0
52     7     0.0
53     7     0.0
54     7     0.0
55     7     0.0
56     7     0.0
57     7     0.0
58     7     0.0
59     7     0

0     8     0
1     8     0.0
2     8     0.0
3     8     0.0
4     8     0.0
5     8     0.0
6     8     0.0
7     8     0.0
8     8     0.0
9     8     0.0
10     8     0.0
11     8     1.45519152284e-10
12     8     5.52972778678e-09
13     8     1.02445483208e-07
14     8     1.23312929645e-06
15     8     1.0843941709e-05
16     8     7.4275303632e-05
17     8     0.000412575900555
18     8     0.00191076425835
19     8     0.00752543302951
20     8     0.0256175134564
21     8     0.0762302242219
22     8     0.200486122048
23     8     0.469528191315
24     8     0.987197640352
25     8     1.87453456223
26     8     3.23634855915
27     8     5.1096350007
28     8     7.42570661823
29     8     10
30     8     7.42570661823
31     8     5.1096350007
32     8     3.23634855915
33     8     1.87453456223
34     8     0.987197640352
35     8     0.469528191315
36     8     0.200486122048
37     8     0.0762302242219
38     8     0.0256175134564
39     8     0.00752543302951
40     8     0.00191076425835
41     8     0.000412575900555
42     8     7.4275303632e-05
43     8     1.0843941709e-05
44     8     1.23312929645e-06
45     8     1.02445483208e-07
46     8     5.52972778678e-09
47     8     1.45519152284e-10
48     8     0.0
49     8     0.0
50     8     0.0
51     8     0.0
52     8     0.0
53     8     0.0
54     8     0.0
55     8     0.0
56     8     0.0
57     8     0.0
58     8     0.0
59     8     0

0     9     0
1     9     0.0
2     9     0.0
3     9     0.0
4     9     0.0
5     9     0.0
6     9     0.0
7     9     0.0
8     9     0.0
9     9     0.0
10     9     0.0
11     9     1.45519152284e-10
12     9     5.52972778678e-09
13     9     1.02445483208e-07
14     9     1.23312929645e-06
15     9     1.0843941709e-05
16     9     7.4275303632e-05
17     9     0.000412575900555
18     9     0.00191076425835
19     9     0.00752897060011
20     9     0.0256285423529
21     9     0.0763084669597
22     9     0.200669368205
23     9     0.470147266169
24     9     0.988273952389
25     9     1.8767055124
26     9     3.23896812275
27     9     5.11267345224
28     9     7.42751876474
29     9     10
30     9     7.42751876474
31     9     5.11267345224
32     9     3.23896812275
33     9     1.8767055124
34     9     0.988273952389
35     9     0.470147266169
36     9     0.200669368205
37     9     0.0763084669597
38     9     0.0256285423529
39     9     0.00752897060011
40     9     0.00191076425835
41     9     0.000412575900555
42     9     7.4275303632e-05
43     9     1.0843941709e-05
44     9     1.23312929645e-06
45     9     1.02445483208e-07
46     9     5.52972778678e-09
47     9     1.45519152284e-10
48     9     0.0
49     9     0.0
50     9     0.0
51     9     0.0
52     9     0.0
53     9     0.0
54     9     0.0
55     9     0.0
56     9     0.0
57     9     0.0
58     9     0.0
59     9     0

0     10     0
1     10     0.0
2     10     0.0
3     10     0.0
4     10     0.0
5     10     0.0
6     10     0.0
7     10     0.0
8     10     0.0
9     10     0.0
10     10     0.0
11     10     1.45519152284e-10
12     10     5.52972778678e-09
13     10     1.02445483208e-07
14     10     1.23312929645e-06
15     10     1.0843941709e-05
16     10     7.4275303632e-05
17     10     0.000412575900555
18     10     0.00191076425835
19     10     0.00752897060011
20     10     0.0256320799235
21     10     0.0763179559726
22     10     0.200730256038
23     10     0.470268610516
24     10     0.988635972608
25     10     1.87722386909
26     10     3.2398434123
27     10     5.11345893901
28     10     7.42811513483
29     10     10
30     10     7.42811513483
31     10     5.11345893901
32     10     3.2398434123
33     10     1.87722386909
34     10     0.988635972608
35     10     0.470268610516
36     10     0.200730256038
37     10     0.0763179559726
38     10     0.0256320799235
39     10     0.00752897060011
40     10     0.00191076425835
41     10     0.000412575900555
42     10     7.4275303632e-05
43     10     1.0843941709e-05
44     10     1.23312929645e-06
45     10     1.02445483208e-07
46     10     5.52972778678e-09
47     10     1.45519152284e-10
48     10     0.0
49     10     0.0
50     10     0.0
51     10     0.0
52     10     0.0
53     10     0.0
54     10     0.0
55     10     0.0
56     10     0.0
57     10     0.0
58     10     0.0
59     10     0

0     11     0
1     11     1.45519152284e-10
2     11     1.45519152284e-10
3     11     1.45519152284e-10
4     11     1.45519152284e-10
5     11     1.45519152284e-10
6     11     1.45519152284e-10
7     11     1.45519152284e-10
8     11     1.45519152284e-10
9     11     1.45519152284e-10
10     11     1.45519152284e-10
11     11     2.91038304567e-10
12     11     5.67524693906e-09
13     11     1.0259100236e-07
14     11     1.2332748156e-06
15     11     1.08440872282e-05
16     11     7.42754491512e-05
17     11     0.000412576046074
18     11     0.00191076440387
19     11     0.00752897074562
20     11     0.025632080069
21     11     0.0763207861746
22     11     0.200736718398
23     11     0.470305931085
24     11     0.988697999419
25     11     1.8773848495
26     11     3.24002524212
27     11     5.11370165113
28     11     7.42824816974
29     11     10
30     11     7.42824816974
31     11     5.11370165113
32     11     3.24002524212
33     11     1.8773848495
34     11     0.988697999419
35     11     0.470305931085
36     11     0.200736718398
37     11     0.0763207861746
38     11     0.025632080069
39     11     0.00752897074562
40     11     0.00191076440387
41     11     0.000412576046074
42     11     7.42754491512e-05
43     11     1.08440872282e-05
44     11     1.2332748156e-06
45     11     1.0259100236e-07
46     11     5.67524693906e-09
47     11     2.91038304567e-10
48     11     1.45519152284e-10
49     11     1.45519152284e-10
50     11     1.45519152284e-10
51     11     1.45519152284e-10
52     11     1.45519152284e-10
53     11     1.45519152284e-10
54     11     1.45519152284e-10
55     11     1.45519152284e-10
56     11     1.45519152284e-10
57     11     1.45519152284e-10
58     11     1.45519152284e-10
59     11     0

0     12     0
1     12     3.05590219796e-09
2     12     5.52972778678e-09
3     12     5.52972778678e-09
4     12     5.52972778678e-09
5     12     5.52972778678e-09
6     12     5.52972778678e-09
7     12     5.52972778678e-09
8     12     5.52972778678e-09
9     12     5.52972778678e-09
10     12     5.52972778678e-09
11     12     5.67524693906e-09
12     12     1.10594555736e-08
13     12     1.07975210994e-07
14     12     1.23865902424e-06
15     12     1.08494714368e-05
16     12     7.42808333598e-05
17     12     0.000412581430282
18     12     0.00191076978808
19     12     0.00752897612983
20     12     0.0256320854533
21     12     0.0763207915588
22     12     0.200738524727
23     12     0.470309379452
24     12     0.988715749409
25     12     1.87740869907
26     12     3.24007766292
27     12     5.11374474707
28     12     7.42828641727
29     12     10
30     12     7.42828641727
31     12     5.11374474707
32     12     3.24007766292
33     12     1.87740869907
34     12     0.988715749409
35     12     0.470309379452
36     12     0.200738524727
37     12     0.0763207915588
38     12     0.0256320854533
39     12     0.00752897612983
40     12     0.00191076978808
41     12     0.000412581430282
42     12     7.42808333598e-05
43     12     1.08494714368e-05
44     12     1.23865902424e-06
45     12     1.07975210994e-07
46     12     1.10594555736e-08
47     12     5.67524693906e-09
48     12     5.52972778678e-09
49     12     5.52972778678e-09
50     12     5.52972778678e-09
51     12     5.52972778678e-09
52     12     5.52972778678e-09
53     12     5.52972778678e-09
54     12     5.52972778678e-09
55     12     5.52972778678e-09
56     12     5.52972778678e-09
57     12     5.52972778678e-09
58     12     3.05590219796e-09
59     12     0

0     13     0
1     13     5.35510480404e-08
2     13     8.26548784971e-08
3     13     1.02445483208e-07
4     13     1.02445483208e-07
5     13     1.02445483208e-07
6     13     1.02445483208e-07
7     13     1.02445483208e-07
8     13     1.02445483208e-07
9     13     1.02445483208e-07
10     13     1.02445483208e-07
11     13     1.0259100236e-07
12     13     1.07975210994e-07
13     13     2.04890966415e-07
14     13     1.33557477966e-06
15     13     1.09463871922e-05
16     13     7.43777491152e-05
17     13     0.000412678346038
18     13     0.00191086670384
19     13     0.00752907304559
20     13     0.025632182369
21     13     0.0763208884746
22     13     0.200738621643
23     13     0.470310376841
24     13     0.988717252039
25     13     1.87741516856
26     13     3.24008434371
27     13     5.11375640563
28     13     7.42829208641
29     13     10
30     13     7.42829208641
31     13     5.11375640563
32     13     3.24008434371
33     13     1.87741516856
34     13     0.988717252039
35     13     0.470310376841
36     13     0.200738621643
37     13     0.0763208884746
38     13     0.025632182369
39     13     0.00752907304559
40     13     0.00191086670384
41     13     0.000412678346038
42     13     7.43777491152e-05
43     13     1.09463871922e-05
44     13     1.33557477966e-06
45     13     2.04890966415e-07
46     13     1.07975210994e-07
47     13     1.0259100236e-07
48     13     1.02445483208e-07
49     13     1.02445483208e-07
50     13     1.02445483208e-07
51     13     1.02445483208e-07
52     13     1.02445483208e-07
53     13     1.02445483208e-07
54     13     1.02445483208e-07
55     13     1.02445483208e-07
56     13     1.02445483208e-07
57     13     8.26548784971e-08
58     13     5.35510480404e-08
59     13     0

0     14     0
1     14     5.26633812115e-07
2     14     9.6537405625e-07
3     14     1.1341762729e-06
4     14     1.23312929645e-06
5     14     1.23312929645e-06
6     14     1.23312929645e-06
7     14     1.23312929645e-06
8     14     1.23312929645e-06
9     14     1.23312929645e-06
10     14     1.23312929645e-06
11     14     1.2332748156e-06
12     14     1.23865902424e-06
13     14     1.33557477966e-06
14     14     2.4662585929e-06
15     14     1.20770710055e-05
16     14     7.55084329285e-05
17     14     0.000413809029851
18     14     0.00191199738765
19     14     0.0075302037294
20     14     0.0256333130528
21     14     0.0763220191584
22     14     0.200739752327
23     14     0.470311507524
24     14     0.988718729059
25     14     1.87741672416
26     14     3.24008700583
27     14     5.11375847098
28     14     7.42829394876
29     14     10
30     14     7.42829394876
31     14     5.11375847098
32     14     3.24008700583
33     14     1.87741672416
34     14     0.988718729059
35     14     0.470311507524
36     14     0.200739752327
37     14     0.0763220191584
38     14     0.0256333130528
39     14     0.0075302037294
40     14     0.00191199738765
41     14     0.000413809029851
42     14     7.55084329285e-05
43     14     1.20770710055e-05
44     14     2.4662585929e-06
45     14     1.33557477966e-06
46     14     1.23865902424e-06
47     14     1.2332748156e-06
48     14     1.23312929645e-06
49     14     1.23312929645e-06
50     14     1.23312929645e-06
51     14     1.23312929645e-06
52     14     1.23312929645e-06
53     14     1.23312929645e-06
54     14     1.23312929645e-06
55     14     1.23312929645e-06
56     14     1.1341762729e-06
57     14     9.6537405625e-07
58     14     5.26633812115e-07
59     14     0

0     15     0
1     15     4.44691977464e-06
2     15     7.5924617704e-06
3     15     9.82530764304e-06
4     15     1.04976061266e-05
5     15     1.0843941709e-05
6     15     1.0843941709e-05
7     15     1.0843941709e-05
8     15     1.0843941709e-05
9     15     1.0843941709e-05
10     15     1.0843941709e-05
11     15     1.08440872282e-05
12     15     1.08494714368e-05
13     15     1.09463871922e-05
14     15     1.20770710055e-05
15     15     2.16878834181e-05
16     15     8.5119245341e-05
17     15     0.000423419842264
18     15     0.00192160820006
19     15     0.00753981454181
20     15     0.0256429238652
21     15     0.0763316299708
22     15     0.200749363139
23     15     0.470321118337
24     15     0.988728339871
25     15     1.87742598864
26     15     3.24009569696
27     15     5.11376509807
28     15     7.42829786905
29     15     10
30     15     7.42829786905
31     15     5.11376509807
32     15     3.24009569696
33     15     1.87742598864
34     15     0.988728339871
35     15     0.470321118337
36     15     0.200749363139
37     15     0.0763316299708
38     15     0.0256429238652
39     15     0.00753981454181
40     15     0.00192160820006
41     15     0.000423419842264
42     15     8.5119245341e-05
43     15     2.16878834181e-05
44     15     1.20770710055e-05
45     15     1.09463871922e-05
46     15     1.08494714368e-05
47     15     1.08440872282e-05
48     15     1.0843941709e-05
49     15     1.0843941709e-05
50     15     1.0843941709e-05
51     15     1.0843941709e-05
52     15     1.0843941709e-05
53     15     1.0843941709e-05
54     15     1.0843941709e-05
55     15     1.04976061266e-05
56     15     9.82530764304e-06
57     15     7.5924617704e-06
58     15     4.44691977464e-06
59     15     0

0     16     0
1     16     2.7435598895e-05
2     16     5.06662763655e-05
3     16     6.35074684396e-05
4     16     7.14149791747e-05
5     16     7.33748311177e-05
6     16     7.4275303632e-05
7     16     7.4275303632e-05
8     16     7.4275303632e-05
9     16     7.4275303632e-05
10     16     7.4275303632e-05
11     16     7.42754491512e-05
12     16     7.42808333598e-05
13     16     7.43777491152e-05
14     16     7.55084329285e-05
15     16     8.5119245341e-05
16     16     0.000148550607264
17     16     0.000486851204187
18     16     0.00198503956199
19     16     0.00760324590374
20     16     0.0257063552272
21     16     0.0763950613327
22     16     0.200812794501
23     16     0.470384549699
24     16     0.988790524425
25     16     1.8774864811
26     16     3.24014774873
27     16     5.11380698925
28     16     7.42831946845
29     16     10
30     16     7.42831946845
31     16     5.11380698925
32     16     3.24014774873
33     16     1.8774864811
34     16     0.988790524425
35     16     0.470384549699
36     16     0.200812794501
37     16     0.0763950613327
38     16     0.0257063552272
39     16     0.00760324590374
40     16     0.00198503956199
41     16     0.000486851204187
42     16     0.000148550607264
43     16     8.5119245341e-05
44     16     7.55084329285e-05
45     16     7.43777491152e-05
46     16     7.42808333598e-05
47     16     7.42754491512e-05
48     16     7.4275303632e-05
49     16     7.4275303632e-05
50     16     7.4275303632e-05
51     16     7.4275303632e-05
52     16     7.4275303632e-05
53     16     7.4275303632e-05
54     16     7.33748311177e-05
55     16     7.14149791747e-05
56     16     6.35074684396e-05
57     16     5.06662763655e-05
58     16     2.7435598895e-05
59     16     0

0     17     0
1     17     0.000148117542267
2     17     0.000263609690592
3     17     0.000347595196217
4     17     0.000385749153793
5     17     0.000406431499869
6     17     0.000410774955526
7     17     0.000412575900555
8     17     0.000412575900555
9     17     0.000412575900555
10     17     0.000412575900555
11     17     0.000412576046074
12     17     0.000412581430282
13     17     0.000412678346038
14     17     0.000413809029851
15     17     0.000423419842264
16     17     0.000486851204187
17     17     0.000825151801109
18     17     0.00232334015891
19     17     0.00794154650066
20     17     0.0260446558241
21     17     0.0767333619297
22     17     0.201151095098
23     17     0.470720148878
24     17     0.989122175379
25     17     1.8777944427
26     17     3.24042525259
27     17     5.11400835123
28     17     7.42843453176
29     17     10
30     17     7.42843453176
31     17     5.11400835123
32     17     3.24042525259
33     17     1.8777944427
34     17     0.989122175379
35     17     0.470720148878
36     17     0.201151095098
37     17     0.0767333619297
38     17     0.0260446558241
39     17     0.00794154650066
40     17     0.00232334015891
41     17     0.000825151801109
42     17     0.000486851204187
43     17     0.000423419842264
44     17     0.000413809029851
45     17     0.000412678346038
46     17     0.000412581430282
47     17     0.000412576046074
48     17     0.000412575900555
49     17     0.000412575900555
50     17     0.000412575900555
51     17     0.000412575900555
52     17     0.000412575900555
53     17     0.000410774955526
54     17     0.000406431499869
55     17     0.000385749153793
56     17     0.000347595196217
57     17     0.000263609690592
58     17     0.000148117542267
59     17     0

0     18     0
1     18     0.000646612606943
2     18     0.00119843520224
3     18     0.00155063637067
4     18     0.00177342328243
5     18     0.00185907410923
6     18     0.00190044287592
7     18     0.00190793420188
8     18     0.00191076425835
9     18     0.00191076425835
10     18     0.00191076425835
11     18     0.00191076440387
12     18     0.00191076978808
13     18     0.00191086670384
14     18     0.00191199738765
15     18     0.00192160820006
16     18     0.00198503956199
17     18     0.00232334015891
18     18     0.00382152851671
19     18     0.00943973485846
20     18     0.0275428441819
21     18     0.0782315502875
22     18     0.202644652454
23     18     0.472206373815
24     18     0.990557073383
25     18     1.87915827264
26     18     3.24157587835
27     18     5.11490008619
28     18     7.42889478221
29     18     10
30     18     7.42889478221
31     18     5.11490008619
32     18     3.24157587835
33     18     1.87915827264
34     18     0.990557073383
35     18     0.472206373815
36     18     0.202644652454
37     18     0.0782315502875
38     18     0.0275428441819
39     18     0.00943973485846
40     18     0.00382152851671
41     18     0.00232334015891
42     18     0.00198503956199
43     18     0.00192160820006
44     18     0.00191199738765
45     18     0.00191086670384
46     18     0.00191076978808
47     18     0.00191076440387
48     18     0.00191076425835
49     18     0.00191076425835
50     18     0.00191076425835
51     18     0.00191076425835
52     18     0.00190793420188
53     18     0.00190044287592
54     18     0.00185907410923
55     18     0.00177342328243
56     18     0.00155063637067
57     18     0.00119843520224
58     18     0.000646612606943
59     18     0

0     19     0
1     19     0.00250558601692
2     19     0.00454783672467
3     19     0.00604731263593
4     19     0.00685332866851
5     19     0.00730196828954
6     19     0.00745061435737
7     19     0.00751523650251
8     19     0.00752543302951
9     19     0.00752897060011
10     19     0.00752897060011
11     19     0.00752897074562
12     19     0.00752897612983
13     19     0.00752907304559
14     19     0.0075302037294
15     19     0.00753981454181
16     19     0.00760324590374
17     19     0.00794154650066
18     19     0.00943973485846
19     19     0.0150579412002
20     19     0.0331610505236
21     19     0.0838433890021
22     19     0.20824549254
23     19     0.477719224873
24     19     0.995937940897
25     19     1.88407719776
26     19     3.24589072494
27     19     5.11800677574
28     19     7.43062072084
29     19     10
30     19     7.43062072084
31     19     5.11800677574
32     19     3.24589072494
33     19     1.88407719776
34     19     0.995937940897
35     19     0.477719224873
36     19     0.20824549254
37     19     0.0838433890021
38     19     0.0331610505236
39     19     0.0150579412002
40     19     0.00943973485846
41     19     0.00794154650066
42     19     0.00760324590374
43     19     0.00753981454181
44     19     0.0075302037294
45     19     0.00752907304559
46     19     0.00752897612983
47     19     0.00752897074562
48     19     0.00752897060011
49     19     0.00752897060011
50     19     0.00752897060011
51     19     0.00752543302951
52     19     0.00751523650251
53     19     0.00745061435737
54     19     0.00730196828954
55     19     0.00685332866851
56     19     0.00604731263593
57     19     0.00454783672467
58     19     0.00250558601692
59     19     0

0     20     0
1     20     0.0082797720097
2     20     0.0153437675908
3     20     0.0201547984034
4     20     0.0232215551659
5     20     0.0246357184369
6     20     0.0253355898894
7     20     0.0255377308349
8     20     0.0256175134564
9     20     0.0256285423529
10     20     0.0256320799235
11     20     0.025632080069
12     20     0.0256320854533
13     20     0.025632182369
14     20     0.0256333130528
15     20     0.0256429238652
16     20     0.0257063552272
17     20     0.0260446558241
18     20     0.0275428441819
19     20     0.0331610505236
20     20     0.0512570847059
21     20     0.101925980416
22     20     0.22620709904
23     20     0.495482856059
24     20     1.01290967083
25     20     1.89992706757
26     20     3.25912292115
27     20     5.12801721983
28     20     7.43579853675
29     20     10
30     20     7.43579853675
31     20     5.12801721983
32     20     3.25912292115
33     20     1.89992706757
34     20     1.01290967083
35     20     0.495482856059
36     20     0.22620709904
37     20     0.101925980416
38     20     0.0512570847059
39     20     0.0331610505236
40     20     0.0275428441819
41     20     0.0260446558241
42     20     0.0257063552272
43     20     0.0256429238652
44     20     0.0256333130528
45     20     0.025632182369
46     20     0.0256320854533
47     20     0.025632080069
48     20     0.0256320799235
49     20     0.0256320799235
50     20     0.0256285423529
51     20     0.0256175134564
52     20     0.0255377308349
53     20     0.0253355898894
54     20     0.0246357184369
55     20     0.0232215551659
56     20     0.0201547984034
57     20     0.0153437675908
58     20     0.0082797720097
59     20     0

0     21     0
1     21     0.0245898030698
2     21     0.0449616741389
3     21     0.0598245114088
4     21     0.0684259086847
5     21     0.0732328742743
6     21     0.0751582987141
7     21     0.0760134751908
8     21     0.0762302242219
9     21     0.0763084669597
10     21     0.0763179559726
11     21     0.0763207861746
12     21     0.0763207915588
13     21     0.0763208884746
14     21     0.0763220191584
15     21     0.0763316299708
16     21     0.0763950613327
17     21     0.0767333619297
18     21     0.0782315502875
19     21     0.0838433890021
20     21     0.101925980416
21     21     0.152460448444
22     21     0.276499597239
23     21     0.54468649003
24     21     1.06043051463
25     21     1.94296047091
26     21     3.29617307056
27     21     5.15459667484
28     21     7.4502964213
29     21     10
30     21     7.4502964213
31     21     5.15459667484
32     21     3.29617307056
33     21     1.94296047091
34     21     1.06043051463
35     21     0.54468649003
36     21     0.276499597239
37     21     0.152460448444
38     21     0.101925980416
39     21     0.0838433890021
40     21     0.0782315502875
41     21     0.0767333619297
42     21     0.0763950613327
43     21     0.0763316299708
44     21     0.0763220191584
45     21     0.0763208884746
46     21     0.0763207915588
47     21     0.0763207861746
48     21     0.0763207860291
49     21     0.0763179559726
50     21     0.0763084669597
51     21     0.0762302242219
52     21     0.0760134751908
53     21     0.0751582987141
54     21     0.0732328742743
55     21     0.0684259086847
56     21     0.0598245114088
57     21     0.0449616741389
58     21     0.0245898030698
59     21     0

0     22     0
1     22     0.064448278863
2     22     0.118749639951
3     22     0.156383197755
4     22     0.180018735118
5     22     0.191793052945
6     22     0.197620177642
7     22     0.199664448446
8     22     0.200486122048
9     22     0.200669368205
10     22     0.200730256038
11     22     0.200736718398
12     22     0.200738524727
13     22     0.200738621643
14     22     0.200739752327
15     22     0.200749363139
16     22     0.200812794501
17     22     0.201151095098
18     22     0.202644652454
19     22     0.20824549254
20     22     0.22620709904
21     22     0.276499597239
22     22     0.399328896892
23     22     0.66545904614
24     22     1.17503284011
25     22     2.04858791549
26     22     3.38385075331
27     22     5.21983715531
28     22     7.48412481858
29     22     10
30     22     7.48412481858
31     22     5.21983715531
32     22     3.38385075331
33     22     2.04858791549
34     22     1.17503284011
35     22     0.66545904614
36     22     0.399328896892
37     22     0.276499597239
38     22     0.22620709904
39     22     0.20824549254
40     22     0.202644652454
41     22     0.201151095098
42     22     0.200812794501
43     22     0.200749363139
44     22     0.200739752327
45     22     0.200738621643
46     22     0.200738524727
47     22     0.200738519343
48     22     0.200736718252
49     22     0.200730256038
50     22     0.200669368205
51     22     0.200486122048
52     22     0.199664448446
53     22     0.197620177642
54     22     0.191793052945
55     22     0.180018735118
56     22     0.156383197755
57     22     0.118749639951
58     22     0.064448278863
59     22     0

0     23     0
1     23     0.153920135926
2     23     0.280083955731
3     23     0.369230534416
4     23     0.421469452558
5     23     0.450003137812
6     23     0.462366691791
7     23     0.467838868499
8     23     0.469528191315
9     23     0.470147266169
10     23     0.470268610516
11     23     0.470305931085
12     23     0.470309379452
13     23     0.470310376841
14     23     0.470311507524
15     23     0.470321118337
16     23     0.470384549699
17     23     0.470720148878
18     23     0.472206373815
19     23     0.477719224873
20     23     0.495482856059
21     23     0.54468649003
22     23     0.66545904614
23     23     0.924733383581
24     23     1.42333787866
25     23     2.27221203153
26     23     3.57381906593
27     23     5.35595618247
28     23     7.55741967936
29     23     10
30     23     7.55741967936
31     23     5.35595618247
32     23     3.57381906593
33     23     2.27221203153
34     23     1.42333787866
35     23     0.924733383581
36     23     0.66545904614
37     23     0.54468649003
38     23     0.495482856059
39     23     0.477719224873
40     23     0.472206373815
41     23     0.470720148878
42     23     0.470384549699
43     23     0.470321118337
44     23     0.470311507524
45     23     0.470310376841
46     23     0.470310279925
47     23     0.470309374068
48     23     0.47030593094
49     23     0.470268610516
50     23     0.470147266169
51     23     0.469528191315
52     23     0.467838868499
53     23     0.462366691791
54     23     0.450003137812
55     23     0.421469452558
56     23     0.369230534416
57     23     0.280083955731
58     23     0.153920135926
59     23     0

0     24     0
1     24     0.333972475491
2     24     0.604083845392
3     24     0.78502082848
4     24     0.893047663849
5     24     0.947259563254
6     24     0.973334740847
7     24     0.983239787165
8     24     0.987197640352
9     24     0.988273952389
10     24     0.988635972608
11     24     0.988697999419
12     24     0.988715749409
13     24     0.988717252039
14     24     0.988718729059
15     24     0.988728339871
16     24     0.988790524425
17     24     0.989122175379
18     24     0.990557073383
19     24     0.995937940897
20     24     1.01290967083
21     24     1.06043051463
22     24     1.17503284011
23     24     1.42333787866
24     24     1.89451912651
25     24     2.70225840854
26     24     3.92982267542
27     24     5.61772354238
28     24     7.69353870652
29     24     10
30     24     7.69353870652
31     24     5.61772354238
32     24     3.92982267542
33     24     2.70225840854
34     24     1.89451912651
35     24     1.42333787866
36     24     1.17503284011
37     24     1.06043051463
38     24     1.01290967083
39     24     0.995937940897
40     24     0.990557073383
41     24     0.989122175379
42     24     0.988790524425
43     24     0.988728339871
44     24     0.988718729059
45     24     0.988717598375
46     24     0.988717155124
47     24     0.988715744024
48     24     0.988697999273
49     24     0.988635972608
50     24     0.988273952389
51     24     0.987197640352
52     24     0.983239787165
53     24     0.973334740847
54     24     0.947259563254
55     24     0.893047663849
56     24     0.78502082848
57     24     0.604083845392
58     24     0.333972475491
59     24     0

0     25     0
1     25     0.675113797188
2     25     1.19301620638
3     25     1.52800956275
4     25     1.71386397444
5     25     1.80921074469
6     25     1.85074257897
7     25     1.86856918037
8     25     1.87453456223
9     25     1.8767055124
10     25     1.87722386909
11     25     1.8773848495
12     25     1.87740869907
13     25     1.87741516856
14     25     1.87741672416
15     25     1.87742598864
16     25     1.8774864811
17     25     1.8777944427
18     25     1.87915827264
19     25     1.88407719776
20     25     1.89992706757
21     25     1.94296047091
22     25     2.04858791549
23     25     2.27221203153
24     25     2.70225840854
25     25     3.42772794887
26     25     4.54011457739
27     25     6.05524898681
28     25     7.92688561021
29     25     10
30     25     7.92688561021
31     25     6.05524898681
32     25     4.54011457739
33     25     3.42772794887
34     25     2.70225840854
35     25     2.27221203153
36     25     2.04858791549
37     25     1.94296047091
38     25     1.89992706757
39     25     1.88407719776
40     25     1.87915827264
41     25     1.8777944427
42     25     1.8774864811
43     25     1.87742598864
44     25     1.87741682312
45     25     1.87741559348
46     25     1.87741507165
47     25     1.87740869369
48     25     1.87738484936
49     25     1.87722386909
50     25     1.8767055124
51     25     1.87453456223
52     25     1.86856918037
53     25     1.85074257897
54     25     1.80921074469
55     25     1.71386397444
56     25     1.52800956275
57     25     1.19301620638
58     25     0.675113797188
59     25     0

0     26     0
1     26     1.29013995873
2     26     2.19820452388
3     26     2.73026923765
4     26     3.01210501464
5     26     3.14480184694
6     26     3.20458853152
7     26     3.22746755555
8     26     3.23634855915
9     26     3.23896812275
10     26     3.2398434123
11     26     3.24002524212
12     26     3.24007766292
13     26     3.24008434371
14     26     3.24008700583
15     26     3.24009569696
16     26     3.24014774873
17     26     3.24042525259
18     26     3.24157587835
19     26     3.24589072494
20     26     3.25912292115
21     26     3.29617307056
22     26     3.38385075331
23     26     3.57381906593
24     26     3.92982267542
25     26     4.54011457739
26     26     5.46053847531
27     26     6.72612133494
28     26     8.27690596576
29     26     10
30     26     8.27690596576
31     26     6.72612133494
32     26     5.46053847531
33     26     4.54011457739
34     26     3.92982267542
35     26     3.57381906593
36     26     3.38385075331
37     26     3.29617307056
38     26     3.25912292115
39     26     3.24589072494
40     26     3.24157587835
41     26     3.24042525259
42     26     3.24014774873
43     26     3.24009571676
44     26     3.24008709547
45     26     3.24008599389
46     26     3.24008424679
47     26     3.24007765754
48     26     3.24002524198
49     26     3.2398434123
50     26     3.23896812275
51     26     3.23634855915
52     26     3.22746755555
53     26     3.20458853152
54     26     3.14480184694
55     26     3.01210501464
56     26     2.73026923765
57     26     2.19820452388
58     26     1.29013995873
59     26     0

0     27     0
1     27     2.41849914717
2     27     3.8176009903
3     27     4.52791681106
4     27     4.86223278043
5     27     5.01363969699
6     27     5.07587222673
7     27     5.10108751536
8     27     5.1096350007
9     27     5.11267345224
10     27     5.11345893901
11     27     5.11370165113
12     27     5.11374474707
13     27     5.11375640563
14     27     5.11375847098
15     27     5.11376509807
16     27     5.11380698925
17     27     5.11400835123
18     27     5.11490008619
19     27     5.11800677574
20     27     5.12801721983
21     27     5.15459667484
22     27     5.21983715531
23     27     5.35595618247
24     27     5.61772354238
25     27     6.05524898681
26     27     6.72612133494
27     27     7.63520198059
28     27     8.75818395463
29     27     10
30     27     8.75818395463
31     27     7.63520198059
32     27     6.72612133494
33     27     6.05524898681
34     27     5.61772354238
35     27     5.35595618247
36     27     5.21983715531
37     27     5.15459667484
38     27     5.12801721983
39     27     5.11800677574
40     27     5.11490008619
41     27     5.11400835123
42     27     5.11380699172
43     27     5.11376510985
44     27     5.1137587527
45     27     5.11375760005
46     27     5.11375633097
47     27     5.11374474168
48     27     5.11370165099
49     27     5.11345893901
50     27     5.11267345224
51     27     5.1096350007
52     27     5.10108751536
53     27     5.07587222673
54     27     5.01363969699
55     27     4.86223278043
56     27     4.52791681106
57     27     3.8176009903
58     27     2.41849914717
59     27     0

0     28     0
1     28     4.67320630385
2     28     6.33968480746
3     28     6.98676600703
4     28     7.25177181303
5     28     7.35956623103
6     28     7.40349954343
7     28     7.41967653972
8     28     7.42570661823
9     28     7.42751876474
10     28     7.42811513483
11     28     7.42824816974
12     28     7.42828641727
13     28     7.42829208641
14     28     7.42829394876
15     28     7.42829786905
16     28     7.42831946845
17     28     7.42843453176
18     28     7.42889478221
19     28     7.43062072084
20     28     7.43579853675
21     28     7.4502964213
22     28     7.48412481858
23     28     7.55741967936
24     28     7.69353870652
25     28     7.92688561021
26     28     8.27690596576
27     28     8.75818395463
28     28     9.3464126077
29     28     10
30     28     9.3464126077
31     28     8.75818395463
32     28     8.27690596576
33     28     7.92688561021
34     28     7.69353870652
35     28     7.55741967936
36     28     7.48412481858
37     28     7.4502964213
38     28     7.43579853675
39     28     7.43062072084
40     28     7.42889478221
41     28     7.4284345319
42     28     7.42831946918
43     28     7.42829789422
44     28     7.42829406183
45     28     7.42829350085
46     28     7.42829203664
47     28     7.42828641451
48     28     7.4282481696
49     28     7.42811513483
50     28     7.42751876474
51     28     7.42570661823
52     28     7.41967653972
53     28     7.40349954343
54     28     7.35956623103
55     28     7.25177181303
56     28     6.98676600703
57     28     6.33968480746
58     28     4.67320630385
59     28     0

0     29     0
1     29     10
2     29     10
3     29     10
4     29     10
5     29     10
6     29     10
7     29     10
8     29     10
9     29     10
10     29     10
11     29     10
12     29     10
13     29     10
14     29     10
15     29     10
16     29     10
17     29     10
18     29     10
19     29     10
20     29     10
21     29     10
22     29     10
23     29     10
24     29     10
25     29     10
26     29     10
27     29     10
28     29     10
29     29     10
30     29     10
31     29     10
32     29     10
33     29     10
34     29     10
35     29     10
36     29     10
37     29     10
38     29     10
39     29     10
40     29     10
41     29     10
42     29     10
43     29     10
44     29     10
45     29     10
46     29     10
47     29     10
48     29     10
49     29     10
50     29     10
51     29     10
52     29     10
53     29     10
54     29     10
55     29     10
56     29     10
57     29     10
58     29     10
59     29     0

0     30     0
1     30     4.67320630385
2     30     6.33968480746
3     30     6.98676600703
4     30     7.25177181303
5     30     7.35956623103
6     30     7.40349954343
7     30     7.41967653972
8     30     7.42570661823
9     30     7.42751876474
10     30     7.42811513483
11     30     7.42824816974
12     30     7.42828641727
13     30     7.42829208641
14     30     7.42829394876
15     30     7.42829786905
16     30     7.42831946845
17     30     7.42843453176
18     30     7.42889478221
19     30     7.43062072084
20     30     7.43579853675
21     30     7.4502964213
22     30     7.48412481858
23     30     7.55741967936
24     30     7.69353870652
25     30     7.92688561021
26     30     8.27690596576
27     30     8.75818395463
28     30     9.3464126077
29     30     10
30     30     9.3464126077
31     30     8.75818395463
32     30     8.27690596576
33     30     7.92688561021
34     30     7.69353870652
35     30     7.55741967936
36     30     7.48412481858
37     30     7.4502964213
38     30     7.43579853675
39     30     7.43062072084
40     30     7.42889478221
41     30     7.4284345319
42     30     7.42831946918
43     30     7.42829789422
44     30     7.42829406183
45     30     7.42829350085
46     30     7.42829203664
47     30     7.42828641451
48     30     7.4282481696
49     30     7.42811513483
50     30     7.42751876474
51     30     7.42570661823
52     30     7.41967653972
53     30     7.40349954343
54     30     7.35956623103
55     30     7.25177181303
56     30     6.98676600703
57     30     6.33968480746
58     30     4.67320630385
59     30     0

0     31     0
1     31     2.41849914717
2     31     3.8176009903
3     31     4.52791681106
4     31     4.86223278043
5     31     5.01363969699
6     31     5.07587222673
7     31     5.10108751536
8     31     5.1096350007
9     31     5.11267345224
10     31     5.11345893901
11     31     5.11370165113
12     31     5.11374474707
13     31     5.11375640563
14     31     5.11375847098
15     31     5.11376509807
16     31     5.11380698925
17     31     5.11400835123
18     31     5.11490008619
19     31     5.11800677574
20     31     5.12801721983
21     31     5.15459667484
22     31     5.21983715531
23     31     5.35595618247
24     31     5.61772354238
25     31     6.05524898681
26     31     6.72612133494
27     31     7.63520198059
28     31     8.75818395463
29     31     10
30     31     8.75818395463
31     31     7.63520198059
32     31     6.72612133494
33     31     6.05524898681
34     31     5.61772354238
35     31     5.35595618247
36     31     5.21983715531
37     31     5.15459667484
38     31     5.12801721983
39     31     5.11800677574
40     31     5.11490008619
41     31     5.11400835123
42     31     5.11380699172
43     31     5.11376510985
44     31     5.1137587527
45     31     5.11375760005
46     31     5.11375633097
47     31     5.11374474168
48     31     5.11370165099
49     31     5.11345893901
50     31     5.11267345224
51     31     5.1096350007
52     31     5.10108751536
53     31     5.07587222673
54     31     5.01363969699
55     31     4.86223278043
56     31     4.52791681106
57     31     3.8176009903
58     31     2.41849914717
59     31     0

0     32     0
1     32     1.29013995873
2     32     2.19820452388
3     32     2.73026923765
4     32     3.01210501464
5     32     3.14480184694
6     32     3.20458853152
7     32     3.22746755555
8     32     3.23634855915
9     32     3.23896812275
10     32     3.2398434123
11     32     3.24002524212
12     32     3.24007766292
13     32     3.24008434371
14     32     3.24008700583
15     32     3.24009569696
16     32     3.24014774873
17     32     3.24042525259
18     32     3.24157587835
19     32     3.24589072494
20     32     3.25912292115
21     32     3.29617307056
22     32     3.38385075331
23     32     3.57381906593
24     32     3.92982267542
25     32     4.54011457739
26     32     5.46053847531
27     32     6.72612133494
28     32     8.27690596576
29     32     10
30     32     8.27690596576
31     32     6.72612133494
32     32     5.46053847531
33     32     4.54011457739
34     32     3.92982267542
35     32     3.57381906593
36     32     3.38385075331
37     32     3.29617307056
38     32     3.25912292115
39     32     3.24589072494
40     32     3.24157587835
41     32     3.24042525259
42     32     3.24014774873
43     32     3.24009571676
44     32     3.24008709547
45     32     3.24008599389
46     32     3.24008424679
47     32     3.24007765754
48     32     3.24002524198
49     32     3.2398434123
50     32     3.23896812275
51     32     3.23634855915
52     32     3.22746755555
53     32     3.20458853152
54     32     3.14480184694
55     32     3.01210501464
56     32     2.73026923765
57     32     2.19820452388
58     32     1.29013995873
59     32     0

0     33     0
1     33     0.675113797188
2     33     1.19301620638
3     33     1.52800956275
4     33     1.71386397444
5     33     1.80921074469
6     33     1.85074257897
7     33     1.86856918037
8     33     1.87453456223
9     33     1.8767055124
10     33     1.87722386909
11     33     1.8773848495
12     33     1.87740869907
13     33     1.87741516856
14     33     1.87741672416
15     33     1.87742598864
16     33     1.8774864811
17     33     1.8777944427
18     33     1.87915827264
19     33     1.88407719776
20     33     1.89992706757
21     33     1.94296047091
22     33     2.04858791549
23     33     2.27221203153
24     33     2.70225840854
25     33     3.42772794887
26     33     4.54011457739
27     33     6.05524898681
28     33     7.92688561021
29     33     10
30     33     7.92688561021
31     33     6.05524898681
32     33     4.54011457739
33     33     3.42772794887
34     33     2.70225840854
35     33     2.27221203153
36     33     2.04858791549
37     33     1.94296047091
38     33     1.89992706757
39     33     1.88407719776
40     33     1.87915827264
41     33     1.8777944427
42     33     1.8774864811
43     33     1.87742598864
44     33     1.87741682312
45     33     1.87741559348
46     33     1.87741507165
47     33     1.87740869369
48     33     1.87738484936
49     33     1.87722386909
50     33     1.8767055124
51     33     1.87453456223
52     33     1.86856918037
53     33     1.85074257897
54     33     1.80921074469
55     33     1.71386397444
56     33     1.52800956275
57     33     1.19301620638
58     33     0.675113797188
59     33     0

0     34     0
1     34     0.333972475491
2     34     0.604083845392
3     34     0.78502082848
4     34     0.893047663849
5     34     0.947259563254
6     34     0.973334740847
7     34     0.983239787165
8     34     0.987197640352
9     34     0.988273952389
10     34     0.988635972608
11     34     0.988697999419
12     34     0.988715749409
13     34     0.988717252039
14     34     0.988718729059
15     34     0.988728339871
16     34     0.988790524425
17     34     0.989122175379
18     34     0.990557073383
19     34     0.995937940897
20     34     1.01290967083
21     34     1.06043051463
22     34     1.17503284011
23     34     1.42333787866
24     34     1.89451912651
25     34     2.70225840854
26     34     3.92982267542
27     34     5.61772354238
28     34     7.69353870652
29     34     10
30     34     7.69353870652
31     34     5.61772354238
32     34     3.92982267542
33     34     2.70225840854
34     34     1.89451912651
35     34     1.42333787866
36     34     1.17503284011
37     34     1.06043051463
38     34     1.01290967083
39     34     0.995937940897
40     34     0.990557073383
41     34     0.989122175379
42     34     0.988790524425
43     34     0.988728339871
44     34     0.988718729059
45     34     0.988717598375
46     34     0.988717155124
47     34     0.988715744024
48     34     0.988697999273
49     34     0.988635972608
50     34     0.988273952389
51     34     0.987197640352
52     34     0.983239787165
53     34     0.973334740847
54     34     0.947259563254
55     34     0.893047663849
56     34     0.78502082848
57     34     0.604083845392
58     34     0.333972475491
59     34     0

0     35     0
1     35     0.153920135926
2     35     0.280083955731
3     35     0.369230534416
4     35     0.421469452558
5     35     0.450003137812
6     35     0.462366691791
7     35     0.467838868499
8     35     0.469528191315
9     35     0.470147266169
10     35     0.470268610516
11     35     0.470305931085
12     35     0.470309379452
13     35     0.470310376841
14     35     0.470311507524
15     35     0.470321118337
16     35     0.470384549699
17     35     0.470720148878
18     35     0.472206373815
19     35     0.477719224873
20     35     0.495482856059
21     35     0.54468649003
22     35     0.66545904614
23     35     0.924733383581
24     35     1.42333787866
25     35     2.27221203153
26     35     3.57381906593
27     35     5.35595618247
28     35     7.55741967936
29     35     10
30     35     7.55741967936
31     35     5.35595618247
32     35     3.57381906593
33     35     2.27221203153
34     35     1.42333787866
35     35     0.924733383581
36     35     0.66545904614
37     35     0.54468649003
38     35     0.495482856059
39     35     0.477719224873
40     35     0.472206373815
41     35     0.470720148878
42     35     0.470384549699
43     35     0.470321118337
44     35     0.470311507524
45     35     0.470310376841
46     35     0.470310279925
47     35     0.470309374068
48     35     0.47030593094
49     35     0.470268610516
50     35     0.470147266169
51     35     0.469528191315
52     35     0.467838868499
53     35     0.462366691791
54     35     0.450003137812
55     35     0.421469452558
56     35     0.369230534416
57     35     0.280083955731
58     35     0.153920135926
59     35     0

0     36     0
1     36     0.064448278863
2     36     0.118749639951
3     36     0.156383197755
4     36     0.180018735118
5     36     0.191793052945
6     36     0.197620177642
7     36     0.199664448446
8     36     0.200486122048
9     36     0.200669368205
10     36     0.200730256038
11     36     0.200736718398
12     36     0.200738524727
13     36     0.200738621643
14     36     0.200739752327
15     36     0.200749363139
16     36     0.200812794501
17     36     0.201151095098
18     36     0.202644652454
19     36     0.20824549254
20     36     0.22620709904
21     36     0.276499597239
22     36     0.399328896892
23     36     0.66545904614
24     36     1.17503284011
25     36     2.04858791549
26     36     3.38385075331
27     36     5.21983715531
28     36     7.48412481858
29     36     10
30     36     7.48412481858
31     36     5.21983715531
32     36     3.38385075331
33     36     2.04858791549
34     36     1.17503284011
35     36     0.66545904614
36     36     0.399328896892
37     36     0.276499597239
38     36     0.22620709904
39     36     0.20824549254
40     36     0.202644652454
41     36     0.201151095098
42     36     0.200812794501
43     36     0.200749363139
44     36     0.200739752327
45     36     0.200738621643
46     36     0.200738524727
47     36     0.200738519343
48     36     0.200736718252
49     36     0.200730256038
50     36     0.200669368205
51     36     0.200486122048
52     36     0.199664448446
53     36     0.197620177642
54     36     0.191793052945
55     36     0.180018735118
56     36     0.156383197755
57     36     0.118749639951
58     36     0.064448278863
59     36     0

0     37     0
1     37     0.0245898030698
2     37     0.0449616741389
3     37     0.0598245114088
4     37     0.0684259086847
5     37     0.0732328742743
6     37     0.0751582987141
7     37     0.0760134751908
8     37     0.0762302242219
9     37     0.0763084669597
10     37     0.0763179559726
11     37     0.0763207861746
12     37     0.0763207915588
13     37     0.0763208884746
14     37     0.0763220191584
15     37     0.0763316299708
16     37     0.0763950613327
17     37     0.0767333619297
18     37     0.0782315502875
19     37     0.0838433890021
20     37     0.101925980416
21     37     0.152460448444
22     37     0.276499597239
23     37     0.54468649003
24     37     1.06043051463
25     37     1.94296047091
26     37     3.29617307056
27     37     5.15459667484
28     37     7.4502964213
29     37     10
30     37     7.4502964213
31     37     5.15459667484
32     37     3.29617307056
33     37     1.94296047091
34     37     1.06043051463
35     37     0.54468649003
36     37     0.276499597239
37     37     0.152460448444
38     37     0.101925980416
39     37     0.0838433890021
40     37     0.0782315502875
41     37     0.0767333619297
42     37     0.0763950613327
43     37     0.0763316299708
44     37     0.0763220191584
45     37     0.0763208884746
46     37     0.0763207915588
47     37     0.0763207861746
48     37     0.0763207860291
49     37     0.0763179559726
50     37     0.0763084669597
51     37     0.0762302242219
52     37     0.0760134751908
53     37     0.0751582987141
54     37     0.0732328742743
55     37     0.0684259086847
56     37     0.0598245114088
57     37     0.0449616741389
58     37     0.0245898030698
59     37     0

0     38     0
1     38     0.0082797720097
2     38     0.0153437675908
3     38     0.0201547984034
4     38     0.0232215551659
5     38     0.0246357184369
6     38     0.0253355898894
7     38     0.0255377308349
8     38     0.0256175134564
9     38     0.0256285423529
10     38     0.0256320799235
11     38     0.025632080069
12     38     0.0256320854533
13     38     0.025632182369
14     38     0.0256333130528
15     38     0.0256429238652
16     38     0.0257063552272
17     38     0.0260446558241
18     38     0.0275428441819
19     38     0.0331610505236
20     38     0.0512570847059
21     38     0.101925980416
22     38     0.22620709904
23     38     0.495482856059
24     38     1.01290967083
25     38     1.89992706757
26     38     3.25912292115
27     38     5.12801721983
28     38     7.43579853675
29     38     10
30     38     7.43579853675
31     38     5.12801721983
32     38     3.25912292115
33     38     1.89992706757
34     38     1.01290967083
35     38     0.495482856059
36     38     0.22620709904
37     38     0.101925980416
38     38     0.0512570847059
39     38     0.0331610505236
40     38     0.0275428441819
41     38     0.0260446558241
42     38     0.0257063552272
43     38     0.0256429238652
44     38     0.0256333130528
45     38     0.025632182369
46     38     0.0256320854533
47     38     0.025632080069
48     38     0.0256320799235
49     38     0.0256320799235
50     38     0.0256285423529
51     38     0.0256175134564
52     38     0.0255377308349
53     38     0.0253355898894
54     38     0.0246357184369
55     38     0.0232215551659
56     38     0.0201547984034
57     38     0.0153437675908
58     38     0.0082797720097
59     38     0

0     39     0
1     39     0.00250558601692
2     39     0.00454783672467
3     39     0.00604731263593
4     39     0.00685332866851
5     39     0.00730196828954
6     39     0.00745061435737
7     39     0.00751523650251
8     39     0.00752543302951
9     39     0.00752897060011
10     39     0.00752897060011
11     39     0.00752897074562
12     39     0.00752897612983
13     39     0.00752907304559
14     39     0.0075302037294
15     39     0.00753981454181
16     39     0.00760324590374
17     39     0.00794154650066
18     39     0.00943973485846
19     39     0.0150579412002
20     39     0.0331610505236
21     39     0.0838433890021
22     39     0.20824549254
23     39     0.477719224873
24     39     0.995937940897
25     39     1.88407719776
26     39     3.24589072494
27     39     5.11800677574
28     39     7.43062072084
29     39     10
30     39     7.43062072084
31     39     5.11800677574
32     39     3.24589072494
33     39     1.88407719776
34     39     0.995937940897
35     39     0.477719224873
36     39     0.20824549254
37     39     0.0838433890021
38     39     0.0331610505236
39     39     0.0150579412002
40     39     0.00943973485846
41     39     0.00794154650066
42     39     0.00760324590374
43     39     0.00753981454181
44     39     0.0075302037294
45     39     0.00752907304559
46     39     0.00752897612983
47     39     0.00752897074562
48     39     0.00752897060011
49     39     0.00752897060011
50     39     0.00752897060011
51     39     0.00752543302951
52     39     0.00751523650251
53     39     0.00745061435737
54     39     0.00730196828954
55     39     0.00685332866851
56     39     0.00604731263593
57     39     0.00454783672467
58     39     0.00250558601692
59     39     0

0     40     0
1     40     0.000646612606943
2     40     0.00119843520224
3     40     0.00155063637067
4     40     0.00177342328243
5     40     0.00185907410923
6     40     0.00190044287592
7     40     0.00190793420188
8     40     0.00191076425835
9     40     0.00191076425835
10     40     0.00191076425835
11     40     0.00191076440387
12     40     0.00191076978808
13     40     0.00191086670384
14     40     0.00191199738765
15     40     0.00192160820006
16     40     0.00198503956199
17     40     0.00232334015891
18     40     0.00382152851671
19     40     0.00943973485846
20     40     0.0275428441819
21     40     0.0782315502875
22     40     0.202644652454
23     40     0.472206373815
24     40     0.990557073383
25     40     1.87915827264
26     40     3.24157587835
27     40     5.11490008619
28     40     7.42889478221
29     40     10
30     40     7.42889478221
31     40     5.11490008619
32     40     3.24157587835
33     40     1.87915827264
34     40     0.990557073383
35     40     0.472206373815
36     40     0.202644652454
37     40     0.0782315502875
38     40     0.0275428441819
39     40     0.00943973485846
40     40     0.00382152851671
41     40     0.00232334015891
42     40     0.00198503956199
43     40     0.00192160820006
44     40     0.00191199738765
45     40     0.00191086670384
46     40     0.00191076978808
47     40     0.00191076440387
48     40     0.00191076425835
49     40     0.00191076425835
50     40     0.00191076425835
51     40     0.00191076425835
52     40     0.00190793420188
53     40     0.00190044287592
54     40     0.00185907410923
55     40     0.00177342328243
56     40     0.00155063637067
57     40     0.00119843520224
58     40     0.000646612606943
59     40     0

0     41     0
1     41     0.000148117542267
2     41     0.000263609690592
3     41     0.000347595196217
4     41     0.000385749153793
5     41     0.000406431499869
6     41     0.000410774955526
7     41     0.000412575900555
8     41     0.000412575900555
9     41     0.000412575900555
10     41     0.000412575900555
11     41     0.000412576046074
12     41     0.000412581430282
13     41     0.000412678346038
14     41     0.000413809029851
15     41     0.000423419842264
16     41     0.000486851204187
17     41     0.000825151801109
18     41     0.00232334015891
19     41     0.00794154650066
20     41     0.0260446558241
21     41     0.0767333619297
22     41     0.201151095098
23     41     0.470720148878
24     41     0.989122175379
25     41     1.8777944427
26     41     3.24042525259
27     41     5.11400835123
28     41     7.4284345319
29     41     10
30     41     7.4284345319
31     41     5.11400835123
32     41     3.24042525259
33     41     1.8777944427
34     41     0.989122175379
35     41     0.470720148878
36     41     0.201151095098
37     41     0.0767333619297
38     41     0.0260446558241
39     41     0.00794154650066
40     41     0.00232334015891
41     41     0.000825151801109
42     41     0.000486851204187
43     41     0.000423419842264
44     41     0.000413809029851
45     41     0.000412678346038
46     41     0.000412581430282
47     41     0.000412576046074
48     41     0.000412575900555
49     41     0.000412575900555
50     41     0.000412575900555
51     41     0.000412575900555
52     41     0.000412575900555
53     41     0.000410774955526
54     41     0.000406431499869
55     41     0.000385749153793
56     41     0.000347595196217
57     41     0.000263609690592
58     41     0.000148117542267
59     41     0

0     42     0
1     42     2.7435598895e-05
2     42     5.06662763655e-05
3     42     6.35074684396e-05
4     42     7.14149791747e-05
5     42     7.33748311177e-05
6     42     7.4275303632e-05
7     42     7.4275303632e-05
8     42     7.4275303632e-05
9     42     7.4275303632e-05
10     42     7.4275303632e-05
11     42     7.42754491512e-05
12     42     7.42808333598e-05
13     42     7.43777491152e-05
14     42     7.55084329285e-05
15     42     8.5119245341e-05
16     42     0.000148550607264
17     42     0.000486851204187
18     42     0.00198503956199
19     42     0.00760324590374
20     42     0.0257063552272
21     42     0.0763950613327
22     42     0.200812794501
23     42     0.470384549699
24     42     0.988790524425
25     42     1.8774864811
26     42     3.24014774873
27     42     5.11380699172
28     42     7.42831946918
29     42     10
30     42     7.42831946918
31     42     5.11380699172
32     42     3.24014774873
33     42     1.8774864811
34     42     0.988790524425
35     42     0.470384549699
36     42     0.200812794501
37     42     0.0763950613327
38     42     0.0257063552272
39     42     0.00760324590374
40     42     0.00198503956199
41     42     0.000486851204187
42     42     0.000148550607264
43     42     8.5119245341e-05
44     42     7.55084329285e-05
45     42     7.43777491152e-05
46     42     7.42808333598e-05
47     42     7.42754491512e-05
48     42     7.4275303632e-05
49     42     7.4275303632e-05
50     42     7.4275303632e-05
51     42     7.4275303632e-05
52     42     7.4275303632e-05
53     42     7.4275303632e-05
54     42     7.33748311177e-05
55     42     7.14149791747e-05
56     42     6.35074684396e-05
57     42     5.06662763655e-05
58     42     2.7435598895e-05
59     42     0

0     43     0
1     43     4.44691977464e-06
2     43     7.5924617704e-06
3     43     9.82530764304e-06
4     43     1.04976061266e-05
5     43     1.0843941709e-05
6     43     1.0843941709e-05
7     43     1.0843941709e-05
8     43     1.0843941709e-05
9     43     1.0843941709e-05
10     43     1.0843941709e-05
11     43     1.08440872282e-05
12     43     1.08494714368e-05
13     43     1.09463871922e-05
14     43     1.20770710055e-05
15     43     2.16878834181e-05
16     43     8.5119245341e-05
17     43     0.000423419842264
18     43     0.00192160820006
19     43     0.00753981454181
20     43     0.0256429238652
21     43     0.0763316299708
22     43     0.200749363139
23     43     0.470321118337
24     43     0.988728339871
25     43     1.87742598864
26     43     3.24009571676
27     43     5.11376510985
28     43     7.42829789422
29     43     10
30     43     7.42829789422
31     43     5.11376510985
32     43     3.24009571676
33     43     1.87742598864
34     43     0.988728339871
35     43     0.470321118337
36     43     0.200749363139
37     43     0.0763316299708
38     43     0.0256429238652
39     43     0.00753981454181
40     43     0.00192160820006
41     43     0.000423419842264
42     43     8.5119245341e-05
43     43     2.16878834181e-05
44     43     1.20770710055e-05
45     43     1.09463871922e-05
46     43     1.08494714368e-05
47     43     1.08440872282e-05
48     43     1.0843941709e-05
49     43     1.0843941709e-05
50     43     1.0843941709e-05
51     43     1.0843941709e-05
52     43     1.0843941709e-05
53     43     1.0843941709e-05
54     43     1.0843941709e-05
55     43     1.04976061266e-05
56     43     9.82530764304e-06
57     43     7.5924617704e-06
58     43     4.44691977464e-06
59     43     0

0     44     0
1     44     5.26633812115e-07
2     44     9.6537405625e-07
3     44     1.1341762729e-06
4     44     1.23312929645e-06
5     44     1.23312929645e-06
6     44     1.23312929645e-06
7     44     1.23312929645e-06
8     44     1.23312929645e-06
9     44     1.23312929645e-06
10     44     1.23312929645e-06
11     44     1.2332748156e-06
12     44     1.23865902424e-06
13     44     1.33557477966e-06
14     44     2.4662585929e-06
15     44     1.20770710055e-05
16     44     7.55084329285e-05
17     44     0.000413809029851
18     44     0.00191199738765
19     44     0.0075302037294
20     44     0.0256333130528
21     44     0.0763220191584
22     44     0.200739752327
23     44     0.470311507524
24     44     0.988718729059
25     44     1.87741682312
26     44     3.24008709547
27     44     5.1137587527
28     44     7.42829406183
29     44     10
30     44     7.42829406183
31     44     5.1137587527
32     44     3.24008709547
33     44     1.87741682312
34     44     0.988718729059
35     44     0.470311507524
36     44     0.200739752327
37     44     0.0763220191584
38     44     0.0256333130528
39     44     0.0075302037294
40     44     0.00191199738765
41     44     0.000413809029851
42     44     7.55084329285e-05
43     44     1.20770710055e-05
44     44     2.4662585929e-06
45     44     1.33557477966e-06
46     44     1.23865902424e-06
47     44     1.2332748156e-06
48     44     1.23312929645e-06
49     44     1.23312929645e-06
50     44     1.23312929645e-06
51     44     1.23312929645e-06
52     44     1.23312929645e-06
53     44     1.23312929645e-06
54     44     1.23312929645e-06
55     44     1.23312929645e-06
56     44     1.1341762729e-06
57     44     9.6537405625e-07
58     44     5.26633812115e-07
59     44     0

0     45     0
1     45     5.35510480404e-08
2     45     8.26548784971e-08
3     45     1.02445483208e-07
4     45     1.02445483208e-07
5     45     1.02445483208e-07
6     45     1.02445483208e-07
7     45     1.02445483208e-07
8     45     1.02445483208e-07
9     45     1.02445483208e-07
10     45     1.02445483208e-07
11     45     1.0259100236e-07
12     45     1.07975210994e-07
13     45     2.04890966415e-07
14     45     1.33557477966e-06
15     45     1.09463871922e-05
16     45     7.43777491152e-05
17     45     0.000412678346038
18     45     0.00191086670384
19     45     0.00752907304559
20     45     0.025632182369
21     45     0.0763208884746
22     45     0.200738621643
23     45     0.470310376841
24     45     0.988717598375
25     45     1.87741559348
26     45     3.24008599389
27     45     5.11375760005
28     45     7.42829350085
29     45     10
30     45     7.42829350085
31     45     5.11375760005
32     45     3.24008599389
33     45     1.87741559348
34     45     0.988717598375
35     45     0.470310376841
36     45     0.200738621643
37     45     0.0763208884746
38     45     0.025632182369
39     45     0.00752907304559
40     45     0.00191086670384
41     45     0.000412678346038
42     45     7.43777491152e-05
43     45     1.09463871922e-05
44     45     1.33557477966e-06
45     45     2.04890966415e-07
46     45     1.07975210994e-07
47     45     1.0259100236e-07
48     45     1.02445483208e-07
49     45     1.02445483208e-07
50     45     1.02445483208e-07
51     45     1.02445483208e-07
52     45     1.02445483208e-07
53     45     1.02445483208e-07
54     45     1.02445483208e-07
55     45     1.02445483208e-07
56     45     1.02445483208e-07
57     45     8.26548784971e-08
58     45     5.35510480404e-08
59     45     0

0     46     0
1     46     3.05590219796e-09
2     46     5.52972778678e-09
3     46     5.52972778678e-09
4     46     5.52972778678e-09
5     46     5.52972778678e-09
6     46     5.52972778678e-09
7     46     5.52972778678e-09
8     46     5.52972778678e-09
9     46     5.52972778678e-09
10     46     5.52972778678e-09
11     46     5.67524693906e-09
12     46     1.10594555736e-08
13     46     1.07975210994e-07
14     46     1.23865902424e-06
15     46     1.08494714368e-05
16     46     7.42808333598e-05
17     46     0.000412581430282
18     46     0.00191076978808
19     46     0.00752897612983
20     46     0.0256320854533
21     46     0.0763207915588
22     46     0.200738524727
23     46     0.470310279925
24     46     0.988717155124
25     46     1.87741507165
26     46     3.24008424679
27     46     5.11375633097
28     46     7.42829203664
29     46     10
30     46     7.42829203664
31     46     5.11375633097
32     46     3.24008424679
33     46     1.87741507165
34     46     0.988717155124
35     46     0.470310279925
36     46     0.200738524727
37     46     0.0763207915588
38     46     0.0256320854533
39     46     0.00752897612983
40     46     0.00191076978808
41     46     0.000412581430282
42     46     7.42808333598e-05
43     46     1.08494714368e-05
44     46     1.23865902424e-06
45     46     1.07975210994e-07
46     46     1.10594555736e-08
47     46     5.67524693906e-09
48     46     5.52972778678e-09
49     46     5.52972778678e-09
50     46     5.52972778678e-09
51     46     5.52972778678e-09
52     46     5.52972778678e-09
53     46     5.52972778678e-09
54     46     5.52972778678e-09
55     46     5.52972778678e-09
56     46     5.52972778678e-09
57     46     5.52972778678e-09
58     46     3.05590219796e-09
59     46     0

0     47     0
1     47     1.45519152284e-10
2     47     1.45519152284e-10
3     47     1.45519152284e-10
4     47     1.45519152284e-10
5     47     1.45519152284e-10
6     47     1.45519152284e-10
7     47     1.45519152284e-10
8     47     1.45519152284e-10
9     47     1.45519152284e-10
10     47     1.45519152284e-10
11     47     2.91038304567e-10
12     47     5.67524693906e-09
13     47     1.0259100236e-07
14     47     1.2332748156e-06
15     47     1.08440872282e-05
16     47     7.42754491512e-05
17     47     0.000412576046074
18     47     0.00191076440387
19     47     0.00752897074562
20     47     0.025632080069
21     47     0.0763207861746
22     47     0.200738519343
23     47     0.470309374068
24     47     0.988715744024
25     47     1.87740869369
26     47     3.24007765754
27     47     5.11374474168
28     47     7.42828641451
29     47     10
30     47     7.42828641451
31     47     5.11374474168
32     47     3.24007765754
33     47     1.87740869369
34     47     0.988715744024
35     47     0.470309374068
36     47     0.200738519343
37     47     0.0763207861746
38     47     0.025632080069
39     47     0.00752897074562
40     47     0.00191076440387
41     47     0.000412576046074
42     47     7.42754491512e-05
43     47     1.08440872282e-05
44     47     1.2332748156e-06
45     47     1.0259100236e-07
46     47     5.67524693906e-09
47     47     2.91038304567e-10
48     47     1.45519152284e-10
49     47     1.45519152284e-10
50     47     1.45519152284e-10
51     47     1.45519152284e-10
52     47     1.45519152284e-10
53     47     1.45519152284e-10
54     47     1.45519152284e-10
55     47     1.45519152284e-10
56     47     1.45519152284e-10
57     47     1.45519152284e-10
58     47     1.45519152284e-10
59     47     0

0     48     0
1     48     0.0
2     48     0.0
3     48     0.0
4     48     0.0
5     48     0.0
6     48     0.0
7     48     0.0
8     48     0.0
9     48     0.0
10     48     0.0
11     48     1.45519152284e-10
12     48     5.52972778678e-09
13     48     1.02445483208e-07
14     48     1.23312929645e-06
15     48     1.0843941709e-05
16     48     7.4275303632e-05
17     48     0.000412575900555
18     48     0.00191076425835
19     48     0.00752897060011
20     48     0.0256320799235
21     48     0.0763207860291
22     48     0.200736718252
23     48     0.47030593094
24     48     0.988697999273
25     48     1.87738484936
26     48     3.24002524198
27     48     5.11370165099
28     48     7.4282481696
29     48     10
30     48     7.4282481696
31     48     5.11370165099
32     48     3.24002524198
33     48     1.87738484936
34     48     0.988697999273
35     48     0.47030593094
36     48     0.200736718252
37     48     0.0763207860291
38     48     0.0256320799235
39     48     0.00752897060011
40     48     0.00191076425835
41     48     0.000412575900555
42     48     7.4275303632e-05
43     48     1.0843941709e-05
44     48     1.23312929645e-06
45     48     1.02445483208e-07
46     48     5.52972778678e-09
47     48     1.45519152284e-10
48     48     0.0
49     48     0.0
50     48     0.0
51     48     0.0
52     48     0.0
53     48     0.0
54     48     0.0
55     48     0.0
56     48     0.0
57     48     0.0
58     48     0.0
59     48     0

0     49     0
1     49     0.0
2     49     0.0
3     49     0.0
4     49     0.0
5     49     0.0
6     49     0.0
7     49     0.0
8     49     0.0
9     49     0.0
10     49     0.0
11     49     1.45519152284e-10
12     49     5.52972778678e-09
13     49     1.02445483208e-07
14     49     1.23312929645e-06
15     49     1.0843941709e-05
16     49     7.4275303632e-05
17     49     0.000412575900555
18     49     0.00191076425835
19     49     0.00752897060011
20     49     0.0256320799235
21     49     0.0763179559726
22     49     0.200730256038
23     49     0.470268610516
24     49     0.988635972608
25     49     1.87722386909
26     49     3.2398434123
27     49     5.11345893901
28     49     7.42811513483
29     49     10
30     49     7.42811513483
31     49     5.11345893901
32     49     3.2398434123
33     49     1.87722386909
34     49     0.988635972608
35     49     0.470268610516
36     49     0.200730256038
37     49     0.0763179559726
38     49     0.0256320799235
39     49     0.00752897060011
40     49     0.00191076425835
41     49     0.000412575900555
42     49     7.4275303632e-05
43     49     1.0843941709e-05
44     49     1.23312929645e-06
45     49     1.02445483208e-07
46     49     5.52972778678e-09
47     49     1.45519152284e-10
48     49     0.0
49     49     0.0
50     49     0.0
51     49     0.0
52     49     0.0
53     49     0.0
54     49     0.0
55     49     0.0
56     49     0.0
57     49     0.0
58     49     0.0
59     49     0

0     50     0
1     50     0.0
2     50     0.0
3     50     0.0
4     50     0.0
5     50     0.0
6     50     0.0
7     50     0.0
8     50     0.0
9     50     0.0
10     50     0.0
11     50     1.45519152284e-10
12     50     5.52972778678e-09
13     50     1.02445483208e-07
14     50     1.23312929645e-06
15     50     1.0843941709e-05
16     50     7.4275303632e-05
17     50     0.000412575900555
18     50     0.00191076425835
19     50     0.00752897060011
20     50     0.0256285423529
21     50     0.0763084669597
22     50     0.200669368205
23     50     0.470147266169
24     50     0.988273952389
25     50     1.8767055124
26     50     3.23896812275
27     50     5.11267345224
28     50     7.42751876474
29     50     10
30     50     7.42751876474
31     50     5.11267345224
32     50     3.23896812275
33     50     1.8767055124
34     50     0.988273952389
35     50     0.470147266169
36     50     0.200669368205
37     50     0.0763084669597
38     50     0.0256285423529
39     50     0.00752897060011
40     50     0.00191076425835
41     50     0.000412575900555
42     50     7.4275303632e-05
43     50     1.0843941709e-05
44     50     1.23312929645e-06
45     50     1.02445483208e-07
46     50     5.52972778678e-09
47     50     1.45519152284e-10
48     50     0.0
49     50     0.0
50     50     0.0
51     50     0.0
52     50     0.0
53     50     0.0
54     50     0.0
55     50     0.0
56     50     0.0
57     50     0.0
58     50     0.0
59     50     0

0     51     0
1     51     0.0
2     51     0.0
3     51     0.0
4     51     0.0
5     51     0.0
6     51     0.0
7     51     0.0
8     51     0.0
9     51     0.0
10     51     0.0
11     51     1.45519152284e-10
12     51     5.52972778678e-09
13     51     1.02445483208e-07
14     51     1.23312929645e-06
15     51     1.0843941709e-05
16     51     7.4275303632e-05
17     51     0.000412575900555
18     51     0.00191076425835
19     51     0.00752543302951
20     51     0.0256175134564
21     51     0.0762302242219
22     51     0.200486122048
23     51     0.469528191315
24     51     0.987197640352
25     51     1.87453456223
26     51     3.23634855915
27     51     5.1096350007
28     51     7.42570661823
29     51     10
30     51     7.42570661823
31     51     5.1096350007
32     51     3.23634855915
33     51     1.87453456223
34     51     0.987197640352
35     51     0.469528191315
36     51     0.200486122048
37     51     0.0762302242219
38     51     0.0256175134564
39     51     0.00752543302951
40     51     0.00191076425835
41     51     0.000412575900555
42     51     7.4275303632e-05
43     51     1.0843941709e-05
44     51     1.23312929645e-06
45     51     1.02445483208e-07
46     51     5.52972778678e-09
47     51     1.45519152284e-10
48     51     0.0
49     51     0.0
50     51     0.0
51     51     0.0
52     51     0.0
53     51     0.0
54     51     0.0
55     51     0.0
56     51     0.0
57     51     0.0
58     51     0.0
59     51     0

0     52     0
1     52     0.0
2     52     0.0
3     52     0.0
4     52     0.0
5     52     0.0
6     52     0.0
7     52     0.0
8     52     0.0
9     52     0.0
10     52     0.0
11     52     1.45519152284e-10
12     52     5.52972778678e-09
13     52     1.02445483208e-07
14     52     1.23312929645e-06
15     52     1.0843941709e-05
16     52     7.4275303632e-05
17     52     0.000412575900555
18     52     0.00190793420188
19     52     0.00751523650251
20     52     0.0255377308349
21     52     0.0760134751908
22     52     0.199664448446
23     52     0.467838868499
24     52     0.983239787165
25     52     1.86856918037
26     52     3.22746755555
27     52     5.10108751536
28     52     7.41967653972
29     52     10
30     52     7.41967653972
31     52     5.10108751536
32     52     3.22746755555
33     52     1.86856918037
34     52     0.983239787165
35     52     0.467838868499
36     52     0.199664448446
37     52     0.0760134751908
38     52     0.0255377308349
39     52     0.00751523650251
40     52     0.00190793420188
41     52     0.000412575900555
42     52     7.4275303632e-05
43     52     1.0843941709e-05
44     52     1.23312929645e-06
45     52     1.02445483208e-07
46     52     5.52972778678e-09
47     52     1.45519152284e-10
48     52     0.0
49     52     0.0
50     52     0.0
51     52     0.0
52     52     0.0
53     52     0.0
54     52     0.0
55     52     0.0
56     52     0.0
57     52     0.0
58     52     0.0
59     52     0

0     53     0
1     53     0.0
2     53     0.0
3     53     0.0
4     53     0.0
5     53     0.0
6     53     0.0
7     53     0.0
8     53     0.0
9     53     0.0
10     53     0.0
11     53     1.45519152284e-10
12     53     5.52972778678e-09
13     53     1.02445483208e-07
14     53     1.23312929645e-06
15     53     1.0843941709e-05
16     53     7.4275303632e-05
17     53     0.000410774955526
18     53     0.00190044287592
19     53     0.00745061435737
20     53     0.0253355898894
21     53     0.0751582987141
22     53     0.197620177642
23     53     0.462366691791
24     53     0.973334740847
25     53     1.85074257897
26     53     3.20458853152
27     53     5.07587222673
28     53     7.40349954343
29     53     10
30     53     7.40349954343
31     53     5.07587222673
32     53     3.20458853152
33     53     1.85074257897
34     53     0.973334740847
35     53     0.462366691791
36     53     0.197620177642
37     53     0.0751582987141
38     53     0.0253355898894
39     53     0.00745061435737
40     53     0.00190044287592
41     53     0.000410774955526
42     53     7.4275303632e-05
43     53     1.0843941709e-05
44     53     1.23312929645e-06
45     53     1.02445483208e-07
46     53     5.52972778678e-09
47     53     1.45519152284e-10
48     53     0.0
49     53     0.0
50     53     0.0
51     53     0.0
52     53     0.0
53     53     0.0
54     53     0.0
55     53     0.0
56     53     0.0
57     53     0.0
58     53     0.0
59     53     0

0     54     0
1     54     0.0
2     54     0.0
3     54     0.0
4     54     0.0
5     54     0.0
6     54     0.0
7     54     0.0
8     54     0.0
9     54     0.0
10     54     0.0
11     54     1.45519152284e-10
12     54     5.52972778678e-09
13     54     1.02445483208e-07
14     54     1.23312929645e-06
15     54     1.0843941709e-05
16     54     7.33748311177e-05
17     54     0.000406431499869
18     54     0.00185907410923
19     54     0.00730196828954
20     54     0.0246357184369
21     54     0.0732328742743
22     54     0.191793052945
23     54     0.450003137812
24     54     0.947259563254
25     54     1.80921074469
26     54     3.14480184694
27     54     5.01363969699
28     54     7.35956623103
29     54     10
30     54     7.35956623103
31     54     5.01363969699
32     54     3.14480184694
33     54     1.80921074469
34     54     0.947259563254
35     54     0.450003137812
36     54     0.191793052945
37     54     0.0732328742743
38     54     0.0246357184369
39     54     0.00730196828954
40     54     0.00185907410923
41     54     0.000406431499869
42     54     7.33748311177e-05
43     54     1.0843941709e-05
44     54     1.23312929645e-06
45     54     1.02445483208e-07
46     54     5.52972778678e-09
47     54     1.45519152284e-10
48     54     0.0
49     54     0.0
50     54     0.0
51     54     0.0
52     54     0.0
53     54     0.0
54     54     0.0
55     54     0.0
56     54     0.0
57     54     0.0
58     54     0.0
59     54     0

0     55     0
1     55     0.0
2     55     0.0
3     55     0.0
4     55     0.0
5     55     0.0
6     55     0.0
7     55     0.0
8     55     0.0
9     55     0.0
10     55     0.0
11     55     1.45519152284e-10
12     55     5.52972778678e-09
13     55     1.02445483208e-07
14     55     1.23312929645e-06
15     55     1.04976061266e-05
16     55     7.14149791747e-05
17     55     0.000385749153793
18     55     0.00177342328243
19     55     0.00685332866851
20     55     0.0232215551659
21     55     0.0684259086847
22     55     0.180018735118
23     55     0.421469452558
24     55     0.893047663849
25     55     1.71386397444
26     55     3.01210501464
27     55     4.86223278043
28     55     7.25177181303
29     55     10
30     55     7.25177181303
31     55     4.86223278043
32     55     3.01210501464
33     55     1.71386397444
34     55     0.893047663849
35     55     0.421469452558
36     55     0.180018735118
37     55     0.0684259086847
38     55     0.0232215551659
39     55     0.00685332866851
40     55     0.00177342328243
41     55     0.000385749153793
42     55     7.14149791747e-05
43     55     1.04976061266e-05
44     55     1.23312929645e-06
45     55     1.02445483208e-07
46     55     5.52972778678e-09
47     55     1.45519152284e-10
48     55     0.0
49     55     0.0
50     55     0.0
51     55     0.0
52     55     0.0
53     55     0.0
54     55     0.0
55     55     0.0
56     55     0.0
57     55     0.0
58     55     0.0
59     55     0

0     56     0
1     56     0.0
2     56     0.0
3     56     0.0
4     56     0.0
5     56     0.0
6     56     0.0
7     56     0.0
8     56     0.0
9     56     0.0
10     56     0.0
11     56     1.45519152284e-10
12     56     5.52972778678e-09
13     56     1.02445483208e-07
14     56     1.1341762729e-06
15     56     9.82530764304e-06
16     56     6.35074684396e-05
17     56     0.000347595196217
18     56     0.00155063637067
19     56     0.00604731263593
20     56     0.0201547984034
21     56     0.0598245114088
22     56     0.156383197755
23     56     0.369230534416
24     56     0.78502082848
25     56     1.52800956275
26     56     2.73026923765
27     56     4.52791681106
28     56     6.98676600703
29     56     10
30     56     6.98676600703
31     56     4.52791681106
32     56     2.73026923765
33     56     1.52800956275
34     56     0.78502082848
35     56     0.369230534416
36     56     0.156383197755
37     56     0.0598245114088
38     56     0.0201547984034
39     56     0.00604731263593
40     56     0.00155063637067
41     56     0.000347595196217
42     56     6.35074684396e-05
43     56     9.82530764304e-06
44     56     1.1341762729e-06
45     56     1.02445483208e-07
46     56     5.52972778678e-09
47     56     1.45519152284e-10
48     56     0.0
49     56     0.0
50     56     0.0
51     56     0.0
52     56     0.0
53     56     0.0
54     56     0.0
55     56     0.0
56     56     0.0
57     56     0.0
58     56     0.0
59     56     0

0     57     0
1     57     0.0
2     57     0.0
3     57     0.0
4     57     0.0
5     57     0.0
6     57     0.0
7     57     0.0
8     57     0.0
9     57     0.0
10     57     0.0
11     57     1.45519152284e-10
12     57     5.52972778678e-09
13     57     8.26548784971e-08
14     57     9.6537405625e-07
15     57     7.5924617704e-06
16     57     5.06662763655e-05
17     57     0.000263609690592
18     57     0.00119843520224
19     57     0.00454783672467
20     57     0.0153437675908
21     57     0.0449616741389
22     57     0.118749639951
23     57     0.280083955731
24     57     0.604083845392
25     57     1.19301620638
26     57     2.19820452388
27     57     3.8176009903
28     57     6.33968480746
29     57     10
30     57     6.33968480746
31     57     3.8176009903
32     57     2.19820452388
33     57     1.19301620638
34     57     0.604083845392
35     57     0.280083955731
36     57     0.118749639951
37     57     0.0449616741389
38     57     0.0153437675908
39     57     0.00454783672467
40     57     0.00119843520224
41     57     0.000263609690592
42     57     5.06662763655e-05
43     57     7.5924617704e-06
44     57     9.6537405625e-07
45     57     8.26548784971e-08
46     57     5.52972778678e-09
47     57     1.45519152284e-10
48     57     0.0
49     57     0.0
50     57     0.0
51     57     0.0
52     57     0.0
53     57     0.0
54     57     0.0
55     57     0.0
56     57     0.0
57     57     0.0
58     57     0.0
59     57     0

0     58     0
1     58     0.0
2     58     0.0
3     58     0.0
4     58     0.0
5     58     0.0
6     58     0.0
7     58     0.0
8     58     0.0
9     58     0.0
10     58     0.0
11     58     1.45519152284e-10
12     58     3.05590219796e-09
13     58     5.35510480404e-08
14     58     5.26633812115e-07
15     58     4.44691977464e-06
16     58     2.7435598895e-05
17     58     0.000148117542267
18     58     0.000646612606943
19     58     0.00250558601692
20     58     0.0082797720097
21     58     0.0245898030698
22     58     0.064448278863
23     58     0.153920135926
24     58     0.333972475491
25     58     0.675113797188
26     58     1.29013995873
27     58     2.41849914717
28     58     4.67320630385
29     58     10
30     58     4.67320630385
31     58     2.41849914717
32     58     1.29013995873
33     58     0.675113797188
34     58     0.333972475491
35     58     0.153920135926
36     58     0.064448278863
37     58     0.0245898030698
38     58     0.0082797720097
39     58     0.00250558601692
40     58     0.000646612606943
41     58     0.000148117542267
42     58     2.7435598895e-05
43     58     4.44691977464e-06
44     58     5.26633812115e-07
45     58     5.35510480404e-08
46     58     3.05590219796e-09
47     58     1.45519152284e-10
48     58     0.0
49     58     0.0
50     58     0.0
51     58     0.0
52     58     0.0
53     58     0.0
54     58     0.0
55     58     0.0
56     58     0.0
57     58     0.0
58     58     0.0
59     58     0

0     59     0
1     59     0
2     59     0
3     59     0
4     59     0
5     59     0
6     59     0
7     59     0
8     59     0
9     59     0
10     59     0
11     59     0
12     59     0
13     59     0
14     59     0
15     59     0
16     59     0
17     59     0
18     59     0
19     59     0
20     59     0
21     59     0
22     59     0
23     59     0
24     59     0
25     59     0
26     59     0
27     59     0
28     59     0
29     59     0
30     59     0
31     59     0
32     59     0
33     59     0
34     59     0
35     59     0
36     59     0
37     59     0
38     59     0
39     59     0
40     59     0
41     59     0
42     59     0
43     59     0
44     59     0
45     59     0
46     59     0
47     59     0
48     59     0
49     59     0
50     59     0
51     59     0
52     59     0
53     59     0
54     59     0
55     59     0
56     59     0
57     59     0
58     59     0
59     59     0

