0     0     0
1     0     0
2     0     0
3     0     0
4     0     0
5     0     0
6     0     0
7     0     0
8     0     0
9     0     0
10     0     0
11     0     0
12     0     0
13     0     0
14     0     0
15     0     0
16     0     0
17     0     0
18     0     0
19     0     0
20     0     0
21     0     0
22     0     0
23     0     0
24     0     0
25     0     0
26     0     0
27     0     0
28     0     0
29     0     0
30     0     0
31     0     0
32     0     0
33     0     0
34     0     0
35     0     0
36     0     0
37     0     0
38     0     0
39     0     0
40     0     0
41     0     0
42     0     0
43     0     0
44     0     0
45     0     0
46     0     0
47     0     0
48     0     0
49     0     0
50     0     0
51     0     0
52     0     0
53     0     0
54     0     0
55     0     0
56     0     0
57     0     0
58     0     0
59     0     0

0     1     0
1     1     0.0
2     1     0.0
3     1     0.0
4     1     0.0
5     1     0.0
6     1     1.42108547152e-13
7     1     3.69482222595e-12
8     1     8.28492829896e-11
9     1     1.02374997368e-09
10     1     1.1125536048e-08
11     1     8.73180283634e-08
12     1     6.11054105093e-07
13     1     3.43034798789e-06
14     1     1.73498962397e-05
15     1     7.43584635643e-05
16     1     0.000289528055504
17     1     0.00098761417064
18     1     0.0030829889262
19     1     0.00862472408102
20     1     0.0222397966046
21     1     0.052306961768
22     1     0.11438844254
23     1     0.232100155896
24     1     0.444079235849
25     1     0.807728796856
26     1     1.42907568116
27     1     2.5340676999
28     1     4.74020924496
29     1     10
30     1     4.74020924496
31     1     2.5340676999
32     1     1.42907568116
33     1     0.807728796856
34     1     0.444079235849
35     1     0.232100155896
36     1     0.11438844254
37     1     0.052306961768
38     1     0.0222397966046
39     1     0.00862472408102
40     1     0.0030829889262
41     1     0.00098761417064
42     1     0.000289528055504
43     1     7.43584635643e-05
44     1     1.73498962397e-05
45     1     3.43034798789e-06
46     1     6.11054105093e-07
47     1     8.73180283634e-08
48     1     1.1125536048e-08
49     1     1.02374997368e-09
50     1     8.28492829896e-11
51     1     3.69482222595e-12
52     1     1.42108547152e-13
53     1     0.0
54     1     0.0
55     1     0.0
56     1     0.0
57     1     0.0
58     1     0.0
59     1     0

0     2     0
1     2     0.0
2     2     0.0
3     2     0.0
4     2     0.0
5     2     0.0
6     2     1.42108547152e-13
7     2     6.8212102633e-12
8     2     1.27613475343e-10
9     2     1.90766513697e-09
10     2     1.90070181816e-08
11     2     1.63711320056e-07
12     2     1.09145219085e-06
13     2     6.45760337648e-06
14     2     3.1725130043e-05
15     2     0.00014031616729
16     2     0.000536506080664
17     2     0.00186516483382
18     2     0.0057537909808
19     2     0.0162689839749
20     2     0.0415926205291
21     2     0.098222612296
22     2     0.21300465929
23     2     0.430668955551
24     2     0.812408003586
25     2     1.44886428595
26     2     2.4614691518
27     2     4.04077259679
28     2     6.46673708843
29     2     10
30     2     6.46673708843
31     2     4.04077259679
32     2     2.4614691518
33     2     1.44886428595
34     2     0.812408003586
35     2     0.430668955551
36     2     0.21300465929
37     2     0.098222612296
38     2     0.0415926205291
39     2     0.0162689839749
40     2     0.0057537909808
41     2     0.00186516483382
42     2     0.000536506080664
43     2     0.00014031616729
44     2     3.1725130043e-05
45     2     6.45760337648e-06
46     2     1.09145219085e-06
47     2     1.63711320056e-07
48     2     1.90070181816e-08
49     2     1.90766513697e-09
50     2     1.27613475343e-10
51     2     6.8212102633e-12
52     2     1.42108547152e-13
53     2     0.0
54     2     0.0
55     2     0.0
56     2     0.0
57     2     0.0
58     2     0.0
59     2     0

0     3     0
1     3     0.0
2     3     0.0
3     3     0.0
4     3     0.0
5     3     0.0
6     3     1.42108547152e-13
7     3     6.8212102633e-12
8     3     1.60440549735e-10
9     3     2.24588347919e-09
10     3     2.49768561389e-08
11     3     2.06266292935e-07
12     3     1.46324353523e-06
13     3     8.43086354507e-06
14     3     4.3005566539e-05
15     3     0.000186995469278
16     3     0.000731748251752
17     3     0.00251523875761
18     3     0.00786637324367
19     3     0.0220591450778
20     3     0.0567693291605
21     3     0.133045450914
22     3     0.288454640366
23     3     0.577145022522
24     3     1.07785956288
25     3     1.8822555839
26     3     3.10108989113
27     3     4.83740972653
28     3     7.16590212888
29     3     10
30     3     7.16590212888
31     3     4.83740972653
32     3     3.10108989113
33     3     1.8822555839
34     3     1.07785956288
35     3     0.577145022522
36     3     0.288454640366
37     3     0.133045450914
38     3     0.0567693291605
39     3     0.0220591450778
40     3     0.00786637324367
41     3     0.00251523875761
42     3     0.000731748251752
43     3     0.000186995469278
44     3     4.3005566539e-05
45     3     8.43086354507e-06
46     3     1.46324353523e-06
47     3     2.06266292935e-07
48     3     2.49768561389e-08
49     3     2.24588347919e-09
50     3     1.60440549735e-10
51     3     6.8212102633e-12
52     3     1.42108547152e-13
53     3     0.0
54     3     0.0
55     3     0.0
56     3     0.0
57     3     0.0
58     3     0.0
59     3     0

0     4     0
1     4     0.0
2     4     0.0
3     4     0.0
4     4     0.0
5     4     0.0
6     4     1.42108547152e-13
7     4     6.8212102633e-12
8     4     1.60440549735e-10
9     4     2.4647306418e-09
10     4     2.67723976322e-08
11     4     2.34911112784e-07
12     4     1.63505120554e-06
13     4     9.7946394817e-06
14     4     4.92954777087e-05
15     4     0.000219792575535
16     4     0.000852078430569
17     4     0.00297542487715
18     4     0.00924175534422
19     4     0.026147710289
20     4     0.0668886945807
21     4     0.157230704099
22     4     0.338474505951
23     4     0.674824959115
24     4     1.24582149486
25     4     2.14691336481
26     4     3.45995750628
27     4     5.24127412496
28     4     7.46838495882
29     4     10
30     4     7.46838495882
31     4     5.24127412496
32     4     3.45995750628
33     4     2.14691336481
34     4     1.24582149486
35     4     0.674824959115
36     4     0.338474505951
37     4     0.157230704099
38     4     0.0668886945807
39     4     0.026147710289
40     4     0.00924175534422
41     4     0.00297542487715
42     4     0.000852078430569
43     4     0.000219792575535
44     4     4.92954777087e-05
45     4     9.7946394817e-06
46     4     1.63505120554e-06
47     4     2.34911112784e-07
48     4     2.67723976322e-08
49     4     2.4647306418e-09
50     4     1.60440549735e-10
51     4     6.8212102633e-12
52     4     1.42108547152e-13
53     4     0.0
54     4     0.0
55     4     0.0
56     4     0.0
57     4     0.0
58     4     0.0
59     4     0

0     5     0
1     5     0.0
2     5     0.0
3     5     0.0
4     5     0.0
5     5     0.0
6     5     1.42108547152e-13
7     5     6.8212102633e-12
8     5     1.60440549735e-10
9     5     2.4647306418e-09
10     5     2.78119216546e-08
11     5     2.42055477884e-07
12     5     1.73892530597e-06
13     5     1.03341767499e-05
14     5     5.32097648431e-05
15     5     0.000235751915341
16     5     0.000928266494356
17     5     0.00322568046045
18     5     0.0101180402832
19     5     0.0285077132258
20     5     0.0732939837745
21     5     0.171514119936
22     5     0.369373861054
23     5     0.73177963763
24     5     1.34423177342
25     5     2.29242856049
26     5     3.65009160439
27     5     5.43739433224
28     5     7.604274481
29     5     10
30     5     7.604274481
31     5     5.43739433224
32     5     3.65009160439
33     5     2.29242856049
34     5     1.34423177342
35     5     0.73177963763
36     5     0.369373861054
37     5     0.171514119936
38     5     0.0732939837745
39     5     0.0285077132258
40     5     0.0101180402832
41     5     0.00322568046045
42     5     0.000928266494356
43     5     0.000235751915341
44     5     5.32097648431e-05
45     5     1.03341767499e-05
46     5     1.73892530597e-06
47     5     2.42055477884e-07
48     5     2.78119216546e-08
49     5     2.4647306418e-09
50     5     1.60440549735e-10
51     5     6.8212102633e-12
52     5     1.42108547152e-13
53     5     0.0
54     5     0.0
55     5     0.0
56     5     0.0
57     5     0.0
58     5     0.0
59     5     0

0     6     0
1     6     1.42108547152e-13
2     6     1.42108547152e-13
3     6     1.42108547152e-13
4     6     1.42108547152e-13
5     6     1.42108547152e-13
6     6     2.84217094304e-13
7     6     6.96331881045e-12
8     6     1.60582658282e-10
9     6     2.46487275035e-09
10     6     2.78120637631e-08
11     6     2.45797906473e-07
12     6     1.76109566041e-06
13     6     1.06298013236e-05
14     6     5.45624233439e-05
15     6     0.000244760124275
16     6     0.000961058806581
17     6     0.00336934097973
18     6     0.0105424683656
19     6     0.0298682363452
20     6     0.0765947348216
21     6     0.179662358523
22     6     0.385638757061
23     6     0.763301578118
24     6     1.39514985625
25     6     2.36839210275
26     6     3.74273607518
27     6     5.53063733109
28     6     7.66441353506
29     6     10
30     6     7.66441353506
31     6     5.53063733109
32     6     3.74273607518
33     6     2.36839210275
34     6     1.39514985625
35     6     0.763301578118
36     6     0.385638757061
37     6     0.179662358523
38     6     0.0765947348216
39     6     0.0298682363452
40     6     0.0105424683656
41     6     0.00336934097973
42     6     0.000961058806581
43     6     0.000244760124275
44     6     5.45624233439e-05
45     6     1.06298013236e-05
46     6     1.76109566041e-06
47     6     2.45797906473e-07
48     6     2.78120637631e-08
49     6     2.46487275035e-09
50     6     1.60582658282e-10
51     6     6.96331881045e-12
52     6     2.84217094304e-13
53     6     1.42108547152e-13
54     6     1.42108547152e-13
55     6     1.42108547152e-13
56     6     1.42108547152e-13
57     6     1.42108547152e-13
58     6     1.42108547152e-13
59     6     0

0     7     0
1     7     3.69482222595e-12
2     7     6.8212102633e-12
3     7     6.8212102633e-12
4     7     6.8212102633e-12
5     7     6.8212102633e-12
6     7     6.96331881045e-12
7     7     1.36424205266e-11
8     7     1.67261759998e-10
9     7     2.47155185207e-09
10     7     2.78187428648e-08
11     7     2.45804585575e-07
12     7     1.77170548454e-06
13     7     1.06848892756e-05
14     7     5.52392411635e-05
15     7     0.000247515847036
16     7     0.000977956428727
17     7     0.00342454426914
18     7     0.0107646410707
19     7     0.0304591407809
20     7     0.0783260665825
21     7     0.183431971082
22     7     0.394054242444
23     7     0.778182444282
24     7     1.42063520106
25     7     2.40363038694
26     7     3.7865844156
27     7     5.57178759727
28     7     7.69102123289
29     7     10
30     7     7.69102123289
31     7     5.57178759727
32     7     3.7865844156
33     7     2.40363038694
34     7     1.42063520106
35     7     0.778182444282
36     7     0.394054242444
37     7     0.183431971082
38     7     0.0783260665825
39     7     0.0304591407809
40     7     0.0107646410707
41     7     0.00342454426914
42     7     0.000977956428727
43     7     0.000247515847036
44     7     5.52392411635e-05
45     7     1.06848892756e-05
46     7     1.77170548454e-06
47     7     2.45804585575e-07
48     7     2.78187428648e-08
49     7     2.47155185207e-09
50     7     1.67261759998e-10
51     7     1.36424205266e-11
52     7     6.96331881045e-12
53     7     6.8212102633e-12
54     7     6.8212102633e-12
55     7     6.8212102633e-12
56     7     6.8212102633e-12
57     7     6.8212102633e-12
58     7     3.69482222595e-12
59     7     0

0     8     0
1     8     8.28492829896e-11
2     8     1.27613475343e-10
3     8     1.60440549735e-10
4     8     1.60440549735e-10
5     8     1.60440549735e-10
6     8     1.60582658282e-10
7     8     1.67261759998e-10
8     8     3.20881099469e-10
9     8     2.62517119154e-09
10     8     2.79723622043e-08
11     8     2.45958204914e-07
12     8     1.77185910388e-06
13     8     1.0709278655e-05
14     8     5.53509343604e-05
15     8     0.000248783420744
16     8     0.00098257395365
17     8     0.00345066390437
18     8     0.0108413473518
19     8     0.0307427250972
20     8     0.0790036097831
21     8     0.185241086816
22     8     0.397564774174
23     8     0.785213899964
24     8     1.43148608692
25     8     2.41974816079
26     8     3.80500264068
27     8     5.58977162788
28     8     7.70185670501
29     8     10
30     8     7.70185670501
31     8     5.58977162788
32     8     3.80500264068
33     8     2.41974816079
34     8     1.43148608692
35     8     0.785213899964
36     8     0.397564774174
37     8     0.185241086816
38     8     0.0790036097831
39     8     0.0307427250972
40     8     0.0108413473518
41     8     0.00345066390437
42     8     0.00098257395365
43     8     0.000248783420744
44     8     5.53509343604e-05
45     8     1.0709278655e-05
46     8     1.77185910388e-06
47     8     2.45958204914e-07
48     8     2.79723622043e-08
49     8     2.62517119154e-09
50     8     3.20881099469e-10
51     8     1.67261759998e-10
52     8     1.60582658282e-10
53     8     1.60440549735e-10
54     8     1.60440549735e-10
55     8     1.60440549735e-10
56     8     1.60440549735e-10
57     8     1.27613475343e-10
58     8     8.28492829896e-11
59     8     0

0     9     0
1     9     1.02374997368e-09
2     9     1.90766513697e-09
3     9     2.24588347919e-09
4     9     2.4647306418e-09
5     9     2.4647306418e-09
6     9     2.46487275035e-09
7     9     2.47155185207e-09
8     9     2.62517119154e-09
9     9     4.92946128361e-09
10     9     3.02766522964e-08
11     9     2.48262495006e-07
12     9     1.77416339397e-06
13     9     1.07115829451e-05
14     9     5.53986807006e-05
15     9     0.000248972083341
16     9     0.000984539446307
17     9     0.00345707950487
18     9     0.0108748489508
19     9     0.0308310605141
20     9     0.0793032368345
21     9     0.185880997067
22     9     0.399114811084
23     9     0.78786673176
24     9     1.43620179768
25     9     2.42596409944
26     9     3.81278328222
27     9     5.59666284822
28     9     7.7063008667
29     9     10
30     9     7.7063008667
31     9     5.59666284822
32     9     3.81278328222
33     9     2.42596409944
34     9     1.43620179768
35     9     0.78786673176
36     9     0.399114811084
37     9     0.185880997067
38     9     0.0793032368345
39     9     0.0308310605141
40     9     0.0108748489508
41     9     0.00345707950487
42     9     0.000984539446307
43     9     0.000248972083341
44     9     5.53986807006e-05
45     9     1.07115829451e-05
46     9     1.77416339397e-06
47     9     2.48262495006e-07
48     9     3.02766522964e-08
49     9     4.92946128361e-09
50     9     2.62517119154e-09
51     9     2.47155185207e-09
52     9     2.46487275035e-09
53     9     2.4647306418e-09
54     9     2.4647306418e-09
55     9     2.4647306418e-09
56     9     2.24588347919e-09
57     9     1.90766513697e-09
58     9     1.02374997368e-09
59     9     0

0     10     0
1     10     1.1125536048e-08
2     10     1.90070181816e-08
3     10     2.49768561389e-08
4     10     2.67723976322e-08
5     10     2.78119216546e-08
6     10     2.78120637631e-08
7     10     2.78187428648e-08
8     10     2.79723622043e-08
9     10     3.02766522964e-08
10     10     5.56238433091e-08
11     10     2.73609686019e-07
12     10     1.79951058499e-06
13     10     1.07369301361e-05
14     10     5.54240278916e-05
15     10     0.000249068118165
16     10     0.000984823767283
17     10     0.0034596382234
18     10     0.0108822914504
19     10     0.030866860172
20     10     0.079387648378
21     10     0.18614301206
22     10     0.39961108233
23     10     0.788950167307
24     10     1.43781299333
25     10     2.42846598366
26     10     3.81550660107
27     10     5.59937796805
28     10     7.70785806474
29     10     10
30     10     7.70785806474
31     10     5.59937796805
32     10     3.81550660107
33     10     2.42846598366
34     10     1.43781299333
35     10     0.788950167307
36     10     0.39961108233
37     10     0.18614301206
38     10     0.079387648378
39     10     0.030866860172
40     10     0.0108822914504
41     10     0.0034596382234
42     10     0.000984823767283
43     10     0.000249068118165
44     10     5.54240278916e-05
45     10     1.07369301361e-05
46     10     1.79951058499e-06
47     10     2.73609686019e-07
48     10     5.56238433091e-08
49     10     3.02766522964e-08
50     10     2.79723622043e-08
51     10     2.78187428648e-08
52     10     2.78120637631e-08
53     10     2.78119216546e-08
54     10     2.78119216546e-08
55     10     2.67723976322e-08
56     10     2.49768561389e-08
57     10     1.90070181816e-08
58     10     1.1125536048e-08
59     10     0

0     11     0
1     11     8.73180283634e-08
2     11     1.63711320056e-07
3     11     2.06266292935e-07
4     11     2.34911112784e-07
5     11     2.42055477884e-07
6     11     2.45797906473e-07
7     11     2.45804585575e-07
8     11     2.45958204914e-07
9     11     2.48262495006e-07
10     11     2.73609686019e-07
11     11     4.91595528729e-07
12     11     2.0174964277e-06
13     11     1.09549159788e-05
14     11     5.56420137343e-05
15     11     0.000249286104008
16     11     0.000985133647049
17     11     0.003460156953
18     11     0.0108852435788
19     11     0.0308742315627
20     11     0.0794196937584
21     11     0.186209968642
22     11     0.399800225948
23     11     0.789264176802
24     11     1.43842489703
25     11     2.42923948867
26     11     3.81652847842
27     11     5.60023911478
28     11     7.70843486144
29     11     10
30     11     7.70843486144
31     11     5.60023911478
32     11     3.81652847842
33     11     2.42923948867
34     11     1.43842489703
35     11     0.789264176802
36     11     0.399800225948
37     11     0.186209968642
38     11     0.0794196937584
39     11     0.0308742315627
40     11     0.0108852435788
41     11     0.003460156953
42     11     0.000985133647049
43     11     0.000249286104008
44     11     5.56420137343e-05
45     11     1.09549159788e-05
46     11     2.0174964277e-06
47     11     4.91595528729e-07
48     11     2.73609686019e-07
49     11     2.48262495006e-07
50     11     2.45958204914e-07
51     11     2.45804585575e-07
52     11     2.45797906473e-07
53     11     2.45797764364e-07
54     11     2.42055477884e-07
55     11     2.34911112784e-07
56     11     2.06266292935e-07
57     11     1.63711320056e-07
58     11     8.73180283634e-08
59     11     0

0     12     0
1     12     6.11054105093e-07
2     12     1.09145219085e-06
3     12     1.46324353523e-06
4     12     1.63505120554e-06
5     12     1.73892530597e-06
6     12     1.76109566041e-06
7     12     1.77170548454e-06
8     12     1.77185910388e-06
9     12     1.77416339397e-06
10     12     1.79951058499e-06
11     12     2.0174964277e-06
12     12     3.54339732667e-06
13     12     1.24808168778e-05
14     12     5.71679146333e-05
15     12     0.000250812004907
16     12     0.000986659547948
17     12     0.00346178310181
18     12     0.0108870618695
19     12     0.0308782278587
20     12     0.0794269649114
21     12     0.186235026307
22     12     0.399845210911
23     12     0.789377224483
24     12     1.43858622309
25     12     2.42951506703
26     12     3.81681421738
27     12     5.60054279091
28     12     7.70859990788
29     12     10
30     12     7.70859990788
31     12     5.60054279091
32     12     3.81681421738
33     12     2.42951506703
34     12     1.43858622309
35     12     0.789377224483
36     12     0.399845210911
37     12     0.186235026307
38     12     0.0794269649114
39     12     0.0308782278587
40     12     0.0108870618695
41     12     0.00346178310181
42     12     0.000986659547948
43     12     0.000250812004907
44     12     5.71679146333e-05
45     12     1.24808168778e-05
46     12     3.54339732667e-06
47     12     2.0174964277e-06
48     12     1.79951058499e-06
49     12     1.77416339397e-06
50     12     1.77185910388e-06
51     12     1.77170548454e-06
52     12     1.77169880544e-06
53     12     1.7610955183e-06
54     12     1.73892530597e-06
55     12     1.63505120554e-06
56     12     1.46324353523e-06
57     12     1.09145219085e-06
58     12     6.11054105093e-07
59     12     0

0     13     0
1     13     3.43034798789e-06
2     13     6.45760337648e-06
3     13     8.43086354507e-06
4     13     9.7946394817e-06
5     13     1.03341767499e-05
6     13     1.06298013236e-05
7     13     1.06848892756e-05
8     13     1.0709278655e-05
9     13     1.07115829451e-05
10     13     1.07369301361e-05
11     13     1.09549159788e-05
12     13     1.24808168778e-05
13     13     2.14182364289e-05
14     13     6.61053341844e-05
15     13     0.000259749424458
16     13     0.000995596967499
17     13     0.00347072052136
18     13     0.010896091183
19     13     0.0308874030458
20     13     0.0794377676583
21     13     0.186247789304
22     13     0.399868488752
23     13     0.789409156768
24     13     1.43864797077
25     13     2.42958740636
26     13     3.8169155792
27     13     5.60062332011
28     13     7.70865705572
29     13     10
30     13     7.70865705572
31     13     5.60062332011
32     13     3.8169155792
33     13     2.42958740636
34     13     1.43864797077
35     13     0.789409156768
36     13     0.399868488752
37     13     0.186247789304
38     13     0.0794377676583
39     13     0.0308874030458
40     13     0.010896091183
41     13     0.00347072052136
42     13     0.000995596967499
43     13     0.000259749424458
44     13     6.61053341844e-05
45     13     2.14182364289e-05
46     13     1.24808168778e-05
47     13     1.09549159788e-05
48     13     1.07369301361e-05
49     13     1.07115829451e-05
50     13     1.0709278655e-05
51     13     1.07091250356e-05
52     13     1.06848825965e-05
53     13     1.06298011815e-05
54     13     1.03341767499e-05
55     13     9.7946394817e-06
56     13     8.43086354507e-06
57     13     6.45760337648e-06
58     13     3.43034798789e-06
59     13     0

0     14     0
1     14     1.73498962397e-05
2     14     3.1725130043e-05
3     14     4.3005566539e-05
4     14     4.92954777087e-05
5     14     5.32097648431e-05
6     14     5.45624233439e-05
7     14     5.52392411635e-05
8     14     5.53509343604e-05
9     14     5.53986807006e-05
10     14     5.54240278916e-05
11     14     5.56420137343e-05
12     14     5.71679146333e-05
13     14     6.61053341844e-05
14     14     0.00011079243194
15     14     0.000304436522214
16     14     0.00104028406525
17     14     0.00351540761912
18     14     0.0109407782807
19     14     0.0309321608312
20     14     0.0794826158688
21     14     0.186293578119
22     14     0.399915096671
23     14     0.78946001773
24     14     1.43870035911
25     14     2.42964612059
26     14     3.81696902662
27     14     5.60067096084
28     14     7.70868235069
29     14     10
30     14     7.70868235069
31     14     5.60067096084
32     14     3.81696902662
33     14     2.42964612059
34     14     1.43870035911
35     14     0.78946001773
36     14     0.399915096671
37     14     0.186293578119
38     14     0.0794826158688
39     14     0.0309321608312
40     14     0.0109407782807
41     14     0.00351540761912
42     14     0.00104028406525
43     14     0.000304436522214
44     14     0.00011079243194
45     14     6.61053341844e-05
46     14     5.71679146333e-05
47     14     5.56420137343e-05
48     14     5.54240278916e-05
49     14     5.53986807006e-05
50     14     5.53963764105e-05
51     14     5.5350780741e-05
52     14     5.52392344844e-05
53     14     5.45624232018e-05
54     14     5.32097648431e-05
55     14     4.92954777087e-05
56     14     4.3005566539e-05
57     14     3.1725130043e-05
58     14     1.73498962397e-05
59     14     0

0     15     0
1     15     7.43584635643e-05
2     15     0.00014031616729
3     15     0.000186995469278
4     15     0.000219792575535
5     15     0.000235751915341
6     15     0.000244760124275
7     15     0.000247515847036
8     15     0.000248783420744
9     15     0.000248972083341
10     15     0.000249068118165
11     15     0.000249286104008
12     15     0.000250812004907
13     15     0.000259749424458
14     15     0.000304436522214
15     15     0.000498080612488
16     15     0.00123392815553
17     15     0.00370905170939
18     15     0.011134422371
19     15     0.0311258049214
20     15     0.0796761892714
21     15     0.186487010606
22     15     0.400107373277
23     15     0.789650215431
24     15     1.43888290126
25     15     2.42981661769
26     15     3.81711301653
27     15     5.60077955187
28     15     7.70873935926
29     15     10
30     15     7.70873935926
31     15     5.60077955187
32     15     3.81711301653
33     15     2.42981661769
34     15     1.43888290126
35     15     0.789650215431
36     15     0.400107373277
37     15     0.186487010606
38     15     0.0796761892714
39     15     0.0311258049214
40     15     0.011134422371
41     15     0.00370905170939
42     15     0.00123392815553
43     15     0.000498080612488
44     15     0.000304436522214
45     15     0.000259749424458
46     15     0.000250812004907
47     15     0.000249286104008
48     15     0.000249068118165
49     15     0.000249042770974
50     15     0.000248969779051
51     15     0.000248783267125
52     15     0.000247515840357
53     15     0.000244760124133
54     15     0.000235751915341
55     15     0.000219792575535
56     15     0.000186995469278
57     15     0.00014031616729
58     15     7.43584635643e-05
59     15     0

0     16     0
1     16     0.000289528055504
2     16     0.000536506080664
3     16     0.000731748251752
4     16     0.000852078430569
5     16     0.000928266494356
6     16     0.000961058806581
7     16     0.000977956428727
8     16     0.00098257395365
9     16     0.000984539446307
10     16     0.000984823767283
11     16     0.000985133647049
12     16     0.000986659547948
13     16     0.000995596967499
14     16     0.00104028406525
15     16     0.00123392815553
16     16     0.00196977569857
17     16     0.00444489925243
18     16     0.011870269914
19     16     0.0318614898829
20     16     0.0804115955216
21     16     0.187219653979
22     16     0.400835760291
23     16     0.790359585773
24     16     1.43956590308
25     16     2.43042969015
26     16     3.81763889659
27     16     5.60115336859
28     16     7.70894315343
29     16     10
30     16     7.70894315343
31     16     5.60115336859
32     16     3.81763889659
33     16     2.43042969015
34     16     1.43956590308
35     16     0.790359585773
36     16     0.400835760291
37     16     0.187219653979
38     16     0.0804115955216
39     16     0.0318614898829
40     16     0.011870269914
41     16     0.00444489925243
42     16     0.00196977569857
43     16     0.00123392815553
44     16     0.00104028406525
45     16     0.000995596967499
46     16     0.000986659547948
47     16     0.000985133647049
48     16     0.000984915661206
49     16     0.000984798420092
50     16     0.000984537142017
51     16     0.00098257380003
52     16     0.000977956422048
53     16     0.000961058806439
54     16     0.000928266494356
55     16     0.000852078430569
56     16     0.000731748251752
57     16     0.000536506080664
58     16     0.000289528055504
59     16     0

0     17     0
1     17     0.00098761417064
2     17     0.00186516483382
3     17     0.00251523875761
4     17     0.00297542487715
5     17     0.00322568046045
6     17     0.00336934097973
7     17     0.00342454426914
8     17     0.00345066390437
9     17     0.00345707950487
10     17     0.0034596382234
11     17     0.003460156953
12     17     0.00346178310181
13     17     0.00347072052136
14     17     0.00351540761912
15     17     0.00370905170939
16     17     0.00444489925243
17     17     0.0069200228063
18     17     0.0143452013261
19     17     0.0343360665715
20     17     0.0828822702529
21     17     0.189683918352
22     17     0.403267983474
23     17     0.792744804367
24     17     1.44181016462
25     17     2.43248885685
26     17     3.8193279929
27     17     5.60240686429
28     17     7.709586911
29     17     10
30     17     7.709586911
31     17     5.60240686429
32     17     3.8193279929
33     17     2.43248885685
34     17     1.44181016462
35     17     0.792744804367
36     17     0.403267983474
37     17     0.189683918352
38     17     0.0828822702529
39     17     0.0343360665715
40     17     0.0143452013261
41     17     0.0069200228063
42     17     0.00444489925243
43     17     0.00370905170939
44     17     0.00351540761912
45     17     0.00347072052136
46     17     0.00346178310181
47     17     0.00346025720091
48     17     0.00345993896715
49     17     0.00345961287621
50     17     0.00345707720058
51     17     0.00345066375075
52     17     0.00342454426246
53     17     0.00336934097959
54     17     0.00322568046045
55     17     0.00297542487715
56     17     0.00251523875761
57     17     0.00186516483382
58     17     0.00098761417064
59     17     0

0     18     0
1     18     0.0030829889262
2     18     0.0057537909808
3     18     0.00786637324367
4     18     0.00924175534422
5     18     0.0101180402832
6     18     0.0105424683656
7     18     0.0107646410707
8     18     0.0108413473518
9     18     0.0108748489508
10     18     0.0108822914504
11     18     0.0108852435788
12     18     0.0108870618695
13     18     0.010896091183
14     18     0.0109407782807
15     18     0.011134422371
16     18     0.011870269914
17     18     0.0143452013261
18     18     0.0217699955621
19     18     0.0417562494034
20     18     0.0902942944467
21     18     0.197051070036
22     18     0.410564621214
23     18     0.799806399369
24     18     1.44854269526
25     18     2.43848100911
26     18     3.8243946454
27     18     5.60599274205
28     18     7.71151776305
29     18     10
30     18     7.71151776305
31     18     5.60599274205
32     18     3.8243946454
33     18     2.43848100911
34     18     1.44854269526
35     18     0.799806399369
36     18     0.410564621214
37     18     0.197051070036
38     18     0.0902942944467
39     18     0.0417562494034
40     18     0.0217699955621
41     18     0.0143452013261
42     18     0.011870269914
43     18     0.011134422371
44     18     0.0109407782807
45     18     0.010896091183
46     18     0.0108871537634
47     18     0.0108855359686
48     18     0.010885025593
49     18     0.0108822661032
50     18     0.0108748466465
51     18     0.0108413471982
52     18     0.010764641064
53     18     0.0105424683655
54     18     0.0101180402832
55     18     0.00924175534422
56     18     0.00786637324367
57     18     0.0057537909808
58     18     0.0030829889262
59     18     0

0     19     0
1     19     0.00862472408102
2     19     0.0162689839749
3     19     0.0220591450778
4     19     0.026147710289
5     19     0.0285077132258
6     19     0.0298682363452
7     19     0.0304591407809
8     19     0.0307427250972
9     19     0.0308310605141
10     19     0.030866860172
11     19     0.0308742315627
12     19     0.0308782278587
13     19     0.0308874030458
14     19     0.0309321608312
15     19     0.0311258049214
16     19     0.0318614898829
17     19     0.0343360665715
18     19     0.0417562494034
19     19     0.0617336647201
20     19     0.110218678615
21     19     0.216885709185
22     19     0.430070195292
23     19     0.81881837584
24     19     1.46632067875
25     19     2.45461366718
26     19     3.83756572117
27     19     5.61564693302
28     19     7.7164827777
29     19     10
30     19     7.7164827777
31     19     5.61564693302
32     19     3.83756572117
33     19     2.45461366718
34     19     1.46632067875
35     19     0.81881837584
36     19     0.430070195292
37     19     0.216885709185
38     19     0.110218678615
39     19     0.0617336647201
40     19     0.0417562494034
41     19     0.0343360665715
42     19     0.0318614898829
43     19     0.0311258049214
44     19     0.0309321608312
45     19     0.0308874737334
46     19     0.0308784656262
47     19     0.0308767019578
48     19     0.0308740135769
49     19     0.0308668348248
50     19     0.0308310582098
51     19     0.0307427249436
52     19     0.0304591407742
53     19     0.029868236345
54     19     0.0285077132258
55     19     0.026147710289
56     19     0.0220591450778
57     19     0.0162689839749
58     19     0.00862472408102
59     19     0

0     20     0
1     20     0.0222397966046
2     20     0.0415926205291
3     20     0.0567693291605
4     20     0.0668886945807
5     20     0.0732939837745
6     20     0.0765947348216
7     20     0.0783260665825
8     20     0.0790036097831
9     20     0.0793032368345
10     20     0.079387648378
11     20     0.0794196937584
12     20     0.0794269649114
13     20     0.0794377676583
14     20     0.0794826158688
15     20     0.0796761892714
16     20     0.0804115955216
17     20     0.0828822702529
18     20     0.0902942944467
19     20     0.110218678615
20     20     0.15860646874
21     20     0.264884604225
22     20     0.477440875195
23     20     0.864461464117
24     20     1.50949577899
25     20     2.49285279156
26     20     3.86955260913
27     20     5.63825546684
28     20     7.72854066228
29     20     10
30     20     7.72854066228
31     20     5.63825546684
32     20     3.86955260913
33     20     2.49285279156
34     20     1.50949577899
35     20     0.864461464117
36     20     0.477440875195
37     20     0.264884604225
38     20     0.15860646874
39     20     0.110218678615
40     20     0.0902942944467
41     20     0.0828822702529
42     20     0.0804115955216
43     20     0.0796761892714
44     20     0.0794826613108
45     20     0.079437928771
46     20     0.0794288302387
47     20     0.0794254390105
48     20     0.0794194757725
49     20     0.0793876230308
50     20     0.0793032345302
51     20     0.0790036096295
52     20     0.0783260665759
53     20     0.0765947348215
54     20     0.0732939837745
55     20     0.0668886945807
56     20     0.0567693291605
57     20     0.0415926205291
58     20     0.0222397966046
59     20     0

0     21     0
1     21     0.052306961768
2     21     0.098222612296
3     21     0.133045450914
4     21     0.157230704099
5     21     0.171514119936
6     21     0.179662358523
7     21     0.183431971082
8     21     0.185241086816
9     21     0.185880997067
10     21     0.18614301206
11     21     0.186209968642
12     21     0.186235026307
13     21     0.186247789304
14     21     0.186293578119
15     21     0.186487010606
16     21     0.187219653979
17     21     0.189683918352
18     21     0.197051070036
19     21     0.216885709185
20     21     0.264884604225
21     21     0.370482173312
22     21     0.580996745088
23     21     0.964876258327
24     21     1.60300020669
25     21     2.57697886473
26     21     3.93804809143
27     21     5.68799424004
28     21     7.75416366669
29     21     10
30     21     7.75416366669
31     21     5.68799424004
32     21     3.93804809143
33     21     2.57697886473
34     21     1.60300020669
35     21     0.964876258327
36     21     0.580996745088
37     21     0.370482173312
38     21     0.264884604225
39     21     0.216885709185
40     21     0.197051070036
41     21     0.189683918352
42     21     0.187219653979
43     21     0.186487034841
44     21     0.186293668452
45     21     0.186248960699
46     21     0.186238851885
47     21     0.186233500406
48     21     0.186209750656
49     21     0.186142986713
50     21     0.185880994762
51     21     0.185241086663
52     21     0.183431971075
53     21     0.179662358523
54     21     0.171514119936
55     21     0.157230704099
56     21     0.133045450914
57     21     0.098222612296
58     21     0.052306961768
59     21     0

0     22     0
1     22     0.11438844254
2     22     0.21300465929
3     22     0.288454640366
4     22     0.338474505951
5     22     0.369373861054
6     22     0.385638757061
7     22     0.394054242444
8     22     0.397564774174
9     22     0.399114811084
10     22     0.39961108233
11     22     0.399800225948
12     22     0.399845210911
13     22     0.399868488752
14     22     0.399915096671
15     22     0.400107373277
16     22     0.400835760291
17     22     0.403267983474
18     22     0.410564621214
19     22     0.430070195292
20     22     0.477440875195
21     22     0.580996745088
22     22     0.788108484874
23     22     1.16382120134
24     22     1.79000906211
25     22     2.74210489288
26     22     4.07503905596
27     22     5.78479225655
28     22     7.80540967543
29     22     10
30     22     7.80540967543
31     22     5.78479225655
32     22     4.07503905596
33     22     2.74210489288
34     22     1.79000906211
35     22     1.16382120134
36     22     0.788108484874
37     22     0.580996745088
38     22     0.477440875195
39     22     0.430070195292
40     22     0.410564621214
41     22     0.403267983474
42     22     0.400835770894
43     22     0.400107414726
44     22     0.399915703391
45     22     0.399870583768
46     22     0.399859586171
47     22     0.39984368501
48     22     0.399800007962
49     22     0.399611056983
50     22     0.39911480878
51     22     0.39756477402
52     22     0.394054242437
53     22     0.38563875706
54     22     0.369373861054
55     22     0.338474505951
56     22     0.288454640366
57     22     0.21300465929
58     22     0.11438844254
59     22     0

0     23     0
1     23     0.232100155896
2     23     0.430668955551
3     23     0.577145022522
4     23     0.674824959115
5     23     0.73177963763
6     23     0.763301578118
7     23     0.778182444282
8     23     0.785213899964
9     23     0.78786673176
10     23     0.788950167307
11     23     0.789264176802
12     23     0.789377224483
13     23     0.789409156768
14     23     0.78946001773
15     23     0.789650215431
16     23     0.790359585773
17     23     0.792744804367
18     23     0.799806399369
19     23     0.81881837584
20     23     0.864461464117
21     23     0.964876258327
22     23     1.16382120134
23     23     1.52660315624
24     23     2.12692949388
25     23     3.04321706186
26     23     4.31988109771
27     23     5.96130628664
28     23     7.89651369096
29     23     10
30     23     7.89651369096
31     23     5.96130628664
32     23     4.31988109771
33     23     3.04321706186
34     23     2.12692949388
35     23     1.52660315624
36     23     1.16382120134
37     23     0.964876258327
38     23     0.864461464117
39     23     0.81881837584
40     23     0.799806399369
41     23     0.792744808109
42     23     0.790359601083
43     23     0.789650471283
44     23     0.78946094943
45     23     0.789416340961
46     23     0.789400303372
47     23     0.789375712927
48     23     0.789263958816
49     23     0.78895014196
50     23     0.787866729456
51     23     0.78521389981
52     23     0.778182444275
53     23     0.763301578118
54     23     0.73177963763
55     23     0.674824959115
56     23     0.577145022522
57     23     0.430668955551
58     23     0.232100155896
59     23     0

0     24     0
1     24     0.444079235849
2     24     0.812408003586
3     24     1.07785956288
4     24     1.24582149486
5     24     1.34423177342
6     24     1.39514985625
7     24     1.42063520106
8     24     1.43148608692
9     24     1.43620179768
10     24     1.43781299333
11     24     1.43842489703
12     24     1.43858622309
13     24     1.43864797077
14     24     1.43870035911
15     24     1.43888290126
16     24     1.43956590308
17     24     1.44181016462
18     24     1.44854269526
19     24     1.46632067875
20     24     1.50949577899
21     24     1.60300020669
22     24     1.79000906211
23     24     2.12692949388
24     24     2.68846354684
25     24     3.53825005535
26     24     4.72795116728
27     24     6.24980233583
28     24     8.04835371685
29     24     10
30     24     8.04835371685
31     24     6.24980233583
32     24     4.72795116728
33     24     3.53825005535
34     24     2.68846354684
35     24     2.12692949388
36     24     1.79000906211
37     24     1.60300020669
38     24     1.50949577899
39     24     1.46632067875
40     24     1.44854269629
41     24     1.44181016907
42     24     1.43956598923
43     24     1.43888323132
44     24     1.4387032508
45     24     1.43865781358
46     24     1.43863946166
47     24     1.43858473066
48     24     1.43842468382
49     24     1.43781296799
50     24     1.43620179537
51     24     1.43148608676
52     24     1.42063520105
53     24     1.39514985625
54     24     1.34423177342
55     24     1.24582149486
56     24     1.07785956288
57     24     0.812408003586
58     24     0.444079235849
59     24     0

0     25     0
1     25     0.807728796856
2     25     1.44886428595
3     25     1.8822555839
4     25     2.14691336481
5     25     2.29242856049
6     25     2.36839210275
7     25     2.40363038694
8     25     2.41974816079
9     25     2.42596409944
10     25     2.42846598366
11     25     2.42923948867
12     25     2.42951506703
13     25     2.42958740636
14     25     2.42964612059
15     25     2.42981661769
16     25     2.43042969015
17     25     2.43248885685
18     25     2.43848100911
19     25     2.45461366718
20     25     2.49285279156
21     25     2.57697886473
22     25     2.74210489288
23     25     3.04321706186
24     25     3.53825005535
25     25     4.29382672963
26     25     5.34221309019
27     25     6.6901384109
28     25     8.27611375568
29     25     10
30     25     8.27611375568
31     25     6.6901384109
32     25     5.34221309019
33     25     4.29382672963
34     25     3.53825005535
35     25     3.04321706186
36     25     2.74210489288
37     25     2.57697886473
38     25     2.49285279156
39     25     2.45461366739
40     25     2.43848101008
41     25     2.43248887933
42     25     2.43042978056
43     25     2.42981753233
44     25     2.42964941086
45     25     2.4296075344
46     25     2.42957933718
47     25     2.42951368936
48     25     2.42923928151
49     25     2.42846595957
50     25     2.42596409714
51     25     2.41974816063
52     25     2.40363038693
53     25     2.36839210275
54     25     2.29242856049
55     25     2.14691336481
56     25     1.8822555839
57     25     1.44886428595
58     25     0.807728796856
59     25     0

0     26     0
1     26     1.42907568116
2     26     2.4614691518
3     26     3.10108989113
4     26     3.45995750628
5     26     3.65009160439
6     26     3.74273607518
7     26     3.7865844156
8     26     3.80500264068
9     26     3.81278328222
10     26     3.81550660107
11     26     3.81652847842
12     26     3.81681421738
13     26     3.8169155792
14     26     3.81696902662
15     26     3.81711301653
16     26     3.81763889659
17     26     3.8193279929
18     26     3.8243946454
19     26     3.83756572117
20     26     3.86955260913
21     26     3.93804809143
22     26     4.07503905596
23     26     4.31988109771
24     26     4.72795116728
25     26     5.34221309019
26     26     6.20217978226
27     26     7.29887887833
28     26     8.59497781004
29     26     10
30     26     8.59497781004
31     26     7.29887887833
32     26     6.20217978226
33     26     5.34221309019
34     26     4.72795116728
35     26     4.31988109771
36     26     4.07503905596
37     26     3.93804809143
38     26     3.86955260916
39     26     3.83756572132
40     26     3.82439464972
41     26     3.81932801113
42     26     3.81763911481
43     26     3.81711384423
44     26     3.81697484485
45     26     3.81693527962
46     26     3.8169088298
47     26     3.81681297864
48     26     3.81652830146
49     26     3.81550657849
50     26     3.81278328016
51     26     3.80500264052
52     26     3.7865844156
53     26     3.74273607518
54     26     3.65009160439
55     26     3.45995750628
56     26     3.10108989113
57     26     2.4614691518
58     26     1.42907568116
59     26     0

0     27     0
1     27     2.5340676999
2     27     4.04077259679
3     27     4.83740972653
4     27     5.24127412496
5     27     5.43739433224
6     27     5.53063733109
7     27     5.57178759727
8     27     5.58977162788
9     27     5.59666284822
10     27     5.59937796805
11     27     5.60023911478
12     27     5.60054279091
13     27     5.60062332011
14     27     5.60067096084
15     27     5.60077955187
16     27     5.60115336859
17     27     5.60240686429
18     27     5.60599274205
19     27     5.61564693302
20     27     5.63825546684
21     27     5.68799424004
22     27     5.78479225655
23     27     5.96130628664
24     27     6.24980233583
25     27     6.6901384109
26     27     7.29887887833
27     27     8.08154519358
28     27     9.00080478832
29     27     10
30     27     9.00080478832
31     27     8.08154519358
32     27     7.29887887833
33     27     6.6901384109
34     27     6.24980233583
35     27     5.96130628664
36     27     5.78479225655
37     27     5.68799424005
38     27     5.63825546686
39     27     5.61564693358
40     27     5.60599274452
41     27     5.6024069006
42     27     5.60115351351
43     27     5.60078075079
44     27     5.60067525455
45     27     5.60064689222
46     27     5.60061809888
47     27     5.60054189948
48     27     5.60023897255
49     27     5.59937795151
50     27     5.59666284646
51     27     5.58977162776
52     27     5.57178759726
53     27     5.53063733109
54     27     5.43739433224
55     27     5.24127412496
56     27     4.83740972653
57     27     4.04077259679
58     27     2.5340676999
59     27     0

0     28     0
1     28     4.74020924496
2     28     6.46673708843
3     28     7.16590212888
4     28     7.46838495882
5     28     7.604274481
6     28     7.66441353506
7     28     7.69102123289
8     28     7.70185670501
9     28     7.7063008667
10     28     7.70785806474
11     28     7.70843486144
12     28     7.70859990788
13     28     7.70865705572
14     28     7.70868235069
15     28     7.70873935926
16     28     7.70894315343
17     28     7.709586911
18     28     7.71151776305
19     28     7.7164827777
20     28     7.72854066228
21     28     7.75416366669
22     28     7.80540967543
23     28     7.89651369096
24     28     8.04835371685
25     28     8.27611375568
26     28     8.59497781004
27     28     9.00080478832
28     28     9.48041848993
29     28     10
30     28     9.48041848993
31     28     9.00080478832
32     28     8.59497781004
33     28     8.27611375568
34     28     8.04835371685
35     28     7.89651369096
36     28     7.80540967543
37     28     7.75416366669
38     28     7.72854066232
39     28     7.71648277787
40     28     7.71151776647
41     28     7.70958692535
42     28     7.70894329843
43     28     7.70873990736
44     28     7.70868587345
45     28     7.70866897924
46     28     7.70865438143
47     28     7.70859939849
48     28     7.70843478867
49     28     7.70785805482
50     28     7.7063008658
51     28     7.70185670493
52     28     7.69102123289
53     28     7.66441353506
54     28     7.604274481
55     28     7.46838495882
56     28     7.16590212888
57     28     6.46673708843
58     28     4.74020924496
59     28     0

0     29     0
1     29     10
2     29     10
3     29     10
4     29     10
5     29     10
6     29     10
7     29     10
8     29     10
9     29     10
10     29     10
11     29     10
12     29     10
13     29     10
14     29     10
15     29     10
16     29     10
17     29     10
18     29     10
19     29     10
20     29     10
21     29     10
22     29     10
23     29     10
24     29     10
25     29     10
26     29     10
27     29     10
28     29     10
29     29     10
30     29     10
31     29     10
32     29     10
33     29     10
34     29     10
35     29     10
36     29     10
37     29     10
38     29     10
39     29     10
40     29     10
41     29     10
42     29     10
43     29     10
44     29     10
45     29     10
46     29     10
47     29     10
48     29     10
49     29     10
50     29     10
51     29     10
52     29     10
53     29     10
54     29     10
55     29     10
56     29     10
57     29     10
58     29     10
59     29     0

0     30     0
1     30     4.74020924496
2     30     6.46673708843
3     30     7.16590212888
4     30     7.46838495882
5     30     7.604274481
6     30     7.66441353506
7     30     7.69102123289
8     30     7.70185670501
9     30     7.7063008667
10     30     7.70785806474
11     30     7.70843486144
12     30     7.70859990788
13     30     7.70865705572
14     30     7.70868235069
15     30     7.70873935926
16     30     7.70894315343
17     30     7.709586911
18     30     7.71151776305
19     30     7.7164827777
20     30     7.72854066228
21     30     7.75416366669
22     30     7.80540967543
23     30     7.89651369096
24     30     8.04835371685
25     30     8.27611375568
26     30     8.59497781004
27     30     9.00080478832
28     30     9.48041848993
29     30     10
30     30     9.48041848993
31     30     9.00080478832
32     30     8.59497781004
33     30     8.27611375568
34     30     8.04835371685
35     30     7.89651369096
36     30     7.80540967543
37     30     7.75416366669
38     30     7.72854066232
39     30     7.71648277787
40     30     7.71151776647
41     30     7.70958692535
42     30     7.70894329843
43     30     7.70873990736
44     30     7.70868587345
45     30     7.70866897924
46     30     7.70865438143
47     30     7.70859939849
48     30     7.70843478867
49     30     7.70785805482
50     30     7.7063008658
51     30     7.70185670493
52     30     7.69102123289
53     30     7.66441353506
54     30     7.604274481
55     30     7.46838495882
56     30     7.16590212888
57     30     6.46673708843
58     30     4.74020924496
59     30     0

0     31     0
1     31     2.5340676999
2     31     4.04077259679
3     31     4.83740972653
4     31     5.24127412496
5     31     5.43739433224
6     31     5.53063733109
7     31     5.57178759727
8     31     5.58977162788
9     31     5.59666284822
10     31     5.59937796805
11     31     5.60023911478
12     31     5.60054279091
13     31     5.60062332011
14     31     5.60067096084
15     31     5.60077955187
16     31     5.60115336859
17     31     5.60240686429
18     31     5.60599274205
19     31     5.61564693302
20     31     5.63825546684
21     31     5.68799424004
22     31     5.78479225655
23     31     5.96130628664
24     31     6.24980233583
25     31     6.6901384109
26     31     7.29887887833
27     31     8.08154519358
28     31     9.00080478832
29     31     10
30     31     9.00080478832
31     31     8.08154519358
32     31     7.29887887833
33     31     6.6901384109
34     31     6.24980233583
35     31     5.96130628664
36     31     5.78479225655
37     31     5.68799424005
38     31     5.63825546686
39     31     5.61564693358
40     31     5.60599274452
41     31     5.6024069006
42     31     5.60115351351
43     31     5.60078075079
44     31     5.60067525455
45     31     5.60064689222
46     31     5.60061809888
47     31     5.60054189948
48     31     5.60023897255
49     31     5.59937795151
50     31     5.59666284646
51     31     5.58977162776
52     31     5.57178759726
53     31     5.53063733109
54     31     5.43739433224
55     31     5.24127412496
56     31     4.83740972653
57     31     4.04077259679
58     31     2.5340676999
59     31     0

0     32     0
1     32     1.42907568116
2     32     2.4614691518
3     32     3.10108989113
4     32     3.45995750628
5     32     3.65009160439
6     32     3.74273607518
7     32     3.7865844156
8     32     3.80500264068
9     32     3.81278328222
10     32     3.81550660107
11     32     3.81652847842
12     32     3.81681421738
13     32     3.8169155792
14     32     3.81696902662
15     32     3.81711301653
16     32     3.81763889659
17     32     3.8193279929
18     32     3.8243946454
19     32     3.83756572117
20     32     3.86955260913
21     32     3.93804809143
22     32     4.07503905596
23     32     4.31988109771
24     32     4.72795116728
25     32     5.34221309019
26     32     6.20217978226
27     32     7.29887887833
28     32     8.59497781004
29     32     10
30     32     8.59497781004
31     32     7.29887887833
32     32     6.20217978226
33     32     5.34221309019
34     32     4.72795116728
35     32     4.31988109771
36     32     4.07503905596
37     32     3.93804809143
38     32     3.86955260916
39     32     3.83756572132
40     32     3.82439464972
41     32     3.81932801113
42     32     3.81763911481
43     32     3.81711384423
44     32     3.81697484485
45     32     3.81693527962
46     32     3.8169088298
47     32     3.81681297864
48     32     3.81652830146
49     32     3.81550657849
50     32     3.81278328016
51     32     3.80500264052
52     32     3.7865844156
53     32     3.74273607518
54     32     3.65009160439
55     32     3.45995750628
56     32     3.10108989113
57     32     2.4614691518
58     32     1.42907568116
59     32     0

0     33     0
1     33     0.807728796856
2     33     1.44886428595
3     33     1.8822555839
4     33     2.14691336481
5     33     2.29242856049
6     33     2.36839210275
7     33     2.40363038694
8     33     2.41974816079
9     33     2.42596409944
10     33     2.42846598366
11     33     2.42923948867
12     33     2.42951506703
13     33     2.42958740636
14     33     2.42964612059
15     33     2.42981661769
16     33     2.43042969015
17     33     2.43248885685
18     33     2.43848100911
19     33     2.45461366718
20     33     2.49285279156
21     33     2.57697886473
22     33     2.74210489288
23     33     3.04321706186
24     33     3.53825005535
25     33     4.29382672963
26     33     5.34221309019
27     33     6.6901384109
28     33     8.27611375568
29     33     10
30     33     8.27611375568
31     33     6.6901384109
32     33     5.34221309019
33     33     4.29382672963
34     33     3.53825005535
35     33     3.04321706186
36     33     2.74210489288
37     33     2.57697886473
38     33     2.49285279156
39     33     2.45461366739
40     33     2.43848101008
41     33     2.43248887933
42     33     2.43042978056
43     33     2.42981753233
44     33     2.42964941086
45     33     2.4296075344
46     33     2.42957933718
47     33     2.42951368936
48     33     2.42923928151
49     33     2.42846595957
50     33     2.42596409714
51     33     2.41974816063
52     33     2.40363038693
53     33     2.36839210275
54     33     2.29242856049
55     33     2.14691336481
56     33     1.8822555839
57     33     1.44886428595
58     33     0.807728796856
59     33     0

0     34     0
1     34     0.444079235849
2     34     0.812408003586
3     34     1.07785956288
4     34     1.24582149486
5     34     1.34423177342
6     34     1.39514985625
7     34     1.42063520106
8     34     1.43148608692
9     34     1.43620179768
10     34     1.43781299333
11     34     1.43842489703
12     34     1.43858622309
13     34     1.43864797077
14     34     1.43870035911
15     34     1.43888290126
16     34     1.43956590308
17     34     1.44181016462
18     34     1.44854269526
19     34     1.46632067875
20     34     1.50949577899
21     34     1.60300020669
22     34     1.79000906211
23     34     2.12692949388
24     34     2.68846354684
25     34     3.53825005535
26     34     4.72795116728
27     34     6.24980233583
28     34     8.04835371685
29     34     10
30     34     8.04835371685
31     34     6.24980233583
32     34     4.72795116728
33     34     3.53825005535
34     34     2.68846354684
35     34     2.12692949388
36     34     1.79000906211
37     34     1.60300020669
38     34     1.50949577899
39     34     1.46632067875
40     34     1.44854269629
41     34     1.44181016907
42     34     1.43956598923
43     34     1.43888323132
44     34     1.4387032508
45     34     1.43865781358
46     34     1.43863946166
47     34     1.43858473066
48     34     1.43842468382
49     34     1.43781296799
50     34     1.43620179537
51     34     1.43148608676
52     34     1.42063520105
53     34     1.39514985625
54     34     1.34423177342
55     34     1.24582149486
56     34     1.07785956288
57     34     0.812408003586
58     34     0.444079235849
59     34     0

0     35     0
1     35     0.232100155896
2     35     0.430668955551
3     35     0.577145022522
4     35     0.674824959115
5     35     0.73177963763
6     35     0.763301578118
7     35     0.778182444282
8     35     0.785213899964
9     35     0.78786673176
10     35     0.788950167307
11     35     0.789264176802
12     35     0.789377224483
13     35     0.789409156768
14     35     0.78946001773
15     35     0.789650215431
16     35     0.790359585773
17     35     0.792744804367
18     35     0.799806399369
19     35     0.81881837584
20     35     0.864461464117
21     35     0.964876258327
22     35     1.16382120134
23     35     1.52660315624
24     35     2.12692949388
25     35     3.04321706186
26     35     4.31988109771
27     35     5.96130628664
28     35     7.89651369096
29     35     10
30     35     7.89651369096
31     35     5.96130628664
32     35     4.31988109771
33     35     3.04321706186
34     35     2.12692949388
35     35     1.52660315624
36     35     1.16382120134
37     35     0.964876258327
38     35     0.864461464117
39     35     0.81881837584
40     35     0.799806399369
41     35     0.792744808109
42     35     0.790359601083
43     35     0.789650471283
44     35     0.78946094943
45     35     0.789416340961
46     35     0.789400303372
47     35     0.789375712927
48     35     0.789263958816
49     35     0.78895014196
50     35     0.787866729456
51     35     0.78521389981
52     35     0.778182444275
53     35     0.763301578118
54     35     0.73177963763
55     35     0.674824959115
56     35     0.577145022522
57     35     0.430668955551
58     35     0.232100155896
59     35     0

0     36     0
1     36     0.11438844254
2     36     0.21300465929
3     36     0.288454640366
4     36     0.338474505951
5     36     0.369373861054
6     36     0.385638757061
7     36     0.394054242444
8     36     0.397564774174
9     36     0.399114811084
10     36     0.39961108233
11     36     0.399800225948
12     36     0.399845210911
13     36     0.399868488752
14     36     0.399915096671
15     36     0.400107373277
16     36     0.400835760291
17     36     0.403267983474
18     36     0.410564621214
19     36     0.430070195292
20     36     0.477440875195
21     36     0.580996745088
22     36     0.788108484874
23     36     1.16382120134
24     36     1.79000906211
25     36     2.74210489288
26     36     4.07503905596
27     36     5.78479225655
28     36     7.80540967543
29     36     10
30     36     7.80540967543
31     36     5.78479225655
32     36     4.07503905596
33     36     2.74210489288
34     36     1.79000906211
35     36     1.16382120134
36     36     0.788108484874
37     36     0.580996745088
38     36     0.477440875195
39     36     0.430070195292
40     36     0.410564621214
41     36     0.403267983474
42     36     0.400835770894
43     36     0.400107414726
44     36     0.399915703391
45     36     0.399870583768
46     36     0.399859586171
47     36     0.39984368501
48     36     0.399800007962
49     36     0.399611056983
50     36     0.39911480878
51     36     0.39756477402
52     36     0.394054242437
53     36     0.38563875706
54     36     0.369373861054
55     36     0.338474505951
56     36     0.288454640366
57     36     0.21300465929
58     36     0.11438844254
59     36     0

0     37     0
1     37     0.052306961768
2     37     0.098222612296
3     37     0.133045450914
4     37     0.157230704099
5     37     0.171514119936
6     37     0.179662358523
7     37     0.183431971082
8     37     0.185241086816
9     37     0.185880997067
10     37     0.18614301206
11     37     0.186209968642
12     37     0.186235026307
13     37     0.186247789304
14     37     0.186293578119
15     37     0.186487010606
16     37     0.187219653979
17     37     0.189683918352
18     37     0.197051070036
19     37     0.216885709185
20     37     0.264884604225
21     37     0.370482173312
22     37     0.580996745088
23     37     0.964876258327
24     37     1.60300020669
25     37     2.57697886473
26     37     3.93804809143
27     37     5.68799424005
28     37     7.75416366669
29     37     10
30     37     7.75416366669
31     37     5.68799424005
32     37     3.93804809143
33     37     2.57697886473
34     37     1.60300020669
35     37     0.964876258327
36     37     0.580996745088
37     37     0.370482173312
38     37     0.264884604225
39     37     0.216885709185
40     37     0.197051070036
41     37     0.189683918352
42     37     0.187219653979
43     37     0.186487034841
44     37     0.186293668452
45     37     0.186248960699
46     37     0.186238851885
47     37     0.186233500406
48     37     0.186209750656
49     37     0.186142986713
50     37     0.185880994762
51     37     0.185241086663
52     37     0.183431971075
53     37     0.179662358523
54     37     0.171514119936
55     37     0.157230704099
56     37     0.133045450914
57     37     0.098222612296
58     37     0.052306961768
59     37     0

0     38     0
1     38     0.0222397966046
2     38     0.0415926205291
3     38     0.0567693291605
4     38     0.0668886945807
5     38     0.0732939837745
6     38     0.0765947348216
7     38     0.0783260665825
8     38     0.0790036097831
9     38     0.0793032368345
10     38     0.079387648378
11     38     0.0794196937584
12     38     0.0794269649114
13     38     0.0794377676583
14     38     0.0794826158688
15     38     0.0796761892714
16     38     0.0804115955216
17     38     0.0828822702529
18     38     0.0902942944467
19     38     0.110218678615
20     38     0.15860646874
21     38     0.264884604225
22     38     0.477440875195
23     38     0.864461464117
24     38     1.50949577899
25     38     2.49285279156
26     38     3.86955260916
27     38     5.63825546686
28     38     7.72854066232
29     38     10
30     38     7.72854066232
31     38     5.63825546686
32     38     3.86955260916
33     38     2.49285279156
34     38     1.50949577899
35     38     0.864461464117
36     38     0.477440875195
37     38     0.264884604225
38     38     0.15860646874
39     38     0.110218678615
40     38     0.0902942944467
41     38     0.0828822702529
42     38     0.0804115955216
43     38     0.0796761892714
44     38     0.0794826613108
45     38     0.079437928771
46     38     0.0794288302387
47     38     0.0794254390105
48     38     0.0794194757725
49     38     0.0793876230308
50     38     0.0793032345302
51     38     0.0790036096295
52     38     0.0783260665759
53     38     0.0765947348215
54     38     0.0732939837745
55     38     0.0668886945807
56     38     0.0567693291605
57     38     0.0415926205291
58     38     0.0222397966046
59     38     0

0     39     0
1     39     0.00862472408102
2     39     0.0162689839749
3     39     0.0220591450778
4     39     0.026147710289
5     39     0.0285077132258
6     39     0.0298682363452
7     39     0.0304591407809
8     39     0.0307427250972
9     39     0.0308310605141
10     39     0.030866860172
11     39     0.0308742315627
12     39     0.0308782278587
13     39     0.0308874030458
14     39     0.0309321608312
15     39     0.0311258049214
16     39     0.0318614898829
17     39     0.0343360665715
18     39     0.0417562494034
19     39     0.0617336647201
20     39     0.110218678615
21     39     0.216885709185
22     39     0.430070195292
23     39     0.81881837584
24     39     1.46632067875
25     39     2.45461366739
26     39     3.83756572132
27     39     5.61564693358
28     39     7.71648277787
29     39     10
30     39     7.71648277787
31     39     5.61564693358
32     39     3.83756572132
33     39     2.45461366739
34     39     1.46632067875
35     39     0.81881837584
36     39     0.430070195292
37     39     0.216885709185
38     39     0.110218678615
39     39     0.0617336647201
40     39     0.0417562494034
41     39     0.0343360665715
42     39     0.0318614898829
43     39     0.0311258049214
44     39     0.0309321608312
45     39     0.0308874737334
46     39     0.0308784656262
47     39     0.0308767019578
48     39     0.0308740135769
49     39     0.0308668348248
50     39     0.0308310582098
51     39     0.0307427249436
52     39     0.0304591407742
53     39     0.029868236345
54     39     0.0285077132258
55     39     0.026147710289
56     39     0.0220591450778
57     39     0.0162689839749
58     39     0.00862472408102
59     39     0

0     40     0
1     40     0.0030829889262
2     40     0.0057537909808
3     40     0.00786637324367
4     40     0.00924175534422
5     40     0.0101180402832
6     40     0.0105424683656
7     40     0.0107646410707
8     40     0.0108413473518
9     40     0.0108748489508
10     40     0.0108822914504
11     40     0.0108852435788
12     40     0.0108870618695
13     40     0.010896091183
14     40     0.0109407782807
15     40     0.011134422371
16     40     0.011870269914
17     40     0.0143452013261
18     40     0.0217699955621
19     40     0.0417562494034
20     40     0.0902942944467
21     40     0.197051070036
22     40     0.410564621214
23     40     0.799806399369
24     40     1.44854269629
25     40     2.43848101008
26     40     3.82439464972
27     40     5.60599274452
28     40     7.71151776647
29     40     10
30     40     7.71151776647
31     40     5.60599274452
32     40     3.82439464972
33     40     2.43848101008
34     40     1.44854269629
35     40     0.799806399369
36     40     0.410564621214
37     40     0.197051070036
38     40     0.0902942944467
39     40     0.0417562494034
40     40     0.0217699955621
41     40     0.0143452013261
42     40     0.011870269914
43     40     0.011134422371
44     40     0.0109407782807
45     40     0.010896091183
46     40     0.0108871537634
47     40     0.0108855359686
48     40     0.010885025593
49     40     0.0108822661032
50     40     0.0108748466465
51     40     0.0108413471982
52     40     0.010764641064
53     40     0.0105424683655
54     40     0.0101180402832
55     40     0.00924175534422
56     40     0.00786637324367
57     40     0.0057537909808
58     40     0.0030829889262
59     40     0

0     41     0
1     41     0.00098761417064
2     41     0.00186516483382
3     41     0.00251523875761
4     41     0.00297542487715
5     41     0.00322568046045
6     41     0.00336934097973
7     41     0.00342454426914
8     41     0.00345066390437
9     41     0.00345707950487
10     41     0.0034596382234
11     41     0.003460156953
12     41     0.00346178310181
13     41     0.00347072052136
14     41     0.00351540761912
15     41     0.00370905170939
16     41     0.00444489925243
17     41     0.0069200228063
18     41     0.0143452013261
19     41     0.0343360665715
20     41     0.0828822702529
21     41     0.189683918352
22     41     0.403267983474
23     41     0.792744808109
24     41     1.44181016907
25     41     2.43248887933
26     41     3.81932801113
27     41     5.6024069006
28     41     7.70958692535
29     41     10
30     41     7.70958692535
31     41     5.6024069006
32     41     3.81932801113
33     41     2.43248887933
34     41     1.44181016907
35     41     0.792744808109
36     41     0.403267983474
37     41     0.189683918352
38     41     0.0828822702529
39     41     0.0343360665715
40     41     0.0143452013261
41     41     0.0069200228063
42     41     0.00444489925243
43     41     0.00370905170939
44     41     0.00351540761912
45     41     0.00347072052136
46     41     0.00346178310181
47     41     0.00346025720091
48     41     0.00345993896715
49     41     0.00345961287621
50     41     0.00345707720058
51     41     0.00345066375075
52     41     0.00342454426246
53     41     0.00336934097959
54     41     0.00322568046045
55     41     0.00297542487715
56     41     0.00251523875761
57     41     0.00186516483382
58     41     0.00098761417064
59     41     0

0     42     0
1     42     0.000289528055504
2     42     0.000536506080664
3     42     0.000731748251752
4     42     0.000852078430569
5     42     0.000928266494356
6     42     0.000961058806581
7     42     0.000977956428727
8     42     0.00098257395365
9     42     0.000984539446307
10     42     0.000984823767283
11     42     0.000985133647049
12     42     0.000986659547948
13     42     0.000995596967499
14     42     0.00104028406525
15     42     0.00123392815553
16     42     0.00196977569857
17     42     0.00444489925243
18     42     0.011870269914
19     42     0.0318614898829
20     42     0.0804115955216
21     42     0.187219653979
22     42     0.400835770894
23     42     0.790359601083
24     42     1.43956598923
25     42     2.43042978056
26     42     3.81763911481
27     42     5.60115351351
28     42     7.70894329843
29     42     10
30     42     7.70894329843
31     42     5.60115351351
32     42     3.81763911481
33     42     2.43042978056
34     42     1.43956598923
35     42     0.790359601083
36     42     0.400835770894
37     42     0.187219653979
38     42     0.0804115955216
39     42     0.0318614898829
40     42     0.011870269914
41     42     0.00444489925243
42     42     0.00196977569857
43     42     0.00123392815553
44     42     0.00104028406525
45     42     0.000995596967499
46     42     0.000986659547948
47     42     0.000985133647049
48     42     0.000984915661206
49     42     0.000984798420092
50     42     0.000984537142017
51     42     0.00098257380003
52     42     0.000977956422048
53     42     0.000961058806439
54     42     0.000928266494356
55     42     0.000852078430569
56     42     0.000731748251752
57     42     0.000536506080664
58     42     0.000289528055504
59     42     0

0     43     0
1     43     7.43584635643e-05
2     43     0.00014031616729
3     43     0.000186995469278
4     43     0.000219792575535
5     43     0.000235751915341
6     43     0.000244760124275
7     43     0.000247515847036
8     43     0.000248783420744
9     43     0.000248972083341
10     43     0.000249068118165
11     43     0.000249286104008
12     43     0.000250812004907
13     43     0.000259749424458
14     43     0.000304436522214
15     43     0.000498080612488
16     43     0.00123392815553
17     43     0.00370905170939
18     43     0.011134422371
19     43     0.0311258049214
20     43     0.0796761892714
21     43     0.186487034841
22     43     0.400107414726
23     43     0.789650471283
24     43     1.43888323132
25     43     2.42981753233
26     43     3.81711384423
27     43     5.60078075079
28     43     7.70873990736
29     43     10
30     43     7.70873990736
31     43     5.60078075079
32     43     3.81711384423
33     43     2.42981753233
34     43     1.43888323132
35     43     0.789650471283
36     43     0.400107414726
37     43     0.186487034841
38     43     0.0796761892714
39     43     0.0311258049214
40     43     0.011134422371
41     43     0.00370905170939
42     43     0.00123392815553
43     43     0.000498080612488
44     43     0.000304436522214
45     43     0.000259749424458
46     43     0.000250812004907
47     43     0.000249286104008
48     43     0.000249068118165
49     43     0.000249042770974
50     43     0.000248969779051
51     43     0.000248783267125
52     43     0.000247515840357
53     43     0.000244760124133
54     43     0.000235751915341
55     43     0.000219792575535
56     43     0.000186995469278
57     43     0.00014031616729
58     43     7.43584635643e-05
59     43     0

0     44     0
1     44     1.73498962397e-05
2     44     3.1725130043e-05
3     44     4.3005566539e-05
4     44     4.92954777087e-05
5     44     5.32097648431e-05
6     44     5.45624233439e-05
7     44     5.52392411635e-05
8     44     5.53509343604e-05
9     44     5.53986807006e-05
10     44     5.54240278916e-05
11     44     5.56420137343e-05
12     44     5.71679146333e-05
13     44     6.61053341844e-05
14     44     0.00011079243194
15     44     0.000304436522214
16     44     0.00104028406525
17     44     0.00351540761912
18     44     0.0109407782807
19     44     0.0309321608312
20     44     0.0794826613108
21     44     0.186293668452
22     44     0.399915703391
23     44     0.78946094943
24     44     1.4387032508
25     44     2.42964941086
26     44     3.81697484485
27     44     5.60067525455
28     44     7.70868587345
29     44     10
30     44     7.70868587345
31     44     5.60067525455
32     44     3.81697484485
33     44     2.42964941086
34     44     1.4387032508
35     44     0.78946094943
36     44     0.399915703391
37     44     0.186293668452
38     44     0.0794826613108
39     44     0.0309321608312
40     44     0.0109407782807
41     44     0.00351540761912
42     44     0.00104028406525
43     44     0.000304436522214
44     44     0.00011079243194
45     44     6.61053341844e-05
46     44     5.71679146333e-05
47     44     5.56420137343e-05
48     44     5.54240278916e-05
49     44     5.53986807006e-05
50     44     5.53963764105e-05
51     44     5.5350780741e-05
52     44     5.52392344844e-05
53     44     5.45624232018e-05
54     44     5.32097648431e-05
55     44     4.92954777087e-05
56     44     4.3005566539e-05
57     44     3.1725130043e-05
58     44     1.73498962397e-05
59     44     0

0     45     0
1     45     3.43034798789e-06
2     45     6.45760337648e-06
3     45     8.43086354507e-06
4     45     9.7946394817e-06
5     45     1.03341767499e-05
6     45     1.06298013236e-05
7     45     1.06848892756e-05
8     45     1.0709278655e-05
9     45     1.07115829451e-05
10     45     1.07369301361e-05
11     45     1.09549159788e-05
12     45     1.24808168778e-05
13     45     2.14182364289e-05
14     45     6.61053341844e-05
15     45     0.000259749424458
16     45     0.000995596967499
17     45     0.00347072052136
18     45     0.010896091183
19     45     0.0308874737334
20     45     0.079437928771
21     45     0.186248960699
22     45     0.399870583768
23     45     0.789416340961
24     45     1.43865781358
25     45     2.4296075344
26     45     3.81693527962
27     45     5.60064689222
28     45     7.70866897924
29     45     10
30     45     7.70866897924
31     45     5.60064689222
32     45     3.81693527962
33     45     2.4296075344
34     45     1.43865781358
35     45     0.789416340961
36     45     0.399870583768
37     45     0.186248960699
38     45     0.079437928771
39     45     0.0308874737334
40     45     0.010896091183
41     45     0.00347072052136
42     45     0.000995596967499
43     45     0.000259749424458
44     45     6.61053341844e-05
45     45     2.14182364289e-05
46     45     1.24808168778e-05
47     45     1.09549159788e-05
48     45     1.07369301361e-05
49     45     1.07115829451e-05
50     45     1.0709278655e-05
51     45     1.07091250356e-05
52     45     1.06848825965e-05
53     45     1.06298011815e-05
54     45     1.03341767499e-05
55     45     9.7946394817e-06
56     45     8.43086354507e-06
57     45     6.45760337648e-06
58     45     3.43034798789e-06
59     45     0

0     46     0
1     46     6.11054105093e-07
2     46     1.09145219085e-06
3     46     1.46324353523e-06
4     46     1.63505120554e-06
5     46     1.73892530597e-06
6     46     1.76109566041e-06
7     46     1.77170548454e-06
8     46     1.77185910388e-06
9     46     1.77416339397e-06
10     46     1.79951058499e-06
11     46     2.0174964277e-06
12     46     3.54339732667e-06
13     46     1.24808168778e-05
14     46     5.71679146333e-05
15     46     0.000250812004907
16     46     0.000986659547948
17     46     0.00346178310181
18     46     0.0108871537634
19     46     0.0308784656262
20     46     0.0794288302387
21     46     0.186238851885
22     46     0.399859586171
23     46     0.789400303372
24     46     1.43863946166
25     46     2.42957933718
26     46     3.8169088298
27     46     5.60061809888
28     46     7.70865438143
29     46     10
30     46     7.70865438143
31     46     5.60061809888
32     46     3.8169088298
33     46     2.42957933718
34     46     1.43863946166
35     46     0.789400303372
36     46     0.399859586171
37     46     0.186238851885
38     46     0.0794288302387
39     46     0.0308784656262
40     46     0.0108871537634
41     46     0.00346178310181
42     46     0.000986659547948
43     46     0.000250812004907
44     46     5.71679146333e-05
45     46     1.24808168778e-05
46     46     3.54339732667e-06
47     46     2.0174964277e-06
48     46     1.79951058499e-06
49     46     1.77416339397e-06
50     46     1.77185910388e-06
51     46     1.77170548454e-06
52     46     1.77169880544e-06
53     46     1.7610955183e-06
54     46     1.73892530597e-06
55     46     1.63505120554e-06
56     46     1.46324353523e-06
57     46     1.09145219085e-06
58     46     6.11054105093e-07
59     46     0

0     47     0
1     47     8.73180283634e-08
2     47     1.63711320056e-07
3     47     2.06266292935e-07
4     47     2.34911112784e-07
5     47     2.42055477884e-07
6     47     2.45797906473e-07
7     47     2.45804585575e-07
8     47     2.45958204914e-07
9     47     2.48262495006e-07
10     47     2.73609686019e-07
11     47     4.91595528729e-07
12     47     2.0174964277e-06
13     47     1.09549159788e-05
14     47     5.56420137343e-05
15     47     0.000249286104008
16     47     0.000985133647049
17     47     0.00346025720091
18     47     0.0108855359686
19     47     0.0308767019578
20     47     0.0794254390105
21     47     0.186233500406
22     47     0.39984368501
23     47     0.789375712927
24     47     1.43858473066
25     47     2.42951368936
26     47     3.81681297864
27     47     5.60054189948
28     47     7.70859939849
29     47     10
30     47     7.70859939849
31     47     5.60054189948
32     47     3.81681297864
33     47     2.42951368936
34     47     1.43858473066
35     47     0.789375712927
36     47     0.39984368501
37     47     0.186233500406
38     47     0.0794254390105
39     47     0.0308767019578
40     47     0.0108855359686
41     47     0.00346025720091
42     47     0.000985133647049
43     47     0.000249286104008
44     47     5.56420137343e-05
45     47     1.09549159788e-05
46     47     2.0174964277e-06
47     47     4.91595528729e-07
48     47     2.73609686019e-07
49     47     2.48262495006e-07
50     47     2.45958204914e-07
51     47     2.45804585575e-07
52     47     2.45797906473e-07
53     47     2.45797764364e-07
54     47     2.42055477884e-07
55     47     2.34911112784e-07
56     47     2.06266292935e-07
57     47     1.63711320056e-07
58     47     8.73180283634e-08
59     47     0

0     48     0
1     48     1.1125536048e-08
2     48     1.90070181816e-08
3     48     2.49768561389e-08
4     48     2.67723976322e-08
5     48     2.78119216546e-08
6     48     2.78120637631e-08
7     48     2.78187428648e-08
8     48     2.79723622043e-08
9     48     3.02766522964e-08
10     48     5.56238433091e-08
11     48     2.73609686019e-07
12     48     1.79951058499e-06
13     48     1.07369301361e-05
14     48     5.54240278916e-05
15     48     0.000249068118165
16     48     0.000984915661206
17     48     0.00345993896715
18     48     0.010885025593
19     48     0.0308740135769
20     48     0.0794194757725
21     48     0.186209750656
22     48     0.399800007962
23     48     0.789263958816
24     48     1.43842468382
25     48     2.42923928151
26     48     3.81652830146
27     48     5.60023897255
28     48     7.70843478867
29     48     10
30     48     7.70843478867
31     48     5.60023897255
32     48     3.81652830146
33     48     2.42923928151
34     48     1.43842468382
35     48     0.789263958816
36     48     0.399800007962
37     48     0.186209750656
38     48     0.0794194757725
39     48     0.0308740135769
40     48     0.010885025593
41     48     0.00345993896715
42     48     0.000984915661206
43     48     0.000249068118165
44     48     5.54240278916e-05
45     48     1.07369301361e-05
46     48     1.79951058499e-06
47     48     2.73609686019e-07
48     48     5.56238433091e-08
49     48     3.02766522964e-08
50     48     2.79723622043e-08
51     48     2.78187428648e-08
52     48     2.78120637631e-08
53     48     2.78119216546e-08
54     48     2.78119216546e-08
55     48     2.67723976322e-08
56     48     2.49768561389e-08
57     48     1.90070181816e-08
58     48     1.1125536048e-08
59     48     0

0     49     0
1     49     1.02374997368e-09
2     49     1.90766513697e-09
3     49     2.24588347919e-09
4     49     2.4647306418e-09
5     49     2.4647306418e-09
6     49     2.46487275035e-09
7     49     2.47155185207e-09
8     49     2.62517119154e-09
9     49     4.92946128361e-09
10     49     3.02766522964e-08
11     49     2.48262495006e-07
12     49     1.77416339397e-06
13     49     1.07115829451e-05
14     49     5.53986807006e-05
15     49     0.000249042770974
16     49     0.000984798420092
17     49     0.00345961287621
18     49     0.0108822661032
19     49     0.0308668348248
20     49     0.0793876230308
21     49     0.186142986713
22     49     0.399611056983
23     49     0.78895014196
24     49     1.43781296799
25     49     2.42846595957
26     49     3.81550657849
27     49     5.59937795151
28     49     7.70785805482
29     49     10
30     49     7.70785805482
31     49     5.59937795151
32     49     3.81550657849
33     49     2.42846595957
34     49     1.43781296799
35     49     0.78895014196
36     49     0.399611056983
37     49     0.186142986713
38     49     0.0793876230308
39     49     0.0308668348248
40     49     0.0108822661032
41     49     0.00345961287621
42     49     0.000984798420092
43     49     0.000249042770974
44     49     5.53986807006e-05
45     49     1.07115829451e-05
46     49     1.77416339397e-06
47     49     2.48262495006e-07
48     49     3.02766522964e-08
49     49     4.92946128361e-09
50     49     2.62517119154e-09
51     49     2.47155185207e-09
52     49     2.46487275035e-09
53     49     2.4647306418e-09
54     49     2.4647306418e-09
55     49     2.4647306418e-09
56     49     2.24588347919e-09
57     49     1.90766513697e-09
58     49     1.02374997368e-09
59     49     0

0     50     0
1     50     8.28492829896e-11
2     50     1.27613475343e-10
3     50     1.60440549735e-10
4     50     1.60440549735e-10
5     50     1.60440549735e-10
6     50     1.60582658282e-10
7     50     1.67261759998e-10
8     50     3.20881099469e-10
9     50     2.62517119154e-09
10     50     2.79723622043e-08
11     50     2.45958204914e-07
12     50     1.77185910388e-06
13     50     1.0709278655e-05
14     50     5.53963764105e-05
15     50     0.000248969779051
16     50     0.000984537142017
17     50     0.00345707720058
18     50     0.0108748466465
19     50     0.0308310582098
20     50     0.0793032345302
21     50     0.185880994762
22     50     0.39911480878
23     50     0.787866729456
24     50     1.43620179537
25     50     2.42596409714
26     50     3.81278328016
27     50     5.59666284646
28     50     7.7063008658
29     50     10
30     50     7.7063008658
31     50     5.59666284646
32     50     3.81278328016
33     50     2.42596409714
34     50     1.43620179537
35     50     0.787866729456
36     50     0.39911480878
37     50     0.185880994762
38     50     0.0793032345302
39     50     0.0308310582098
40     50     0.0108748466465
41     50     0.00345707720058
42     50     0.000984537142017
43     50     0.000248969779051
44     50     5.53963764105e-05
45     50     1.0709278655e-05
46     50     1.77185910388e-06
47     50     2.45958204914e-07
48     50     2.79723622043e-08
49     50     2.62517119154e-09
50     50     3.20881099469e-10
51     50     1.67261759998e-10
52     50     1.60582658282e-10
53     50     1.60440549735e-10
54     50     1.60440549735e-10
55     50     1.60440549735e-10
56     50     1.60440549735e-10
57     50     1.27613475343e-10
58     50     8.28492829896e-11
59     50     0

0     51     0
1     51     3.69482222595e-12
2     51     6.8212102633e-12
3     51     6.8212102633e-12
4     51     6.8212102633e-12
5     51     6.8212102633e-12
6     51     6.96331881045e-12
7     51     1.36424205266e-11
8     51     1.67261759998e-10
9     51     2.47155185207e-09
10     51     2.78187428648e-08
11     51     2.45804585575e-07
12     51     1.77170548454e-06
13     51     1.07091250356e-05
14     51     5.5350780741e-05
15     51     0.000248783267125
16     51     0.00098257380003
17     51     0.00345066375075
18     51     0.0108413471982
19     51     0.0307427249436
20     51     0.0790036096295
21     51     0.185241086663
22     51     0.39756477402
23     51     0.78521389981
24     51     1.43148608676
25     51     2.41974816063
26     51     3.80500264052
27     51     5.58977162776
28     51     7.70185670493
29     51     10
30     51     7.70185670493
31     51     5.58977162776
32     51     3.80500264052
33     51     2.41974816063
34     51     1.43148608676
35     51     0.78521389981
36     51     0.39756477402
37     51     0.185241086663
38     51     0.0790036096295
39     51     0.0307427249436
40     51     0.0108413471982
41     51     0.00345066375075
42     51     0.00098257380003
43     51     0.000248783267125
44     51     5.5350780741e-05
45     51     1.07091250356e-05
46     51     1.77170548454e-06
47     51     2.45804585575e-07
48     51     2.78187428648e-08
49     51     2.47155185207e-09
50     51     1.67261759998e-10
51     51     1.36424205266e-11
52     51     6.96331881045e-12
53     51     6.8212102633e-12
54     51     6.8212102633e-12
55     51     6.8212102633e-12
56     51     6.8212102633e-12
57     51     6.8212102633e-12
58     51     3.69482222595e-12
59     51     0

0     52     0
1     52     1.42108547152e-13
2     52     1.42108547152e-13
3     52     1.42108547152e-13
4     52     1.42108547152e-13
5     52     1.42108547152e-13
6     52     2.84217094304e-13
7     52     6.96331881045e-12
8     52     1.60582658282e-10
9     52     2.46487275035e-09
10     52     2.78120637631e-08
11     52     2.45797906473e-07
12     52     1.77169880544e-06
13     52     1.06848825965e-05
14     52     5.52392344844e-05
15     52     0.000247515840357
16     52     0.000977956422048
17     52     0.00342454426246
18     52     0.010764641064
19     52     0.0304591407742
20     52     0.0783260665759
21     52     0.183431971075
22     52     0.394054242437
23     52     0.778182444275
24     52     1.42063520105
25     52     2.40363038693
26     52     3.7865844156
27     52     5.57178759726
28     52     7.69102123289
29     52     10
30     52     7.69102123289
31     52     5.57178759726
32     52     3.7865844156
33     52     2.40363038693
34     52     1.42063520105
35     52     0.778182444275
36     52     0.394054242437
37     52     0.183431971075
38     52     0.0783260665759
39     52     0.0304591407742
40     52     0.010764641064
41     52     0.00342454426246
42     52     0.000977956422048
43     52     0.000247515840357
44     52     5.52392344844e-05
45     52     1.06848825965e-05
46     52     1.77169880544e-06
47     52     2.45797906473e-07
48     52     2.78120637631e-08
49     52     2.46487275035e-09
50     52     1.60582658282e-10
51     52     6.96331881045e-12
52     52     2.84217094304e-13
53     52     1.42108547152e-13
54     52     1.42108547152e-13
55     52     1.42108547152e-13
56     52     1.42108547152e-13
57     52     1.42108547152e-13
58     52     1.42108547152e-13
59     52     0

0     53     0
1     53     0.0
2     53     0.0
3     53     0.0
4     53     0.0
5     53     0.0
6     53     1.42108547152e-13
7     53     6.8212102633e-12
8     53     1.60440549735e-10
9     53     2.4647306418e-09
10     53     2.78119216546e-08
11     53     2.45797764364e-07
12     53     1.7610955183e-06
13     53     1.06298011815e-05
14     53     5.45624232018e-05
15     53     0.000244760124133
16     53     0.000961058806439
17     53     0.00336934097959
18     53     0.0105424683655
19     53     0.029868236345
20     53     0.0765947348215
21     53     0.179662358523
22     53     0.38563875706
23     53     0.763301578118
24     53     1.39514985625
25     53     2.36839210275
26     53     3.74273607518
27     53     5.53063733109
28     53     7.66441353506
29     53     10
30     53     7.66441353506
31     53     5.53063733109
32     53     3.74273607518
33     53     2.36839210275
34     53     1.39514985625
35     53     0.763301578118
36     53     0.38563875706
37     53     0.179662358523
38     53     0.0765947348215
39     53     0.029868236345
40     53     0.0105424683655
41     53     0.00336934097959
42     53     0.000961058806439
43     53     0.000244760124133
44     53     5.45624232018e-05
45     53     1.06298011815e-05
46     53     1.7610955183e-06
47     53     2.45797764364e-07
48     53     2.78119216546e-08
49     53     2.4647306418e-09
50     53     1.60440549735e-10
51     53     6.8212102633e-12
52     53     1.42108547152e-13
53     53     0.0
54     53     0.0
55     53     0.0
56     53     0.0
57     53     0.0
58     53     0.0
59     53     0

0     54     0
1     54     0.0
2     54     0.0
3     54     0.0
4     54     0.0
5     54     0.0
6     54     1.42108547152e-13
7     54     6.8212102633e-12
8     54     1.60440549735e-10
9     54     2.4647306418e-09
10     54     2.78119216546e-08
11     54     2.42055477884e-07
12     54     1.73892530597e-06
13     54     1.03341767499e-05
14     54     5.32097648431e-05
15     54     0.000235751915341
16     54     0.000928266494356
17     54     0.00322568046045
18     54     0.0101180402832
19     54     0.0285077132258
20     54     0.0732939837745
21     54     0.171514119936
22     54     0.369373861054
23     54     0.73177963763
24     54     1.34423177342
25     54     2.29242856049
26     54     3.65009160439
27     54     5.43739433224
28     54     7.604274481
29     54     10
30     54     7.604274481
31     54     5.43739433224
32     54     3.65009160439
33     54     2.29242856049
34     54     1.34423177342
35     54     0.73177963763
36     54     0.369373861054
37     54     0.171514119936
38     54     0.0732939837745
39     54     0.0285077132258
40     54     0.0101180402832
41     54     0.00322568046045
42     54     0.000928266494356
43     54     0.000235751915341
44     54     5.32097648431e-05
45     54     1.03341767499e-05
46     54     1.73892530597e-06
47     54     2.42055477884e-07
48     54     2.78119216546e-08
49     54     2.4647306418e-09
50     54     1.60440549735e-10
51     54     6.8212102633e-12
52     54     1.42108547152e-13
53     54     0.0
54     54     0.0
55     54     0.0
56     54     0.0
57     54     0.0
58     54     0.0
59     54     0

0     55     0
1     55     0.0
2     55     0.0
3     55     0.0
4     55     0.0
5     55     0.0
6     55     1.42108547152e-13
7     55     6.8212102633e-12
8     55     1.60440549735e-10
9     55     2.4647306418e-09
10     55     2.67723976322e-08
11     55     2.34911112784e-07
12     55     1.63505120554e-06
13     55     9.7946394817e-06
14     55     4.92954777087e-05
15     55     0.000219792575535
16     55     0.000852078430569
17     55     0.00297542487715
18     55     0.00924175534422
19     55     0.026147710289
20     55     0.0668886945807
21     55     0.157230704099
22     55     0.338474505951
23     55     0.674824959115
24     55     1.24582149486
25     55     2.14691336481
26     55     3.45995750628
27     55     5.24127412496
28     55     7.46838495882
29     55     10
30     55     7.46838495882
31     55     5.24127412496
32     55     3.45995750628
33     55     2.14691336481
34     55     1.24582149486
35     55     0.674824959115
36     55     0.338474505951
37     55     0.157230704099
38     55     0.0668886945807
39     55     0.026147710289
40     55     0.00924175534422
41     55     0.00297542487715
42     55     0.000852078430569
43     55     0.000219792575535
44     55     4.92954777087e-05
45     55     9.7946394817e-06
46     55     1.63505120554e-06
47     55     2.34911112784e-07
48     55     2.67723976322e-08
49     55     2.4647306418e-09
50     55     1.60440549735e-10
51     55     6.8212102633e-12
52     55     1.42108547152e-13
53     55     0.0
54     55     0.0
55     55     0.0
56     55     0.0
57     55     0.0
58     55     0.0
59     55     0

0     56     0
1     56     0.0
2     56     0.0
3     56     0.0
4     56     0.0
5     56     0.0
6     56     1.42108547152e-13
7     56     6.8212102633e-12
8     56     1.60440549735e-10
9     56     2.24588347919e-09
10     56     2.49768561389e-08
11     56     2.06266292935e-07
12     56     1.46324353523e-06
13     56     8.43086354507e-06
14     56     4.3005566539e-05
15     56     0.000186995469278
16     56     0.000731748251752
17     56     0.00251523875761
18     56     0.00786637324367
19     56     0.0220591450778
20     56     0.0567693291605
21     56     0.133045450914
22     56     0.288454640366
23     56     0.577145022522
24     56     1.07785956288
25     56     1.8822555839
26     56     3.10108989113
27     56     4.83740972653
28     56     7.16590212888
29     56     10
30     56     7.16590212888
31     56     4.83740972653
32     56     3.10108989113
33     56     1.8822555839
34     56     1.07785956288
35     56     0.577145022522
36     56     0.288454640366
37     56     0.133045450914
38     56     0.0567693291605
39     56     0.0220591450778
40     56     0.00786637324367
41     56     0.00251523875761
42     56     0.000731748251752
43     56     0.000186995469278
44     56     4.3005566539e-05
45     56     8.43086354507e-06
46     56     1.46324353523e-06
47     56     2.06266292935e-07
48     56     2.49768561389e-08
49     56     2.24588347919e-09
50     56     1.60440549735e-10
51     56     6.8212102633e-12
52     56     1.42108547152e-13
53     56     0.0
54     56     0.0
55     56     0.0
56     56     0.0
57     56     0.0
58     56     0.0
59     56     0

0     57     0
1     57     0.0
2     57     0.0
3     57     0.0
4     57     0.0
5     57     0.0
6     57     1.42108547152e-13
7     57     6.8212102633e-12
8     57     1.27613475343e-10
9     57     1.90766513697e-09
10     57     1.90070181816e-08
11     57     1.63711320056e-07
12     57     1.09145219085e-06
13     57     6.45760337648e-06
14     57     3.1725130043e-05
15     57     0.00014031616729
16     57     0.000536506080664
17     57     0.00186516483382
18     57     0.0057537909808
19     57     0.0162689839749
20     57     0.0415926205291
21     57     0.098222612296
22     57     0.21300465929
23     57     0.430668955551
24     57     0.812408003586
25     57     1.44886428595
26     57     2.4614691518
27     57     4.04077259679
28     57     6.46673708843
29     57     10
30     57     6.46673708843
31     57     4.04077259679
32     57     2.4614691518
33     57     1.44886428595
34     57     0.812408003586
35     57     0.430668955551
36     57     0.21300465929
37     57     0.098222612296
38     57     0.0415926205291
39     57     0.0162689839749
40     57     0.0057537909808
41     57     0.00186516483382
42     57     0.000536506080664
43     57     0.00014031616729
44     57     3.1725130043e-05
45     57     6.45760337648e-06
46     57     1.09145219085e-06
47     57     1.63711320056e-07
48     57     1.90070181816e-08
49     57     1.90766513697e-09
50     57     1.27613475343e-10
51     57     6.8212102633e-12
52     57     1.42108547152e-13
53     57     0.0
54     57     0.0
55     57     0.0
56     57     0.0
57     57     0.0
58     57     0.0
59     57     0

0     58     0
1     58     0.0
2     58     0.0
3     58     0.0
4     58     0.0
5     58     0.0
6     58     1.42108547152e-13
7     58     3.69482222595e-12
8     58     8.28492829896e-11
9     58     1.02374997368e-09
10     58     1.1125536048e-08
11     58     8.73180283634e-08
12     58     6.11054105093e-07
13     58     3.43034798789e-06
14     58     1.73498962397e-05
15     58     7.43584635643e-05
16     58     0.000289528055504
17     58     0.00098761417064
18     58     0.0030829889262
19     58     0.00862472408102
20     58     0.0222397966046
21     58     0.052306961768
22     58     0.11438844254
23     58     0.232100155896
24     58     0.444079235849
25     58     0.807728796856
26     58     1.42907568116
27     58     2.5340676999
28     58     4.74020924496
29     58     10
30     58     4.74020924496
31     58     2.5340676999
32     58     1.42907568116
33     58     0.807728796856
34     58     0.444079235849
35     58     0.232100155896
36     58     0.11438844254
37     58     0.052306961768
38     58     0.0222397966046
39     58     0.00862472408102
40     58     0.0030829889262
41     58     0.00098761417064
42     58     0.000289528055504
43     58     7.43584635643e-05
44     58     1.73498962397e-05
45     58     3.43034798789e-06
46     58     6.11054105093e-07
47     58     8.73180283634e-08
48     58     1.1125536048e-08
49     58     1.02374997368e-09
50     58     8.28492829896e-11
51     58     3.69482222595e-12
52     58     1.42108547152e-13
53     58     0.0
54     58     0.0
55     58     0.0
56     58     0.0
57     58     0.0
58     58     0.0
59     58     0

0     59     0
1     59     0
2     59     0
3     59     0
4     59     0
5     59     0
6     59     0
7     59     0
8     59     0
9     59     0
10     59     0
11     59     0
12     59     0
13     59     0
14     59     0
15     59     0
16     59     0
17     59     0
18     59     0
19     59     0
20     59     0
21     59     0
22     59     0
23     59     0
24     59     0
25     59     0
26     59     0
27     59     0
28     59     0
29     59     0
30     59     0
31     59     0
32     59     0
33     59     0
34     59     0
35     59     0
36     59     0
37     59     0
38     59     0
39     59     0
40     59     0
41     59     0
42     59     0
43     59     0
44     59     0
45     59     0
46     59     0
47     59     0
48     59     0
49     59     0
50     59     0
51     59     0
52     59     0
53     59     0
54     59     0
55     59     0
56     59     0
57     59     0
58     59     0
59     59     0

