0     0     0
1     0     0
2     0     0
3     0     0
4     0     0
5     0     0
6     0     0
7     0     0
8     0     0
9     0     0
10     0     0
11     0     0
12     0     0
13     0     0
14     0     0
15     0     0
16     0     0
17     0     0
18     0     0
19     0     0
20     0     0
21     0     0
22     0     0
23     0     0
24     0     0
25     0     0
26     0     0
27     0     0
28     0     0
29     0     0
30     0     0
31     0     0
32     0     0
33     0     0
34     0     0
35     0     0
36     0     0
37     0     0
38     0     0
39     0     0
40     0     0
41     0     0
42     0     0
43     0     0
44     0     0
45     0     0
46     0     0
47     0     0
48     0     0
49     0     0
50     0     0
51     0     0
52     0     0
53     0     0
54     0     0
55     0     0
56     0     0
57     0     0
58     0     0
59     0     0

0     1     0
1     1     0.0
2     1     0.0
3     1     0.0
4     1     0.0
5     1     0.0
6     1     0.0
7     1     0.0
8     1     0.0
9     1     0.0
10     1     0.0
11     1     0.0
12     1     0.0
13     1     0.0
14     1     0.0
15     1     0.0
16     1     0.0
17     1     0.0
18     1     0.0
19     1     0.0
20     1     3.81469726562e-05
21     1     0.000457763671875
22     1     0.00408172607422
23     1     0.0216674804688
24     1     0.0921630859375
25     1     0.299072265625
26     1     0.824584960938
27     1     1.96594238281
28     1     4.39437866211
29     1     10
30     1     4.39437866211
31     1     1.96594238281
32     1     0.824584960938
33     1     0.299072265625
34     1     0.0921630859375
35     1     0.0216674804688
36     1     0.00408172607422
37     1     0.000457763671875
38     1     3.81469726562e-05
39     1     0.0
40     1     0.0
41     1     0.0
42     1     0.0
43     1     0.0
44     1     0.0
45     1     0.0
46     1     0.0
47     1     0.0
48     1     0.0
49     1     0.0
50     1     0.0
51     1     0.0
52     1     0.0
53     1     0.0
54     1     0.0
55     1     0.0
56     1     0.0
57     1     0.0
58     1     0.0
59     1     0

0     2     0
1     2     0.0
2     2     0.0
3     2     0.0
4     2     0.0
5     2     0.0
6     2     0.0
7     2     0.0
8     2     0.0
9     2     0.0
10     2     0.0
11     2     0.0
12     2     0.0
13     2     0.0
14     2     0.0
15     2     0.0
16     2     0.0
17     2     0.0
18     2     0.0
19     2     0.0
20     2     3.81469726562e-05
21     2     0.000762939453125
22     2     0.00621795654297
23     2     0.0367736816406
24     2     0.150909423828
25     2     0.499267578125
26     2     1.32171630859
27     2     2.98126220703
28     2     5.81344604492
29     2     10
30     2     5.81344604492
31     2     2.98126220703
32     2     1.32171630859
33     2     0.499267578125
34     2     0.150909423828
35     2     0.0367736816406
36     2     0.00621795654297
37     2     0.000762939453125
38     2     3.81469726562e-05
39     2     0.0
40     2     0.0
41     2     0.0
42     2     0.0
43     2     0.0
44     2     0.0
45     2     0.0
46     2     0.0
47     2     0.0
48     2     0.0
49     2     0.0
50     2     0.0
51     2     0.0
52     2     0.0
53     2     0.0
54     2     0.0
55     2     0.0
56     2     0.0
57     2     0.0
58     2     0.0
59     2     0

0     3     0
1     3     0.0
2     3     0.0
3     3     0.0
4     3     0.0
5     3     0.0
6     3     0.0
7     3     0.0
8     3     0.0
9     3     0.0
10     3     0.0
11     3     0.0
12     3     0.0
13     3     0.0
14     3     0.0
15     3     0.0
16     3     0.0
17     3     0.0
18     3     0.0
19     3     0.0
20     3     3.81469726562e-05
21     3     0.000762939453125
22     3     0.00728607177734
23     3     0.0421142578125
24     3     0.181427001953
25     3     0.589294433594
26     3     1.55853271484
27     3     3.39111328125
28     3     6.28189086914
29     3     10
30     3     6.28189086914
31     3     3.39111328125
32     3     1.55853271484
33     3     0.589294433594
34     3     0.181427001953
35     3     0.0421142578125
36     3     0.00728607177734
37     3     0.000762939453125
38     3     3.81469726562e-05
39     3     0.0
40     3     0.0
41     3     0.0
42     3     0.0
43     3     0.0
44     3     0.0
45     3     0.0
46     3     0.0
47     3     0.0
48     3     0.0
49     3     0.0
50     3     0.0
51     3     0.0
52     3     0.0
53     3     0.0
54     3     0.0
55     3     0.0
56     3     0.0
57     3     0.0
58     3     0.0
59     3     0

0     4     0
1     4     0.0
2     4     0.0
3     4     0.0
4     4     0.0
5     4     0.0
6     4     0.0
7     4     0.0
8     4     0.0
9     4     0.0
10     4     0.0
11     4     0.0
12     4     0.0
13     4     0.0
14     4     0.0
15     4     0.0
16     4     0.0
17     4     0.0
18     4     0.0
19     4     0.0
20     4     3.81469726562e-05
21     4     0.000762939453125
22     4     0.00728607177734
23     4     0.0442504882812
24     4     0.189437866211
25     4     0.626068115234
26     4     1.63856506348
27     4     3.54064941406
28     4     6.42288208008
29     4     10
30     4     6.42288208008
31     4     3.54064941406
32     4     1.63856506348
33     4     0.626068115234
34     4     0.189437866211
35     4     0.0442504882812
36     4     0.00728607177734
37     4     0.000762939453125
38     4     3.81469726562e-05
39     4     0.0
40     4     0.0
41     4     0.0
42     4     0.0
43     4     0.0
44     4     0.0
45     4     0.0
46     4     0.0
47     4     0.0
48     4     0.0
49     4     0.0
50     4     0.0
51     4     0.0
52     4     0.0
53     4     0.0
54     4     0.0
55     4     0.0
56     4     0.0
57     4     0.0
58     4     0.0
59     4     0

0     5     0
1     5     0.0
2     5     0.0
3     5     0.0
4     5     0.0
5     5     0.0
6     5     0.0
7     5     0.0
8     5     0.0
9     5     0.0
10     5     0.0
11     5     0.0
12     5     0.0
13     5     0.0
14     5     0.0
15     5     0.0
16     5     0.0
17     5     0.0
18     5     0.0
19     5     0.0
20     5     3.81469726562e-05
21     5     0.000762939453125
22     5     0.00728607177734
23     5     0.0442504882812
24     5     0.192108154297
25     5     0.633544921875
26     5     1.66534423828
27     5     3.58001708984
28     5     6.46499633789
29     5     10
30     5     6.46499633789
31     5     3.58001708984
32     5     1.66534423828
33     5     0.633544921875
34     5     0.192108154297
35     5     0.0442504882812
36     5     0.00728607177734
37     5     0.000762939453125
38     5     3.81469726562e-05
39     5     0.0
40     5     0.0
41     5     0.0
42     5     0.0
43     5     0.0
44     5     0.0
45     5     0.0
46     5     0.0
47     5     0.0
48     5     0.0
49     5     0.0
50     5     0.0
51     5     0.0
52     5     0.0
53     5     0.0
54     5     0.0
55     5     0.0
56     5     0.0
57     5     0.0
58     5     0.0
59     5     0

0     6     0
1     6     0.0
2     6     0.0
3     6     0.0
4     6     0.0
5     6     0.0
6     6     0.0
7     6     0.0
8     6     0.0
9     6     0.0
10     6     0.0
11     6     0.0
12     6     0.0
13     6     0.0
14     6     0.0
15     6     0.0
16     6     0.0
17     6     0.0
18     6     0.0
19     6     0.0
20     6     3.81469726562e-05
21     6     0.000762939453125
22     6     0.00728607177734
23     6     0.0442504882812
24     6     0.192108154297
25     6     0.635681152344
26     6     1.66961669922
27     6     3.59115600586
28     6     6.47369384766
29     6     10
30     6     6.47369384766
31     6     3.59115600586
32     6     1.66961669922
33     6     0.635681152344
34     6     0.192108154297
35     6     0.0442504882812
36     6     0.00728607177734
37     6     0.000762939453125
38     6     3.81469726562e-05
39     6     0.0
40     6     0.0
41     6     0.0
42     6     0.0
43     6     0.0
44     6     0.0
45     6     0.0
46     6     0.0
47     6     0.0
48     6     0.0
49     6     0.0
50     6     0.0
51     6     0.0
52     6     0.0
53     6     0.0
54     6     0.0
55     6     0.0
56     6     0.0
57     6     0.0
58     6     0.0
59     6     0

0     7     0
1     7     0.0
2     7     0.0
3     7     0.0
4     7     0.0
5     7     0.0
6     7     0.0
7     7     0.0
8     7     0.0
9     7     0.0
10     7     0.0
11     7     0.0
12     7     0.0
13     7     0.0
14     7     0.0
15     7     0.0
16     7     0.0
17     7     0.0
18     7     0.0
19     7     0.0
20     7     3.81469726562e-05
21     7     0.000762939453125
22     7     0.00728607177734
23     7     0.0442504882812
24     7     0.192108154297
25     7     0.635681152344
26     7     1.67068481445
27     7     3.59252929688
28     7     6.47583007812
29     7     10
30     7     6.47583007812
31     7     3.59252929688
32     7     1.67068481445
33     7     0.635681152344
34     7     0.192108154297
35     7     0.0442504882812
36     7     0.00728607177734
37     7     0.000762939453125
38     7     3.81469726562e-05
39     7     0.0
40     7     0.0
41     7     0.0
42     7     0.0
43     7     0.0
44     7     0.0
45     7     0.0
46     7     0.0
47     7     0.0
48     7     0.0
49     7     0.0
50     7     0.0
51     7     0.0
52     7     0.0
53     7     0.0
54     7     0.0
55     7     0.0
56     7     0.0
57     7     0.0
58     7     0.0
59     7     0

0     8     0
1     8     0.0
2     8     0.0
3     8     0.0
4     8     0.0
5     8     0.0
6     8     0.0
7     8     0.0
8     8     0.0
9     8     0.0
10     8     0.0
11     8     0.0
12     8     0.0
13     8     0.0
14     8     0.0
15     8     0.0
16     8     0.0
17     8     0.0
18     8     0.0
19     8     0.0
20     8     3.81469726562e-05
21     8     0.000762939453125
22     8     0.00728607177734
23     8     0.0442504882812
24     8     0.192108154297
25     8     0.635681152344
26     8     1.67068481445
27     8     3.59283447266
28     8     6.47602081299
29     8     10
30     8     6.47602081299
31     8     3.59283447266
32     8     1.67068481445
33     8     0.635681152344
34     8     0.192108154297
35     8     0.0442504882812
36     8     0.00728607177734
37     8     0.000762939453125
38     8     3.81469726562e-05
39     8     0.0
40     8     0.0
41     8     0.0
42     8     0.0
43     8     0.0
44     8     0.0
45     8     0.0
46     8     0.0
47     8     0.0
48     8     0.0
49     8     0.0
50     8     0.0
51     8     0.0
52     8     0.0
53     8     0.0
54     8     0.0
55     8     0.0
56     8     0.0
57     8     0.0
58     8     0.0
59     8     0

0     9     0
1     9     0.0
2     9     0.0
3     9     0.0
4     9     0.0
5     9     0.0
6     9     0.0
7     9     0.0
8     9     0.0
9     9     0.0
10     9     0.0
11     9     0.0
12     9     0.0
13     9     0.0
14     9     0.0
15     9     0.0
16     9     0.0
17     9     0.0
18     9     0.0
19     9     0.0
20     9     3.81469726562e-05
21     9     0.000762939453125
22     9     0.00728607177734
23     9     0.0442504882812
24     9     0.192108154297
25     9     0.635681152344
26     9     1.67068481445
27     9     3.59283447266
28     9     6.47605895996
29     9     10
30     9     6.47605895996
31     9     3.59283447266
32     9     1.67068481445
33     9     0.635681152344
34     9     0.192108154297
35     9     0.0442504882812
36     9     0.00728607177734
37     9     0.000762939453125
38     9     3.81469726562e-05
39     9     0.0
40     9     0.0
41     9     0.0
42     9     0.0
43     9     0.0
44     9     0.0
45     9     0.0
46     9     0.0
47     9     0.0
48     9     0.0
49     9     0.0
50     9     0.0
51     9     0.0
52     9     0.0
53     9     0.0
54     9     0.0
55     9     0.0
56     9     0.0
57     9     0.0
58     9     0.0
59     9     0

0     10     0
1     10     0.0
2     10     0.0
3     10     0.0
4     10     0.0
5     10     0.0
6     10     0.0
7     10     0.0
8     10     0.0
9     10     0.0
10     10     0.0
11     10     0.0
12     10     0.0
13     10     0.0
14     10     0.0
15     10     0.0
16     10     0.0
17     10     0.0
18     10     0.0
19     10     0.0
20     10     3.81469726562e-05
21     10     0.000762939453125
22     10     0.00728607177734
23     10     0.0442504882812
24     10     0.192108154297
25     10     0.635681152344
26     10     1.67068481445
27     10     3.59283447266
28     10     6.47605895996
29     10     10
30     10     6.47605895996
31     10     3.59283447266
32     10     1.67068481445
33     10     0.635681152344
34     10     0.192108154297
35     10     0.0442504882812
36     10     0.00728607177734
37     10     0.000762939453125
38     10     3.81469726562e-05
39     10     0.0
40     10     0.0
41     10     0.0
42     10     0.0
43     10     0.0
44     10     0.0
45     10     0.0
46     10     0.0
47     10     0.0
48     10     0.0
49     10     0.0
50     10     0.0
51     10     0.0
52     10     0.0
53     10     0.0
54     10     0.0
55     10     0.0
56     10     0.0
57     10     0.0
58     10     0.0
59     10     0

0     11     0
1     11     0.0
2     11     0.0
3     11     0.0
4     11     0.0
5     11     0.0
6     11     0.0
7     11     0.0
8     11     0.0
9     11     0.0
10     11     0.0
11     11     0.0
12     11     0.0
13     11     0.0
14     11     0.0
15     11     0.0
16     11     0.0
17     11     0.0
18     11     0.0
19     11     0.0
20     11     3.81469726562e-05
21     11     0.000762939453125
22     11     0.00728607177734
23     11     0.0442504882812
24     11     0.192108154297
25     11     0.635681152344
26     11     1.67068481445
27     11     3.59283447266
28     11     6.47605895996
29     11     10
30     11     6.47605895996
31     11     3.59283447266
32     11     1.67068481445
33     11     0.635681152344
34     11     0.192108154297
35     11     0.0442504882812
36     11     0.00728607177734
37     11     0.000762939453125
38     11     3.81469726562e-05
39     11     0.0
40     11     0.0
41     11     0.0
42     11     0.0
43     11     0.0
44     11     0.0
45     11     0.0
46     11     0.0
47     11     0.0
48     11     0.0
49     11     0.0
50     11     0.0
51     11     0.0
52     11     0.0
53     11     0.0
54     11     0.0
55     11     0.0
56     11     0.0
57     11     0.0
58     11     0.0
59     11     0

0     12     0
1     12     0.0
2     12     0.0
3     12     0.0
4     12     0.0
5     12     0.0
6     12     0.0
7     12     0.0
8     12     0.0
9     12     0.0
10     12     0.0
11     12     0.0
12     12     0.0
13     12     0.0
14     12     0.0
15     12     0.0
16     12     0.0
17     12     0.0
18     12     0.0
19     12     0.0
20     12     3.81469726562e-05
21     12     0.000762939453125
22     12     0.00728607177734
23     12     0.0442504882812
24     12     0.192108154297
25     12     0.635681152344
26     12     1.67068481445
27     12     3.59283447266
28     12     6.47605895996
29     12     10
30     12     6.47605895996
31     12     3.59283447266
32     12     1.67068481445
33     12     0.635681152344
34     12     0.192108154297
35     12     0.0442504882812
36     12     0.00728607177734
37     12     0.000762939453125
38     12     3.81469726562e-05
39     12     0.0
40     12     0.0
41     12     0.0
42     12     0.0
43     12     0.0
44     12     0.0
45     12     0.0
46     12     0.0
47     12     0.0
48     12     0.0
49     12     0.0
50     12     0.0
51     12     0.0
52     12     0.0
53     12     0.0
54     12     0.0
55     12     0.0
56     12     0.0
57     12     0.0
58     12     0.0
59     12     0

0     13     0
1     13     0.0
2     13     0.0
3     13     0.0
4     13     0.0
5     13     0.0
6     13     0.0
7     13     0.0
8     13     0.0
9     13     0.0
10     13     0.0
11     13     0.0
12     13     0.0
13     13     0.0
14     13     0.0
15     13     0.0
16     13     0.0
17     13     0.0
18     13     0.0
19     13     0.0
20     13     3.81469726562e-05
21     13     0.000762939453125
22     13     0.00728607177734
23     13     0.0442504882812
24     13     0.192108154297
25     13     0.635681152344
26     13     1.67068481445
27     13     3.59283447266
28     13     6.47605895996
29     13     10
30     13     6.47605895996
31     13     3.59283447266
32     13     1.67068481445
33     13     0.635681152344
34     13     0.192108154297
35     13     0.0442504882812
36     13     0.00728607177734
37     13     0.000762939453125
38     13     3.81469726562e-05
39     13     0.0
40     13     0.0
41     13     0.0
42     13     0.0
43     13     0.0
44     13     0.0
45     13     0.0
46     13     0.0
47     13     0.0
48     13     0.0
49     13     0.0
50     13     0.0
51     13     0.0
52     13     0.0
53     13     0.0
54     13     0.0
55     13     0.0
56     13     0.0
57     13     0.0
58     13     0.0
59     13     0

0     14     0
1     14     0.0
2     14     0.0
3     14     0.0
4     14     0.0
5     14     0.0
6     14     0.0
7     14     0.0
8     14     0.0
9     14     0.0
10     14     0.0
11     14     0.0
12     14     0.0
13     14     0.0
14     14     0.0
15     14     0.0
16     14     0.0
17     14     0.0
18     14     0.0
19     14     0.0
20     14     3.81469726562e-05
21     14     0.000762939453125
22     14     0.00728607177734
23     14     0.0442504882812
24     14     0.192108154297
25     14     0.635681152344
26     14     1.67068481445
27     14     3.59283447266
28     14     6.47605895996
29     14     10
30     14     6.47605895996
31     14     3.59283447266
32     14     1.67068481445
33     14     0.635681152344
34     14     0.192108154297
35     14     0.0442504882812
36     14     0.00728607177734
37     14     0.000762939453125
38     14     3.81469726562e-05
39     14     0.0
40     14     0.0
41     14     0.0
42     14     0.0
43     14     0.0
44     14     0.0
45     14     0.0
46     14     0.0
47     14     0.0
48     14     0.0
49     14     0.0
50     14     0.0
51     14     0.0
52     14     0.0
53     14     0.0
54     14     0.0
55     14     0.0
56     14     0.0
57     14     0.0
58     14     0.0
59     14     0

0     15     0
1     15     0.0
2     15     0.0
3     15     0.0
4     15     0.0
5     15     0.0
6     15     0.0
7     15     0.0
8     15     0.0
9     15     0.0
10     15     0.0
11     15     0.0
12     15     0.0
13     15     0.0
14     15     0.0
15     15     0.0
16     15     0.0
17     15     0.0
18     15     0.0
19     15     0.0
20     15     3.81469726562e-05
21     15     0.000762939453125
22     15     0.00728607177734
23     15     0.0442504882812
24     15     0.192108154297
25     15     0.635681152344
26     15     1.67068481445
27     15     3.59283447266
28     15     6.47605895996
29     15     10
30     15     6.47605895996
31     15     3.59283447266
32     15     1.67068481445
33     15     0.635681152344
34     15     0.192108154297
35     15     0.0442504882812
36     15     0.00728607177734
37     15     0.000762939453125
38     15     3.81469726562e-05
39     15     0.0
40     15     0.0
41     15     0.0
42     15     0.0
43     15     0.0
44     15     0.0
45     15     0.0
46     15     0.0
47     15     0.0
48     15     0.0
49     15     0.0
50     15     0.0
51     15     0.0
52     15     0.0
53     15     0.0
54     15     0.0
55     15     0.0
56     15     0.0
57     15     0.0
58     15     0.0
59     15     0

0     16     0
1     16     0.0
2     16     0.0
3     16     0.0
4     16     0.0
5     16     0.0
6     16     0.0
7     16     0.0
8     16     0.0
9     16     0.0
10     16     0.0
11     16     0.0
12     16     0.0
13     16     0.0
14     16     0.0
15     16     0.0
16     16     0.0
17     16     0.0
18     16     0.0
19     16     0.0
20     16     3.81469726562e-05
21     16     0.000762939453125
22     16     0.00728607177734
23     16     0.0442504882812
24     16     0.192108154297
25     16     0.635681152344
26     16     1.67068481445
27     16     3.59283447266
28     16     6.47605895996
29     16     10
30     16     6.47605895996
31     16     3.59283447266
32     16     1.67068481445
33     16     0.635681152344
34     16     0.192108154297
35     16     0.0442504882812
36     16     0.00728607177734
37     16     0.000762939453125
38     16     3.81469726562e-05
39     16     0.0
40     16     0.0
41     16     0.0
42     16     0.0
43     16     0.0
44     16     0.0
45     16     0.0
46     16     0.0
47     16     0.0
48     16     0.0
49     16     0.0
50     16     0.0
51     16     0.0
52     16     0.0
53     16     0.0
54     16     0.0
55     16     0.0
56     16     0.0
57     16     0.0
58     16     0.0
59     16     0

0     17     0
1     17     0.0
2     17     0.0
3     17     0.0
4     17     0.0
5     17     0.0
6     17     0.0
7     17     0.0
8     17     0.0
9     17     0.0
10     17     0.0
11     17     0.0
12     17     0.0
13     17     0.0
14     17     0.0
15     17     0.0
16     17     0.0
17     17     0.0
18     17     0.0
19     17     0.0
20     17     3.81469726562e-05
21     17     0.000762939453125
22     17     0.00728607177734
23     17     0.0442504882812
24     17     0.192108154297
25     17     0.635681152344
26     17     1.67068481445
27     17     3.59283447266
28     17     6.47605895996
29     17     10
30     17     6.47605895996
31     17     3.59283447266
32     17     1.67068481445
33     17     0.635681152344
34     17     0.192108154297
35     17     0.0442504882812
36     17     0.00728607177734
37     17     0.000762939453125
38     17     3.81469726562e-05
39     17     0.0
40     17     0.0
41     17     0.0
42     17     0.0
43     17     0.0
44     17     0.0
45     17     0.0
46     17     0.0
47     17     0.0
48     17     0.0
49     17     0.0
50     17     0.0
51     17     0.0
52     17     0.0
53     17     0.0
54     17     0.0
55     17     0.0
56     17     0.0
57     17     0.0
58     17     0.0
59     17     0

0     18     0
1     18     0.0
2     18     0.0
3     18     0.0
4     18     0.0
5     18     0.0
6     18     0.0
7     18     0.0
8     18     0.0
9     18     0.0
10     18     0.0
11     18     0.0
12     18     0.0
13     18     0.0
14     18     0.0
15     18     0.0
16     18     0.0
17     18     0.0
18     18     0.0
19     18     0.0
20     18     3.81469726562e-05
21     18     0.000762939453125
22     18     0.00728607177734
23     18     0.0442504882812
24     18     0.192108154297
25     18     0.635681152344
26     18     1.67068481445
27     18     3.59283447266
28     18     6.47605895996
29     18     10
30     18     6.47605895996
31     18     3.59283447266
32     18     1.67068481445
33     18     0.635681152344
34     18     0.192108154297
35     18     0.0442504882812
36     18     0.00728607177734
37     18     0.000762939453125
38     18     3.81469726562e-05
39     18     0.0
40     18     0.0
41     18     0.0
42     18     0.0
43     18     0.0
44     18     0.0
45     18     0.0
46     18     0.0
47     18     0.0
48     18     0.0
49     18     0.0
50     18     0.0
51     18     0.0
52     18     0.0
53     18     0.0
54     18     0.0
55     18     0.0
56     18     0.0
57     18     0.0
58     18     0.0
59     18     0

0     19     0
1     19     0.0
2     19     0.0
3     19     0.0
4     19     0.0
5     19     0.0
6     19     0.0
7     19     0.0
8     19     0.0
9     19     0.0
10     19     0.0
11     19     0.0
12     19     0.0
13     19     0.0
14     19     0.0
15     19     0.0
16     19     0.0
17     19     0.0
18     19     0.0
19     19     0.0
20     19     3.81469726562e-05
21     19     0.000762939453125
22     19     0.00728607177734
23     19     0.0442504882812
24     19     0.192108154297
25     19     0.635681152344
26     19     1.67068481445
27     19     3.59283447266
28     19     6.47605895996
29     19     10
30     19     6.47605895996
31     19     3.59283447266
32     19     1.67068481445
33     19     0.635681152344
34     19     0.192108154297
35     19     0.0442504882812
36     19     0.00728607177734
37     19     0.000762939453125
38     19     3.81469726562e-05
39     19     0.0
40     19     0.0
41     19     0.0
42     19     0.0
43     19     0.0
44     19     0.0
45     19     0.0
46     19     0.0
47     19     0.0
48     19     0.0
49     19     0.0
50     19     0.0
51     19     0.0
52     19     0.0
53     19     0.0
54     19     0.0
55     19     0.0
56     19     0.0
57     19     0.0
58     19     0.0
59     19     0

0     20     0
1     20     3.81469726562e-05
2     20     3.81469726562e-05
3     20     3.81469726562e-05
4     20     3.81469726562e-05
5     20     3.81469726562e-05
6     20     3.81469726562e-05
7     20     3.81469726562e-05
8     20     3.81469726562e-05
9     20     3.81469726562e-05
10     20     3.81469726562e-05
11     20     3.81469726562e-05
12     20     3.81469726562e-05
13     20     3.81469726562e-05
14     20     3.81469726562e-05
15     20     3.81469726562e-05
16     20     3.81469726562e-05
17     20     3.81469726562e-05
18     20     3.81469726562e-05
19     20     3.81469726562e-05
20     20     7.62939453125e-05
21     20     0.000801086425781
22     20     0.00732421875
23     20     0.0442886352539
24     20     0.19214630127
25     20     0.635719299316
26     20     1.67072296143
27     20     3.59287261963
28     20     6.47609710693
29     20     10
30     20     6.47609710693
31     20     3.59287261963
32     20     1.67072296143
33     20     0.635719299316
34     20     0.19214630127
35     20     0.0442886352539
36     20     0.00732421875
37     20     0.000801086425781
38     20     7.62939453125e-05
39     20     3.81469726562e-05
40     20     3.81469726562e-05
41     20     3.81469726562e-05
42     20     3.81469726562e-05
43     20     3.81469726562e-05
44     20     3.81469726562e-05
45     20     3.81469726562e-05
46     20     3.81469726562e-05
47     20     3.81469726562e-05
48     20     3.81469726562e-05
49     20     3.81469726562e-05
50     20     3.81469726562e-05
51     20     3.81469726562e-05
52     20     3.81469726562e-05
53     20     3.81469726562e-05
54     20     3.81469726562e-05
55     20     3.81469726562e-05
56     20     3.81469726562e-05
57     20     3.81469726562e-05
58     20     3.81469726562e-05
59     20     0

0     21     0
1     21     0.000457763671875
2     21     0.000762939453125
3     21     0.000762939453125
4     21     0.000762939453125
5     21     0.000762939453125
6     21     0.000762939453125
7     21     0.000762939453125
8     21     0.000762939453125
9     21     0.000762939453125
10     21     0.000762939453125
11     21     0.000762939453125
12     21     0.000762939453125
13     21     0.000762939453125
14     21     0.000762939453125
15     21     0.000762939453125
16     21     0.000762939453125
17     21     0.000762939453125
18     21     0.000762939453125
19     21     0.000762939453125
20     21     0.000801086425781
21     21     0.00152587890625
22     21     0.00804901123047
23     21     0.0450134277344
24     21     0.19287109375
25     21     0.636444091797
26     21     1.67144775391
27     21     3.59359741211
28     21     6.47647857666
29     21     10
30     21     6.47647857666
31     21     3.59359741211
32     21     1.67144775391
33     21     0.636444091797
34     21     0.19287109375
35     21     0.0450134277344
36     21     0.00804901123047
37     21     0.00152587890625
38     21     0.000801086425781
39     21     0.000762939453125
40     21     0.000762939453125
41     21     0.000762939453125
42     21     0.000762939453125
43     21     0.000762939453125
44     21     0.000762939453125
45     21     0.000762939453125
46     21     0.000762939453125
47     21     0.000762939453125
48     21     0.000762939453125
49     21     0.000762939453125
50     21     0.000762939453125
51     21     0.000762939453125
52     21     0.000762939453125
53     21     0.000762939453125
54     21     0.000762939453125
55     21     0.000762939453125
56     21     0.000762939453125
57     21     0.000762939453125
58     21     0.000457763671875
59     21     0

0     22     0
1     22     0.00408172607422
2     22     0.00621795654297
3     22     0.00728607177734
4     22     0.00728607177734
5     22     0.00728607177734
6     22     0.00728607177734
7     22     0.00728607177734
8     22     0.00728607177734
9     22     0.00728607177734
10     22     0.00728607177734
11     22     0.00728607177734
12     22     0.00728607177734
13     22     0.00728607177734
14     22     0.00728607177734
15     22     0.00728607177734
16     22     0.00728607177734
17     22     0.00728607177734
18     22     0.00728607177734
19     22     0.00728607177734
20     22     0.00732421875
21     22     0.00804901123047
22     22     0.0145721435547
23     22     0.0515365600586
24     22     0.199394226074
25     22     0.642967224121
26     22     1.67797088623
27     22     3.59874725342
28     22     6.4799118042
29     22     10
30     22     6.4799118042
31     22     3.59874725342
32     22     1.67797088623
33     22     0.642967224121
34     22     0.199394226074
35     22     0.0515365600586
36     22     0.0145721435547
37     22     0.00804901123047
38     22     0.00732421875
39     22     0.00728607177734
40     22     0.00728607177734
41     22     0.00728607177734
42     22     0.00728607177734
43     22     0.00728607177734
44     22     0.00728607177734
45     22     0.00728607177734
46     22     0.00728607177734
47     22     0.00728607177734
48     22     0.00728607177734
49     22     0.00728607177734
50     22     0.00728607177734
51     22     0.00728607177734
52     22     0.00728607177734
53     22     0.00728607177734
54     22     0.00728607177734
55     22     0.00728607177734
56     22     0.00728607177734
57     22     0.00621795654297
58     22     0.00408172607422
59     22     0

0     23     0
1     23     0.0216674804688
2     23     0.0367736816406
3     23     0.0421142578125
4     23     0.0442504882812
5     23     0.0442504882812
6     23     0.0442504882812
7     23     0.0442504882812
8     23     0.0442504882812
9     23     0.0442504882812
10     23     0.0442504882812
11     23     0.0442504882812
12     23     0.0442504882812
13     23     0.0442504882812
14     23     0.0442504882812
15     23     0.0442504882812
16     23     0.0442504882812
17     23     0.0442504882812
18     23     0.0442504882812
19     23     0.0442504882812
20     23     0.0442886352539
21     23     0.0450134277344
22     23     0.0515365600586
23     23     0.0885009765625
24     23     0.236358642578
25     23     0.679931640625
26     23     1.71173095703
27     23     3.6279296875
28     23     6.49536132812
29     23     10
30     23     6.49536132812
31     23     3.6279296875
32     23     1.71173095703
33     23     0.679931640625
34     23     0.236358642578
35     23     0.0885009765625
36     23     0.0515365600586
37     23     0.0450134277344
38     23     0.0442886352539
39     23     0.0442504882812
40     23     0.0442504882812
41     23     0.0442504882812
42     23     0.0442504882812
43     23     0.0442504882812
44     23     0.0442504882812
45     23     0.0442504882812
46     23     0.0442504882812
47     23     0.0442504882812
48     23     0.0442504882812
49     23     0.0442504882812
50     23     0.0442504882812
51     23     0.0442504882812
52     23     0.0442504882812
53     23     0.0442504882812
54     23     0.0442504882812
55     23     0.0442504882812
56     23     0.0421142578125
57     23     0.0367736816406
58     23     0.0216674804688
59     23     0

0     24     0
1     24     0.0921630859375
2     24     0.150909423828
3     24     0.181427001953
4     24     0.189437866211
5     24     0.192108154297
6     24     0.192108154297
7     24     0.192108154297
8     24     0.192108154297
9     24     0.192108154297
10     24     0.192108154297
11     24     0.192108154297
12     24     0.192108154297
13     24     0.192108154297
14     24     0.192108154297
15     24     0.192108154297
16     24     0.192108154297
17     24     0.192108154297
18     24     0.192108154297
19     24     0.192108154297
20     24     0.19214630127
21     24     0.19287109375
22     24     0.199394226074
23     24     0.236358642578
24     24     0.384216308594
25     24     0.822982788086
26     24     1.84677124023
27     24     3.73092651367
28     24     6.55715942383
29     24     10
30     24     6.55715942383
31     24     3.73092651367
32     24     1.84677124023
33     24     0.822982788086
34     24     0.384216308594
35     24     0.236358642578
36     24     0.199394226074
37     24     0.19287109375
38     24     0.19214630127
39     24     0.192108154297
40     24     0.192108154297
41     24     0.192108154297
42     24     0.192108154297
43     24     0.192108154297
44     24     0.192108154297
45     24     0.192108154297
46     24     0.192108154297
47     24     0.192108154297
48     24     0.192108154297
49     24     0.192108154297
50     24     0.192108154297
51     24     0.192108154297
52     24     0.192108154297
53     24     0.192108154297
54     24     0.192108154297
55     24     0.189437866211
56     24     0.181427001953
57     24     0.150909423828
58     24     0.0921630859375
59     24     0

0     25     0
1     25     0.299072265625
2     25     0.499267578125
3     25     0.589294433594
4     25     0.626068115234
5     25     0.633544921875
6     25     0.635681152344
7     25     0.635681152344
8     25     0.635681152344
9     25     0.635681152344
10     25     0.635681152344
11     25     0.635681152344
12     25     0.635681152344
13     25     0.635681152344
14     25     0.635681152344
15     25     0.635681152344
16     25     0.635681152344
17     25     0.635681152344
18     25     0.635681152344
19     25     0.635681152344
20     25     0.635719299316
21     25     0.636444091797
22     25     0.642967224121
23     25     0.679931640625
24     25     0.822982788086
25     25     1.25213623047
26     25     2.22785949707
27     25     4.03991699219
28     25     6.7219543457
29     25     10
30     25     6.7219543457
31     25     4.03991699219
32     25     2.22785949707
33     25     1.25213623047
34     25     0.822982788086
35     25     0.679931640625
36     25     0.642967224121
37     25     0.636444091797
38     25     0.635719299316
39     25     0.635681152344
40     25     0.635681152344
41     25     0.635681152344
42     25     0.635681152344
43     25     0.635681152344
44     25     0.635681152344
45     25     0.635681152344
46     25     0.635681152344
47     25     0.635681152344
48     25     0.635681152344
49     25     0.635681152344
50     25     0.635681152344
51     25     0.635681152344
52     25     0.635681152344
53     25     0.635681152344
54     25     0.633544921875
55     25     0.626068115234
56     25     0.589294433594
57     25     0.499267578125
58     25     0.299072265625
59     25     0

0     26     0
1     26     0.824584960938
2     26     1.32171630859
3     26     1.55853271484
4     26     1.63856506348
5     26     1.66534423828
6     26     1.66961669922
7     26     1.67068481445
8     26     1.67068481445
9     26     1.67068481445
10     26     1.67068481445
11     26     1.67068481445
12     26     1.67068481445
13     26     1.67068481445
14     26     1.67068481445
15     26     1.67068481445
16     26     1.67068481445
17     26     1.67068481445
18     26     1.67068481445
19     26     1.67068481445
20     26     1.67072296143
21     26     1.67144775391
22     26     1.67797088623
23     26     1.71173095703
24     26     1.84677124023
25     26     2.22785949707
26     26     3.11706542969
27     26     4.71282958984
28     26     7.10647583008
29     26     10
30     26     7.10647583008
31     26     4.71282958984
32     26     3.11706542969
33     26     2.22785949707
34     26     1.84677124023
35     26     1.71173095703
36     26     1.67797088623
37     26     1.67144775391
38     26     1.67072296143
39     26     1.67068481445
40     26     1.67068481445
41     26     1.67068481445
42     26     1.67068481445
43     26     1.67068481445
44     26     1.67068481445
45     26     1.67068481445
46     26     1.67068481445
47     26     1.67068481445
48     26     1.67068481445
49     26     1.67068481445
50     26     1.67068481445
51     26     1.67068481445
52     26     1.67068481445
53     26     1.66961669922
54     26     1.66534423828
55     26     1.63856506348
56     26     1.55853271484
57     26     1.32171630859
58     26     0.824584960938
59     26     0

0     27     0
1     27     1.96594238281
2     27     2.98126220703
3     27     3.39111328125
4     27     3.54064941406
5     27     3.58001708984
6     27     3.59115600586
7     27     3.59252929688
8     27     3.59283447266
9     27     3.59283447266
10     27     3.59283447266
11     27     3.59283447266
12     27     3.59283447266
13     27     3.59283447266
14     27     3.59283447266
15     27     3.59283447266
16     27     3.59283447266
17     27     3.59283447266
18     27     3.59283447266
19     27     3.59283447266
20     27     3.59287261963
21     27     3.59359741211
22     27     3.59874725342
23     27     3.6279296875
24     27     3.73092651367
25     27     4.03991699219
26     27     4.71282958984
27     27     5.96252441406
28     27     7.77938842773
29     27     10
30     27     7.77938842773
31     27     5.96252441406
32     27     4.71282958984
33     27     4.03991699219
34     27     3.73092651367
35     27     3.6279296875
36     27     3.59874725342
37     27     3.59359741211
38     27     3.59287261963
39     27     3.59283447266
40     27     3.59283447266
41     27     3.59283447266
42     27     3.59283447266
43     27     3.59283447266
44     27     3.59283447266
45     27     3.59283447266
46     27     3.59283447266
47     27     3.59283447266
48     27     3.59283447266
49     27     3.59283447266
50     27     3.59283447266
51     27     3.59283447266
52     27     3.59252929688
53     27     3.59115600586
54     27     3.58001708984
55     27     3.54064941406
56     27     3.39111328125
57     27     2.98126220703
58     27     1.96594238281
59     27     0

0     28     0
1     28     4.39437866211
2     28     5.81344604492
3     28     6.28189086914
4     28     6.42288208008
5     28     6.46499633789
6     28     6.47369384766
7     28     6.47583007812
8     28     6.47602081299
9     28     6.47605895996
10     28     6.47605895996
11     28     6.47605895996
12     28     6.47605895996
13     28     6.47605895996
14     28     6.47605895996
15     28     6.47605895996
16     28     6.47605895996
17     28     6.47605895996
18     28     6.47605895996
19     28     6.47605895996
20     28     6.47609710693
21     28     6.47647857666
22     28     6.4799118042
23     28     6.49536132812
24     28     6.55715942383
25     28     6.7219543457
26     28     7.10647583008
27     28     7.77938842773
28     28     8.78875732422
29     28     10
30     28     8.78875732422
31     28     7.77938842773
32     28     7.10647583008
33     28     6.7219543457
34     28     6.55715942383
35     28     6.49536132812
36     28     6.4799118042
37     28     6.47647857666
38     28     6.47609710693
39     28     6.47605895996
40     28     6.47605895996
41     28     6.47605895996
42     28     6.47605895996
43     28     6.47605895996
44     28     6.47605895996
45     28     6.47605895996
46     28     6.47605895996
47     28     6.47605895996
48     28     6.47605895996
49     28     6.47605895996
50     28     6.47605895996
51     28     6.47602081299
52     28     6.47583007812
53     28     6.47369384766
54     28     6.46499633789
55     28     6.42288208008
56     28     6.28189086914
57     28     5.81344604492
58     28     4.39437866211
59     28     0

0     29     0
1     29     10
2     29     10
3     29     10
4     29     10
5     29     10
6     29     10
7     29     10
8     29     10
9     29     10
10     29     10
11     29     10
12     29     10
13     29     10
14     29     10
15     29     10
16     29     10
17     29     10
18     29     10
19     29     10
20     29     10
21     29     10
22     29     10
23     29     10
24     29     10
25     29     10
26     29     10
27     29     10
28     29     10
29     29     10
30     29     10
31     29     10
32     29     10
33     29     10
34     29     10
35     29     10
36     29     10
37     29     10
38     29     10
39     29     10
40     29     10
41     29     10
42     29     10
43     29     10
44     29     10
45     29     10
46     29     10
47     29     10
48     29     10
49     29     10
50     29     10
51     29     10
52     29     10
53     29     10
54     29     10
55     29     10
56     29     10
57     29     10
58     29     10
59     29     0

0     30     0
1     30     4.39437866211
2     30     5.81344604492
3     30     6.28189086914
4     30     6.42288208008
5     30     6.46499633789
6     30     6.47369384766
7     30     6.47583007812
8     30     6.47602081299
9     30     6.47605895996
10     30     6.47605895996
11     30     6.47605895996
12     30     6.47605895996
13     30     6.47605895996
14     30     6.47605895996
15     30     6.47605895996
16     30     6.47605895996
17     30     6.47605895996
18     30     6.47605895996
19     30     6.47605895996
20     30     6.47609710693
21     30     6.47647857666
22     30     6.4799118042
23     30     6.49536132812
24     30     6.55715942383
25     30     6.7219543457
26     30     7.10647583008
27     30     7.77938842773
28     30     8.78875732422
29     30     10
30     30     8.78875732422
31     30     7.77938842773
32     30     7.10647583008
33     30     6.7219543457
34     30     6.55715942383
35     30     6.49536132812
36     30     6.4799118042
37     30     6.47647857666
38     30     6.47609710693
39     30     6.47605895996
40     30     6.47605895996
41     30     6.47605895996
42     30     6.47605895996
43     30     6.47605895996
44     30     6.47605895996
45     30     6.47605895996
46     30     6.47605895996
47     30     6.47605895996
48     30     6.47605895996
49     30     6.47605895996
50     30     6.47605895996
51     30     6.47602081299
52     30     6.47583007812
53     30     6.47369384766
54     30     6.46499633789
55     30     6.42288208008
56     30     6.28189086914
57     30     5.81344604492
58     30     4.39437866211
59     30     0

0     31     0
1     31     1.96594238281
2     31     2.98126220703
3     31     3.39111328125
4     31     3.54064941406
5     31     3.58001708984
6     31     3.59115600586
7     31     3.59252929688
8     31     3.59283447266
9     31     3.59283447266
10     31     3.59283447266
11     31     3.59283447266
12     31     3.59283447266
13     31     3.59283447266
14     31     3.59283447266
15     31     3.59283447266
16     31     3.59283447266
17     31     3.59283447266
18     31     3.59283447266
19     31     3.59283447266
20     31     3.59287261963
21     31     3.59359741211
22     31     3.59874725342
23     31     3.6279296875
24     31     3.73092651367
25     31     4.03991699219
26     31     4.71282958984
27     31     5.96252441406
28     31     7.77938842773
29     31     10
30     31     7.77938842773
31     31     5.96252441406
32     31     4.71282958984
33     31     4.03991699219
34     31     3.73092651367
35     31     3.6279296875
36     31     3.59874725342
37     31     3.59359741211
38     31     3.59287261963
39     31     3.59283447266
40     31     3.59283447266
41     31     3.59283447266
42     31     3.59283447266
43     31     3.59283447266
44     31     3.59283447266
45     31     3.59283447266
46     31     3.59283447266
47     31     3.59283447266
48     31     3.59283447266
49     31     3.59283447266
50     31     3.59283447266
51     31     3.59283447266
52     31     3.59252929688
53     31     3.59115600586
54     31     3.58001708984
55     31     3.54064941406
56     31     3.39111328125
57     31     2.98126220703
58     31     1.96594238281
59     31     0

0     32     0
1     32     0.824584960938
2     32     1.32171630859
3     32     1.55853271484
4     32     1.63856506348
5     32     1.66534423828
6     32     1.66961669922
7     32     1.67068481445
8     32     1.67068481445
9     32     1.67068481445
10     32     1.67068481445
11     32     1.67068481445
12     32     1.67068481445
13     32     1.67068481445
14     32     1.67068481445
15     32     1.67068481445
16     32     1.67068481445
17     32     1.67068481445
18     32     1.67068481445
19     32     1.67068481445
20     32     1.67072296143
21     32     1.67144775391
22     32     1.67797088623
23     32     1.71173095703
24     32     1.84677124023
25     32     2.22785949707
26     32     3.11706542969
27     32     4.71282958984
28     32     7.10647583008
29     32     10
30     32     7.10647583008
31     32     4.71282958984
32     32     3.11706542969
33     32     2.22785949707
34     32     1.84677124023
35     32     1.71173095703
36     32     1.67797088623
37     32     1.67144775391
38     32     1.67072296143
39     32     1.67068481445
40     32     1.67068481445
41     32     1.67068481445
42     32     1.67068481445
43     32     1.67068481445
44     32     1.67068481445
45     32     1.67068481445
46     32     1.67068481445
47     32     1.67068481445
48     32     1.67068481445
49     32     1.67068481445
50     32     1.67068481445
51     32     1.67068481445
52     32     1.67068481445
53     32     1.66961669922
54     32     1.66534423828
55     32     1.63856506348
56     32     1.55853271484
57     32     1.32171630859
58     32     0.824584960938
59     32     0

0     33     0
1     33     0.299072265625
2     33     0.499267578125
3     33     0.589294433594
4     33     0.626068115234
5     33     0.633544921875
6     33     0.635681152344
7     33     0.635681152344
8     33     0.635681152344
9     33     0.635681152344
10     33     0.635681152344
11     33     0.635681152344
12     33     0.635681152344
13     33     0.635681152344
14     33     0.635681152344
15     33     0.635681152344
16     33     0.635681152344
17     33     0.635681152344
18     33     0.635681152344
19     33     0.635681152344
20     33     0.635719299316
21     33     0.636444091797
22     33     0.642967224121
23     33     0.679931640625
24     33     0.822982788086
25     33     1.25213623047
26     33     2.22785949707
27     33     4.03991699219
28     33     6.7219543457
29     33     10
30     33     6.7219543457
31     33     4.03991699219
32     33     2.22785949707
33     33     1.25213623047
34     33     0.822982788086
35     33     0.679931640625
36     33     0.642967224121
37     33     0.636444091797
38     33     0.635719299316
39     33     0.635681152344
40     33     0.635681152344
41     33     0.635681152344
42     33     0.635681152344
43     33     0.635681152344
44     33     0.635681152344
45     33     0.635681152344
46     33     0.635681152344
47     33     0.635681152344
48     33     0.635681152344
49     33     0.635681152344
50     33     0.635681152344
51     33     0.635681152344
52     33     0.635681152344
53     33     0.635681152344
54     33     0.633544921875
55     33     0.626068115234
56     33     0.589294433594
57     33     0.499267578125
58     33     0.299072265625
59     33     0

0     34     0
1     34     0.0921630859375
2     34     0.150909423828
3     34     0.181427001953
4     34     0.189437866211
5     34     0.192108154297
6     34     0.192108154297
7     34     0.192108154297
8     34     0.192108154297
9     34     0.192108154297
10     34     0.192108154297
11     34     0.192108154297
12     34     0.192108154297
13     34     0.192108154297
14     34     0.192108154297
15     34     0.192108154297
16     34     0.192108154297
17     34     0.192108154297
18     34     0.192108154297
19     34     0.192108154297
20     34     0.19214630127
21     34     0.19287109375
22     34     0.199394226074
23     34     0.236358642578
24     34     0.384216308594
25     34     0.822982788086
26     34     1.84677124023
27     34     3.73092651367
28     34     6.55715942383
29     34     10
30     34     6.55715942383
31     34     3.73092651367
32     34     1.84677124023
33     34     0.822982788086
34     34     0.384216308594
35     34     0.236358642578
36     34     0.199394226074
37     34     0.19287109375
38     34     0.19214630127
39     34     0.192108154297
40     34     0.192108154297
41     34     0.192108154297
42     34     0.192108154297
43     34     0.192108154297
44     34     0.192108154297
45     34     0.192108154297
46     34     0.192108154297
47     34     0.192108154297
48     34     0.192108154297
49     34     0.192108154297
50     34     0.192108154297
51     34     0.192108154297
52     34     0.192108154297
53     34     0.192108154297
54     34     0.192108154297
55     34     0.189437866211
56     34     0.181427001953
57     34     0.150909423828
58     34     0.0921630859375
59     34     0

0     35     0
1     35     0.0216674804688
2     35     0.0367736816406
3     35     0.0421142578125
4     35     0.0442504882812
5     35     0.0442504882812
6     35     0.0442504882812
7     35     0.0442504882812
8     35     0.0442504882812
9     35     0.0442504882812
10     35     0.0442504882812
11     35     0.0442504882812
12     35     0.0442504882812
13     35     0.0442504882812
14     35     0.0442504882812
15     35     0.0442504882812
16     35     0.0442504882812
17     35     0.0442504882812
18     35     0.0442504882812
19     35     0.0442504882812
20     35     0.0442886352539
21     35     0.0450134277344
22     35     0.0515365600586
23     35     0.0885009765625
24     35     0.236358642578
25     35     0.679931640625
26     35     1.71173095703
27     35     3.6279296875
28     35     6.49536132812
29     35     10
30     35     6.49536132812
31     35     3.6279296875
32     35     1.71173095703
33     35     0.679931640625
34     35     0.236358642578
35     35     0.0885009765625
36     35     0.0515365600586
37     35     0.0450134277344
38     35     0.0442886352539
39     35     0.0442504882812
40     35     0.0442504882812
41     35     0.0442504882812
42     35     0.0442504882812
43     35     0.0442504882812
44     35     0.0442504882812
45     35     0.0442504882812
46     35     0.0442504882812
47     35     0.0442504882812
48     35     0.0442504882812
49     35     0.0442504882812
50     35     0.0442504882812
51     35     0.0442504882812
52     35     0.0442504882812
53     35     0.0442504882812
54     35     0.0442504882812
55     35     0.0442504882812
56     35     0.0421142578125
57     35     0.0367736816406
58     35     0.0216674804688
59     35     0

0     36     0
1     36     0.00408172607422
2     36     0.00621795654297
3     36     0.00728607177734
4     36     0.00728607177734
5     36     0.00728607177734
6     36     0.00728607177734
7     36     0.00728607177734
8     36     0.00728607177734
9     36     0.00728607177734
10     36     0.00728607177734
11     36     0.00728607177734
12     36     0.00728607177734
13     36     0.00728607177734
14     36     0.00728607177734
15     36     0.00728607177734
16     36     0.00728607177734
17     36     0.00728607177734
18     36     0.00728607177734
19     36     0.00728607177734
20     36     0.00732421875
21     36     0.00804901123047
22     36     0.0145721435547
23     36     0.0515365600586
24     36     0.199394226074
25     36     0.642967224121
26     36     1.67797088623
27     36     3.59874725342
28     36     6.4799118042
29     36     10
30     36     6.4799118042
31     36     3.59874725342
32     36     1.67797088623
33     36     0.642967224121
34     36     0.199394226074
35     36     0.0515365600586
36     36     0.0145721435547
37     36     0.00804901123047
38     36     0.00732421875
39     36     0.00728607177734
40     36     0.00728607177734
41     36     0.00728607177734
42     36     0.00728607177734
43     36     0.00728607177734
44     36     0.00728607177734
45     36     0.00728607177734
46     36     0.00728607177734
47     36     0.00728607177734
48     36     0.00728607177734
49     36     0.00728607177734
50     36     0.00728607177734
51     36     0.00728607177734
52     36     0.00728607177734
53     36     0.00728607177734
54     36     0.00728607177734
55     36     0.00728607177734
56     36     0.00728607177734
57     36     0.00621795654297
58     36     0.00408172607422
59     36     0

0     37     0
1     37     0.000457763671875
2     37     0.000762939453125
3     37     0.000762939453125
4     37     0.000762939453125
5     37     0.000762939453125
6     37     0.000762939453125
7     37     0.000762939453125
8     37     0.000762939453125
9     37     0.000762939453125
10     37     0.000762939453125
11     37     0.000762939453125
12     37     0.000762939453125
13     37     0.000762939453125
14     37     0.000762939453125
15     37     0.000762939453125
16     37     0.000762939453125
17     37     0.000762939453125
18     37     0.000762939453125
19     37     0.000762939453125
20     37     0.000801086425781
21     37     0.00152587890625
22     37     0.00804901123047
23     37     0.0450134277344
24     37     0.19287109375
25     37     0.636444091797
26     37     1.67144775391
27     37     3.59359741211
28     37     6.47647857666
29     37     10
30     37     6.47647857666
31     37     3.59359741211
32     37     1.67144775391
33     37     0.636444091797
34     37     0.19287109375
35     37     0.0450134277344
36     37     0.00804901123047
37     37     0.00152587890625
38     37     0.000801086425781
39     37     0.000762939453125
40     37     0.000762939453125
41     37     0.000762939453125
42     37     0.000762939453125
43     37     0.000762939453125
44     37     0.000762939453125
45     37     0.000762939453125
46     37     0.000762939453125
47     37     0.000762939453125
48     37     0.000762939453125
49     37     0.000762939453125
50     37     0.000762939453125
51     37     0.000762939453125
52     37     0.000762939453125
53     37     0.000762939453125
54     37     0.000762939453125
55     37     0.000762939453125
56     37     0.000762939453125
57     37     0.000762939453125
58     37     0.000457763671875
59     37     0

0     38     0
1     38     3.81469726562e-05
2     38     3.81469726562e-05
3     38     3.81469726562e-05
4     38     3.81469726562e-05
5     38     3.81469726562e-05
6     38     3.81469726562e-05
7     38     3.81469726562e-05
8     38     3.81469726562e-05
9     38     3.81469726562e-05
10     38     3.81469726562e-05
11     38     3.81469726562e-05
12     38     3.81469726562e-05
13     38     3.81469726562e-05
14     38     3.81469726562e-05
15     38     3.81469726562e-05
16     38     3.81469726562e-05
17     38     3.81469726562e-05
18     38     3.81469726562e-05
19     38     3.81469726562e-05
20     38     7.62939453125e-05
21     38     0.000801086425781
22     38     0.00732421875
23     38     0.0442886352539
24     38     0.19214630127
25     38     0.635719299316
26     38     1.67072296143
27     38     3.59287261963
28     38     6.47609710693
29     38     10
30     38     6.47609710693
31     38     3.59287261963
32     38     1.67072296143
33     38     0.635719299316
34     38     0.19214630127
35     38     0.0442886352539
36     38     0.00732421875
37     38     0.000801086425781
38     38     7.62939453125e-05
39     38     3.81469726562e-05
40     38     3.81469726562e-05
41     38     3.81469726562e-05
42     38     3.81469726562e-05
43     38     3.81469726562e-05
44     38     3.81469726562e-05
45     38     3.81469726562e-05
46     38     3.81469726562e-05
47     38     3.81469726562e-05
48     38     3.81469726562e-05
49     38     3.81469726562e-05
50     38     3.81469726562e-05
51     38     3.81469726562e-05
52     38     3.81469726562e-05
53     38     3.81469726562e-05
54     38     3.81469726562e-05
55     38     3.81469726562e-05
56     38     3.81469726562e-05
57     38     3.81469726562e-05
58     38     3.81469726562e-05
59     38     0

0     39     0
1     39     0.0
2     39     0.0
3     39     0.0
4     39     0.0
5     39     0.0
6     39     0.0
7     39     0.0
8     39     0.0
9     39     0.0
10     39     0.0
11     39     0.0
12     39     0.0
13     39     0.0
14     39     0.0
15     39     0.0
16     39     0.0
17     39     0.0
18     39     0.0
19     39     0.0
20     39     3.81469726562e-05
21     39     0.000762939453125
22     39     0.00728607177734
23     39     0.0442504882812
24     39     0.192108154297
25     39     0.635681152344
26     39     1.67068481445
27     39     3.59283447266
28     39     6.47605895996
29     39     10
30     39     6.47605895996
31     39     3.59283447266
32     39     1.67068481445
33     39     0.635681152344
34     39     0.192108154297
35     39     0.0442504882812
36     39     0.00728607177734
37     39     0.000762939453125
38     39     3.81469726562e-05
39     39     0.0
40     39     0.0
41     39     0.0
42     39     0.0
43     39     0.0
44     39     0.0
45     39     0.0
46     39     0.0
47     39     0.0
48     39     0.0
49     39     0.0
50     39     0.0
51     39     0.0
52     39     0.0
53     39     0.0
54     39     0.0
55     39     0.0
56     39     0.0
57     39     0.0
58     39     0.0
59     39     0

0     40     0
1     40     0.0
2     40     0.0
3     40     0.0
4     40     0.0
5     40     0.0
6     40     0.0
7     40     0.0
8     40     0.0
9     40     0.0
10     40     0.0
11     40     0.0
12     40     0.0
13     40     0.0
14     40     0.0
15     40     0.0
16     40     0.0
17     40     0.0
18     40     0.0
19     40     0.0
20     40     3.81469726562e-05
21     40     0.000762939453125
22     40     0.00728607177734
23     40     0.0442504882812
24     40     0.192108154297
25     40     0.635681152344
26     40     1.67068481445
27     40     3.59283447266
28     40     6.47605895996
29     40     10
30     40     6.47605895996
31     40     3.59283447266
32     40     1.67068481445
33     40     0.635681152344
34     40     0.192108154297
35     40     0.0442504882812
36     40     0.00728607177734
37     40     0.000762939453125
38     40     3.81469726562e-05
39     40     0.0
40     40     0.0
41     40     0.0
42     40     0.0
43     40     0.0
44     40     0.0
45     40     0.0
46     40     0.0
47     40     0.0
48     40     0.0
49     40     0.0
50     40     0.0
51     40     0.0
52     40     0.0
53     40     0.0
54     40     0.0
55     40     0.0
56     40     0.0
57     40     0.0
58     40     0.0
59     40     0

0     41     0
1     41     0.0
2     41     0.0
3     41     0.0
4     41     0.0
5     41     0.0
6     41     0.0
7     41     0.0
8     41     0.0
9     41     0.0
10     41     0.0
11     41     0.0
12     41     0.0
13     41     0.0
14     41     0.0
15     41     0.0
16     41     0.0
17     41     0.0
18     41     0.0
19     41     0.0
20     41     3.81469726562e-05
21     41     0.000762939453125
22     41     0.00728607177734
23     41     0.0442504882812
24     41     0.192108154297
25     41     0.635681152344
26     41     1.67068481445
27     41     3.59283447266
28     41     6.47605895996
29     41     10
30     41     6.47605895996
31     41     3.59283447266
32     41     1.67068481445
33     41     0.635681152344
34     41     0.192108154297
35     41     0.0442504882812
36     41     0.00728607177734
37     41     0.000762939453125
38     41     3.81469726562e-05
39     41     0.0
40     41     0.0
41     41     0.0
42     41     0.0
43     41     0.0
44     41     0.0
45     41     0.0
46     41     0.0
47     41     0.0
48     41     0.0
49     41     0.0
50     41     0.0
51     41     0.0
52     41     0.0
53     41     0.0
54     41     0.0
55     41     0.0
56     41     0.0
57     41     0.0
58     41     0.0
59     41     0

0     42     0
1     42     0.0
2     42     0.0
3     42     0.0
4     42     0.0
5     42     0.0
6     42     0.0
7     42     0.0
8     42     0.0
9     42     0.0
10     42     0.0
11     42     0.0
12     42     0.0
13     42     0.0
14     42     0.0
15     42     0.0
16     42     0.0
17     42     0.0
18     42     0.0
19     42     0.0
20     42     3.81469726562e-05
21     42     0.000762939453125
22     42     0.00728607177734
23     42     0.0442504882812
24     42     0.192108154297
25     42     0.635681152344
26     42     1.67068481445
27     42     3.59283447266
28     42     6.47605895996
29     42     10
30     42     6.47605895996
31     42     3.59283447266
32     42     1.67068481445
33     42     0.635681152344
34     42     0.192108154297
35     42     0.0442504882812
36     42     0.00728607177734
37     42     0.000762939453125
38     42     3.81469726562e-05
39     42     0.0
40     42     0.0
41     42     0.0
42     42     0.0
43     42     0.0
44     42     0.0
45     42     0.0
46     42     0.0
47     42     0.0
48     42     0.0
49     42     0.0
50     42     0.0
51     42     0.0
52     42     0.0
53     42     0.0
54     42     0.0
55     42     0.0
56     42     0.0
57     42     0.0
58     42     0.0
59     42     0

0     43     0
1     43     0.0
2     43     0.0
3     43     0.0
4     43     0.0
5     43     0.0
6     43     0.0
7     43     0.0
8     43     0.0
9     43     0.0
10     43     0.0
11     43     0.0
12     43     0.0
13     43     0.0
14     43     0.0
15     43     0.0
16     43     0.0
17     43     0.0
18     43     0.0
19     43     0.0
20     43     3.81469726562e-05
21     43     0.000762939453125
22     43     0.00728607177734
23     43     0.0442504882812
24     43     0.192108154297
25     43     0.635681152344
26     43     1.67068481445
27     43     3.59283447266
28     43     6.47605895996
29     43     10
30     43     6.47605895996
31     43     3.59283447266
32     43     1.67068481445
33     43     0.635681152344
34     43     0.192108154297
35     43     0.0442504882812
36     43     0.00728607177734
37     43     0.000762939453125
38     43     3.81469726562e-05
39     43     0.0
40     43     0.0
41     43     0.0
42     43     0.0
43     43     0.0
44     43     0.0
45     43     0.0
46     43     0.0
47     43     0.0
48     43     0.0
49     43     0.0
50     43     0.0
51     43     0.0
52     43     0.0
53     43     0.0
54     43     0.0
55     43     0.0
56     43     0.0
57     43     0.0
58     43     0.0
59     43     0

0     44     0
1     44     0.0
2     44     0.0
3     44     0.0
4     44     0.0
5     44     0.0
6     44     0.0
7     44     0.0
8     44     0.0
9     44     0.0
10     44     0.0
11     44     0.0
12     44     0.0
13     44     0.0
14     44     0.0
15     44     0.0
16     44     0.0
17     44     0.0
18     44     0.0
19     44     0.0
20     44     3.81469726562e-05
21     44     0.000762939453125
22     44     0.00728607177734
23     44     0.0442504882812
24     44     0.192108154297
25     44     0.635681152344
26     44     1.67068481445
27     44     3.59283447266
28     44     6.47605895996
29     44     10
30     44     6.47605895996
31     44     3.59283447266
32     44     1.67068481445
33     44     0.635681152344
34     44     0.192108154297
35     44     0.0442504882812
36     44     0.00728607177734
37     44     0.000762939453125
38     44     3.81469726562e-05
39     44     0.0
40     44     0.0
41     44     0.0
42     44     0.0
43     44     0.0
44     44     0.0
45     44     0.0
46     44     0.0
47     44     0.0
48     44     0.0
49     44     0.0
50     44     0.0
51     44     0.0
52     44     0.0
53     44     0.0
54     44     0.0
55     44     0.0
56     44     0.0
57     44     0.0
58     44     0.0
59     44     0

0     45     0
1     45     0.0
2     45     0.0
3     45     0.0
4     45     0.0
5     45     0.0
6     45     0.0
7     45     0.0
8     45     0.0
9     45     0.0
10     45     0.0
11     45     0.0
12     45     0.0
13     45     0.0
14     45     0.0
15     45     0.0
16     45     0.0
17     45     0.0
18     45     0.0
19     45     0.0
20     45     3.81469726562e-05
21     45     0.000762939453125
22     45     0.00728607177734
23     45     0.0442504882812
24     45     0.192108154297
25     45     0.635681152344
26     45     1.67068481445
27     45     3.59283447266
28     45     6.47605895996
29     45     10
30     45     6.47605895996
31     45     3.59283447266
32     45     1.67068481445
33     45     0.635681152344
34     45     0.192108154297
35     45     0.0442504882812
36     45     0.00728607177734
37     45     0.000762939453125
38     45     3.81469726562e-05
39     45     0.0
40     45     0.0
41     45     0.0
42     45     0.0
43     45     0.0
44     45     0.0
45     45     0.0
46     45     0.0
47     45     0.0
48     45     0.0
49     45     0.0
50     45     0.0
51     45     0.0
52     45     0.0
53     45     0.0
54     45     0.0
55     45     0.0
56     45     0.0
57     45     0.0
58     45     0.0
59     45     0

0     46     0
1     46     0.0
2     46     0.0
3     46     0.0
4     46     0.0
5     46     0.0
6     46     0.0
7     46     0.0
8     46     0.0
9     46     0.0
10     46     0.0
11     46     0.0
12     46     0.0
13     46     0.0
14     46     0.0
15     46     0.0
16     46     0.0
17     46     0.0
18     46     0.0
19     46     0.0
20     46     3.81469726562e-05
21     46     0.000762939453125
22     46     0.00728607177734
23     46     0.0442504882812
24     46     0.192108154297
25     46     0.635681152344
26     46     1.67068481445
27     46     3.59283447266
28     46     6.47605895996
29     46     10
30     46     6.47605895996
31     46     3.59283447266
32     46     1.67068481445
33     46     0.635681152344
34     46     0.192108154297
35     46     0.0442504882812
36     46     0.00728607177734
37     46     0.000762939453125
38     46     3.81469726562e-05
39     46     0.0
40     46     0.0
41     46     0.0
42     46     0.0
43     46     0.0
44     46     0.0
45     46     0.0
46     46     0.0
47     46     0.0
48     46     0.0
49     46     0.0
50     46     0.0
51     46     0.0
52     46     0.0
53     46     0.0
54     46     0.0
55     46     0.0
56     46     0.0
57     46     0.0
58     46     0.0
59     46     0

0     47     0
1     47     0.0
2     47     0.0
3     47     0.0
4     47     0.0
5     47     0.0
6     47     0.0
7     47     0.0
8     47     0.0
9     47     0.0
10     47     0.0
11     47     0.0
12     47     0.0
13     47     0.0
14     47     0.0
15     47     0.0
16     47     0.0
17     47     0.0
18     47     0.0
19     47     0.0
20     47     3.81469726562e-05
21     47     0.000762939453125
22     47     0.00728607177734
23     47     0.0442504882812
24     47     0.192108154297
25     47     0.635681152344
26     47     1.67068481445
27     47     3.59283447266
28     47     6.47605895996
29     47     10
30     47     6.47605895996
31     47     3.59283447266
32     47     1.67068481445
33     47     0.635681152344
34     47     0.192108154297
35     47     0.0442504882812
36     47     0.00728607177734
37     47     0.000762939453125
38     47     3.81469726562e-05
39     47     0.0
40     47     0.0
41     47     0.0
42     47     0.0
43     47     0.0
44     47     0.0
45     47     0.0
46     47     0.0
47     47     0.0
48     47     0.0
49     47     0.0
50     47     0.0
51     47     0.0
52     47     0.0
53     47     0.0
54     47     0.0
55     47     0.0
56     47     0.0
57     47     0.0
58     47     0.0
59     47     0

0     48     0
1     48     0.0
2     48     0.0
3     48     0.0
4     48     0.0
5     48     0.0
6     48     0.0
7     48     0.0
8     48     0.0
9     48     0.0
10     48     0.0
11     48     0.0
12     48     0.0
13     48     0.0
14     48     0.0
15     48     0.0
16     48     0.0
17     48     0.0
18     48     0.0
19     48     0.0
20     48     3.81469726562e-05
21     48     0.000762939453125
22     48     0.00728607177734
23     48     0.0442504882812
24     48     0.192108154297
25     48     0.635681152344
26     48     1.67068481445
27     48     3.59283447266
28     48     6.47605895996
29     48     10
30     48     6.47605895996
31     48     3.59283447266
32     48     1.67068481445
33     48     0.635681152344
34     48     0.192108154297
35     48     0.0442504882812
36     48     0.00728607177734
37     48     0.000762939453125
38     48     3.81469726562e-05
39     48     0.0
40     48     0.0
41     48     0.0
42     48     0.0
43     48     0.0
44     48     0.0
45     48     0.0
46     48     0.0
47     48     0.0
48     48     0.0
49     48     0.0
50     48     0.0
51     48     0.0
52     48     0.0
53     48     0.0
54     48     0.0
55     48     0.0
56     48     0.0
57     48     0.0
58     48     0.0
59     48     0

0     49     0
1     49     0.0
2     49     0.0
3     49     0.0
4     49     0.0
5     49     0.0
6     49     0.0
7     49     0.0
8     49     0.0
9     49     0.0
10     49     0.0
11     49     0.0
12     49     0.0
13     49     0.0
14     49     0.0
15     49     0.0
16     49     0.0
17     49     0.0
18     49     0.0
19     49     0.0
20     49     3.81469726562e-05
21     49     0.000762939453125
22     49     0.00728607177734
23     49     0.0442504882812
24     49     0.192108154297
25     49     0.635681152344
26     49     1.67068481445
27     49     3.59283447266
28     49     6.47605895996
29     49     10
30     49     6.47605895996
31     49     3.59283447266
32     49     1.67068481445
33     49     0.635681152344
34     49     0.192108154297
35     49     0.0442504882812
36     49     0.00728607177734
37     49     0.000762939453125
38     49     3.81469726562e-05
39     49     0.0
40     49     0.0
41     49     0.0
42     49     0.0
43     49     0.0
44     49     0.0
45     49     0.0
46     49     0.0
47     49     0.0
48     49     0.0
49     49     0.0
50     49     0.0
51     49     0.0
52     49     0.0
53     49     0.0
54     49     0.0
55     49     0.0
56     49     0.0
57     49     0.0
58     49     0.0
59     49     0

0     50     0
1     50     0.0
2     50     0.0
3     50     0.0
4     50     0.0
5     50     0.0
6     50     0.0
7     50     0.0
8     50     0.0
9     50     0.0
10     50     0.0
11     50     0.0
12     50     0.0
13     50     0.0
14     50     0.0
15     50     0.0
16     50     0.0
17     50     0.0
18     50     0.0
19     50     0.0
20     50     3.81469726562e-05
21     50     0.000762939453125
22     50     0.00728607177734
23     50     0.0442504882812
24     50     0.192108154297
25     50     0.635681152344
26     50     1.67068481445
27     50     3.59283447266
28     50     6.47605895996
29     50     10
30     50     6.47605895996
31     50     3.59283447266
32     50     1.67068481445
33     50     0.635681152344
34     50     0.192108154297
35     50     0.0442504882812
36     50     0.00728607177734
37     50     0.000762939453125
38     50     3.81469726562e-05
39     50     0.0
40     50     0.0
41     50     0.0
42     50     0.0
43     50     0.0
44     50     0.0
45     50     0.0
46     50     0.0
47     50     0.0
48     50     0.0
49     50     0.0
50     50     0.0
51     50     0.0
52     50     0.0
53     50     0.0
54     50     0.0
55     50     0.0
56     50     0.0
57     50     0.0
58     50     0.0
59     50     0

0     51     0
1     51     0.0
2     51     0.0
3     51     0.0
4     51     0.0
5     51     0.0
6     51     0.0
7     51     0.0
8     51     0.0
9     51     0.0
10     51     0.0
11     51     0.0
12     51     0.0
13     51     0.0
14     51     0.0
15     51     0.0
16     51     0.0
17     51     0.0
18     51     0.0
19     51     0.0
20     51     3.81469726562e-05
21     51     0.000762939453125
22     51     0.00728607177734
23     51     0.0442504882812
24     51     0.192108154297
25     51     0.635681152344
26     51     1.67068481445
27     51     3.59283447266
28     51     6.47602081299
29     51     10
30     51     6.47602081299
31     51     3.59283447266
32     51     1.67068481445
33     51     0.635681152344
34     51     0.192108154297
35     51     0.0442504882812
36     51     0.00728607177734
37     51     0.000762939453125
38     51     3.81469726562e-05
39     51     0.0
40     51     0.0
41     51     0.0
42     51     0.0
43     51     0.0
44     51     0.0
45     51     0.0
46     51     0.0
47     51     0.0
48     51     0.0
49     51     0.0
50     51     0.0
51     51     0.0
52     51     0.0
53     51     0.0
54     51     0.0
55     51     0.0
56     51     0.0
57     51     0.0
58     51     0.0
59     51     0

0     52     0
1     52     0.0
2     52     0.0
3     52     0.0
4     52     0.0
5     52     0.0
6     52     0.0
7     52     0.0
8     52     0.0
9     52     0.0
10     52     0.0
11     52     0.0
12     52     0.0
13     52     0.0
14     52     0.0
15     52     0.0
16     52     0.0
17     52     0.0
18     52     0.0
19     52     0.0
20     52     3.81469726562e-05
21     52     0.000762939453125
22     52     0.00728607177734
23     52     0.0442504882812
24     52     0.192108154297
25     52     0.635681152344
26     52     1.67068481445
27     52     3.59252929688
28     52     6.47583007812
29     52     10
30     52     6.47583007812
31     52     3.59252929688
32     52     1.67068481445
33     52     0.635681152344
34     52     0.192108154297
35     52     0.0442504882812
36     52     0.00728607177734
37     52     0.000762939453125
38     52     3.81469726562e-05
39     52     0.0
40     52     0.0
41     52     0.0
42     52     0.0
43     52     0.0
44     52     0.0
45     52     0.0
46     52     0.0
47     52     0.0
48     52     0.0
49     52     0.0
50     52     0.0
51     52     0.0
52     52     0.0
53     52     0.0
54     52     0.0
55     52     0.0
56     52     0.0
57     52     0.0
58     52     0.0
59     52     0

0     53     0
1     53     0.0
2     53     0.0
3     53     0.0
4     53     0.0
5     53     0.0
6     53     0.0
7     53     0.0
8     53     0.0
9     53     0.0
10     53     0.0
11     53     0.0
12     53     0.0
13     53     0.0
14     53     0.0
15     53     0.0
16     53     0.0
17     53     0.0
18     53     0.0
19     53     0.0
20     53     3.81469726562e-05
21     53     0.000762939453125
22     53     0.00728607177734
23     53     0.0442504882812
24     53     0.192108154297
25     53     0.635681152344
26     53     1.66961669922
27     53     3.59115600586
28     53     6.47369384766
29     53     10
30     53     6.47369384766
31     53     3.59115600586
32     53     1.66961669922
33     53     0.635681152344
34     53     0.192108154297
35     53     0.0442504882812
36     53     0.00728607177734
37     53     0.000762939453125
38     53     3.81469726562e-05
39     53     0.0
40     53     0.0
41     53     0.0
42     53     0.0
43     53     0.0
44     53     0.0
45     53     0.0
46     53     0.0
47     53     0.0
48     53     0.0
49     53     0.0
50     53     0.0
51     53     0.0
52     53     0.0
53     53     0.0
54     53     0.0
55     53     0.0
56     53     0.0
57     53     0.0
58     53     0.0
59     53     0

0     54     0
1     54     0.0
2     54     0.0
3     54     0.0
4     54     0.0
5     54     0.0
6     54     0.0
7     54     0.0
8     54     0.0
9     54     0.0
10     54     0.0
11     54     0.0
12     54     0.0
13     54     0.0
14     54     0.0
15     54     0.0
16     54     0.0
17     54     0.0
18     54     0.0
19     54     0.0
20     54     3.81469726562e-05
21     54     0.000762939453125
22     54     0.00728607177734
23     54     0.0442504882812
24     54     0.192108154297
25     54     0.633544921875
26     54     1.66534423828
27     54     3.58001708984
28     54     6.46499633789
29     54     10
30     54     6.46499633789
31     54     3.58001708984
32     54     1.66534423828
33     54     0.633544921875
34     54     0.192108154297
35     54     0.0442504882812
36     54     0.00728607177734
37     54     0.000762939453125
38     54     3.81469726562e-05
39     54     0.0
40     54     0.0
41     54     0.0
42     54     0.0
43     54     0.0
44     54     0.0
45     54     0.0
46     54     0.0
47     54     0.0
48     54     0.0
49     54     0.0
50     54     0.0
51     54     0.0
52     54     0.0
53     54     0.0
54     54     0.0
55     54     0.0
56     54     0.0
57     54     0.0
58     54     0.0
59     54     0

0     55     0
1     55     0.0
2     55     0.0
3     55     0.0
4     55     0.0
5     55     0.0
6     55     0.0
7     55     0.0
8     55     0.0
9     55     0.0
10     55     0.0
11     55     0.0
12     55     0.0
13     55     0.0
14     55     0.0
15     55     0.0
16     55     0.0
17     55     0.0
18     55     0.0
19     55     0.0
20     55     3.81469726562e-05
21     55     0.000762939453125
22     55     0.00728607177734
23     55     0.0442504882812
24     55     0.189437866211
25     55     0.626068115234
26     55     1.63856506348
27     55     3.54064941406
28     55     6.42288208008
29     55     10
30     55     6.42288208008
31     55     3.54064941406
32     55     1.63856506348
33     55     0.626068115234
34     55     0.189437866211
35     55     0.0442504882812
36     55     0.00728607177734
37     55     0.000762939453125
38     55     3.81469726562e-05
39     55     0.0
40     55     0.0
41     55     0.0
42     55     0.0
43     55     0.0
44     55     0.0
45     55     0.0
46     55     0.0
47     55     0.0
48     55     0.0
49     55     0.0
50     55     0.0
51     55     0.0
52     55     0.0
53     55     0.0
54     55     0.0
55     55     0.0
56     55     0.0
57     55     0.0
58     55     0.0
59     55     0

0     56     0
1     56     0.0
2     56     0.0
3     56     0.0
4     56     0.0
5     56     0.0
6     56     0.0
7     56     0.0
8     56     0.0
9     56     0.0
10     56     0.0
11     56     0.0
12     56     0.0
13     56     0.0
14     56     0.0
15     56     0.0
16     56     0.0
17     56     0.0
18     56     0.0
19     56     0.0
20     56     3.81469726562e-05
21     56     0.000762939453125
22     56     0.00728607177734
23     56     0.0421142578125
24     56     0.181427001953
25     56     0.589294433594
26     56     1.55853271484
27     56     3.39111328125
28     56     6.28189086914
29     56     10
30     56     6.28189086914
31     56     3.39111328125
32     56     1.55853271484
33     56     0.589294433594
34     56     0.181427001953
35     56     0.0421142578125
36     56     0.00728607177734
37     56     0.000762939453125
38     56     3.81469726562e-05
39     56     0.0
40     56     0.0
41     56     0.0
42     56     0.0
43     56     0.0
44     56     0.0
45     56     0.0
46     56     0.0
47     56     0.0
48     56     0.0
49     56     0.0
50     56     0.0
51     56     0.0
52     56     0.0
53     56     0.0
54     56     0.0
55     56     0.0
56     56     0.0
57     56     0.0
58     56     0.0
59     56     0

0     57     0
1     57     0.0
2     57     0.0
3     57     0.0
4     57     0.0
5     57     0.0
6     57     0.0
7     57     0.0
8     57     0.0
9     57     0.0
10     57     0.0
11     57     0.0
12     57     0.0
13     57     0.0
14     57     0.0
15     57     0.0
16     57     0.0
17     57     0.0
18     57     0.0
19     57     0.0
20     57     3.81469726562e-05
21     57     0.000762939453125
22     57     0.00621795654297
23     57     0.0367736816406
24     57     0.150909423828
25     57     0.499267578125
26     57     1.32171630859
27     57     2.98126220703
28     57     5.81344604492
29     57     10
30     57     5.81344604492
31     57     2.98126220703
32     57     1.32171630859
33     57     0.499267578125
34     57     0.150909423828
35     57     0.0367736816406
36     57     0.00621795654297
37     57     0.000762939453125
38     57     3.81469726562e-05
39     57     0.0
40     57     0.0
41     57     0.0
42     57     0.0
43     57     0.0
44     57     0.0
45     57     0.0
46     57     0.0
47     57     0.0
48     57     0.0
49     57     0.0
50     57     0.0
51     57     0.0
52     57     0.0
53     57     0.0
54     57     0.0
55     57     0.0
56     57     0.0
57     57     0.0
58     57     0.0
59     57     0

0     58     0
1     58     0.0
2     58     0.0
3     58     0.0
4     58     0.0
5     58     0.0
6     58     0.0
7     58     0.0
8     58     0.0
9     58     0.0
10     58     0.0
11     58     0.0
12     58     0.0
13     58     0.0
14     58     0.0
15     58     0.0
16     58     0.0
17     58     0.0
18     58     0.0
19     58     0.0
20     58     3.81469726562e-05
21     58     0.000457763671875
22     58     0.00408172607422
23     58     0.0216674804688
24     58     0.0921630859375
25     58     0.299072265625
26     58     0.824584960938
27     58     1.96594238281
28     58     4.39437866211
29     58     10
30     58     4.39437866211
31     58     1.96594238281
32     58     0.824584960938
33     58     0.299072265625
34     58     0.0921630859375
35     58     0.0216674804688
36     58     0.00408172607422
37     58     0.000457763671875
38     58     3.81469726562e-05
39     58     0.0
40     58     0.0
41     58     0.0
42     58     0.0
43     58     0.0
44     58     0.0
45     58     0.0
46     58     0.0
47     58     0.0
48     58     0.0
49     58     0.0
50     58     0.0
51     58     0.0
52     58     0.0
53     58     0.0
54     58     0.0
55     58     0.0
56     58     0.0
57     58     0.0
58     58     0.0
59     58     0

0     59     0
1     59     0
2     59     0
3     59     0
4     59     0
5     59     0
6     59     0
7     59     0
8     59     0
9     59     0
10     59     0
11     59     0
12     59     0
13     59     0
14     59     0
15     59     0
16     59     0
17     59     0
18     59     0
19     59     0
20     59     0
21     59     0
22     59     0
23     59     0
24     59     0
25     59     0
26     59     0
27     59     0
28     59     0
29     59     0
30     59     0
31     59     0
32     59     0
33     59     0
34     59     0
35     59     0
36     59     0
37     59     0
38     59     0
39     59     0
40     59     0
41     59     0
42     59     0
43     59     0
44     59     0
45     59     0
46     59     0
47     59     0
48     59     0
49     59     0
50     59     0
51     59     0
52     59     0
53     59     0
54     59     0
55     59     0
56     59     0
57     59     0
58     59     0
59     59     0

