0     0     0
1     0     0
2     0     0
3     0     0
4     0     0
5     0     0
6     0     0
7     0     0
8     0     0
9     0     0
10     0     0
11     0     0
12     0     0
13     0     0
14     0     0
15     0     0
16     0     0
17     0     0
18     0     0
19     0     0
20     0     0
21     0     0
22     0     0
23     0     0
24     0     0
25     0     0
26     0     0
27     0     0
28     0     0
29     0     0
30     0     0
31     0     0
32     0     0
33     0     0
34     0     0
35     0     0
36     0     0
37     0     0
38     0     0
39     0     0
40     0     0
41     0     0
42     0     0
43     0     0
44     0     0
45     0     0
46     0     0
47     0     0
48     0     0
49     0     0
50     0     0
51     0     0
52     0     0
53     0     0
54     0     0
55     0     0
56     0     0
57     0     0
58     0     0
59     0     0

0     1     0
1     1     0.0
2     1     0.0
3     1     0.0
4     1     0.0
5     1     0.0
6     1     0.0
7     1     5.68434188608e-13
8     1     1.42108547152e-11
9     1     3.04680725094e-10
10     1     3.61126240023e-09
11     1     3.74865294361e-08
12     1     2.81612528852e-07
13     1     1.88003468793e-06
14     1     1.00828026461e-05
15     1     4.85845049525e-05
16     1     0.000198582801545
17     1     0.000735765775062
18     1     0.00239040583836
19     1     0.00709564453643
20     1     0.0188976656
21     1     0.0463653955376
22     1     0.103990701637
23     1     0.21724624032
24     1     0.423448797549
25     1     0.78462270596
26     1     1.40481428572
27     1     2.51495266107
28     1     4.72891399475
29     1     10
30     1     4.72891399475
31     1     2.51495266107
32     1     1.40481428572
33     1     0.78462270596
34     1     0.423448797549
35     1     0.21724624032
36     1     0.103990701637
37     1     0.0463653955376
38     1     0.0188976656
39     1     0.00709564453643
40     1     0.00239040583836
41     1     0.000735765775062
42     1     0.000198582801545
43     1     4.85845049525e-05
44     1     1.00828026461e-05
45     1     1.88003468793e-06
46     1     2.81612528852e-07
47     1     3.74865294361e-08
48     1     3.61126240023e-09
49     1     3.04680725094e-10
50     1     1.42108547152e-11
51     1     5.68434188608e-13
52     1     0.0
53     1     0.0
54     1     0.0
55     1     0.0
56     1     0.0
57     1     0.0
58     1     0.0
59     1     0

0     2     0
1     2     0.0
2     2     0.0
3     2     0.0
4     2     0.0
5     2     0.0
6     2     0.0
7     2     5.68434188608e-13
8     2     2.6147972676e-11
9     2     4.6952663979e-10
10     2     6.71093403071e-09
11     2     6.40483222014e-08
12     2     5.26695203007e-07
13     2     3.35697677656e-06
14     2     1.89350453184e-05
15     2     8.87682500661e-05
16     2     0.000373761942001
17     2     0.00136146804266
18     2     0.00450054539328
19     2     0.0132108248857
20     2     0.0354981463443
21     2     0.0863394798353
22     2     0.193942134301
23     2     0.400961124399
24     2     0.774447997114
25     2     1.40265210416
26     2     2.41672735761
27     2     4.00254251913
28     2     6.44588431879
29     2     10
30     2     6.44588431879
31     2     4.00254251913
32     2     2.41672735761
33     2     1.40265210416
34     2     0.774447997114
35     2     0.400961124399
36     2     0.193942134301
37     2     0.0863394798353
38     2     0.0354981463443
39     2     0.0132108248857
40     2     0.00450054539328
41     2     0.00136146804266
42     2     0.000373761942001
43     2     8.87682500661e-05
44     2     1.89350453184e-05
45     2     3.35697677656e-06
46     2     5.26695203007e-07
47     2     6.40483222014e-08
48     2     6.71093403071e-09
49     2     4.6952663979e-10
50     2     2.6147972676e-11
51     2     5.68434188608e-13
52     2     0.0
53     2     0.0
54     2     0.0
55     2     0.0
56     2     0.0
57     2     0.0
58     2     0.0
59     2     0

0     3     0
1     3     0.0
2     3     0.0
3     3     0.0
4     3     0.0
5     3     0.0
6     3     0.0
7     3     5.68434188608e-13
8     3     2.6147972676e-11
9     3     5.88897819398e-10
10     3     7.8989614849e-09
11     3     8.39526137497e-08
12     3     6.63171135784e-07
13     3     4.48863829661e-06
14     3     2.46924906833e-05
15     3     0.000119983176887
16     3     0.000497205228385
17     3     0.00185058622492
18     3     0.00605246515647
19     3     0.0179815996256
20     3     0.0479225117954
21     3     0.117084773001
22     3     0.260727331291
23     3     0.537039450467
24     3     1.02256998824
25     3     1.81965908311
26     3     3.03586769819
27     3     4.7855260497
28     3     7.13549183983
29     3     10
30     3     7.13549183983
31     3     4.7855260497
32     3     3.03586769819
33     3     1.81965908311
34     3     1.02256998824
35     3     0.537039450467
36     3     0.260727331291
37     3     0.117084773001
38     3     0.0479225117954
39     3     0.0179815996256
40     3     0.00605246515647
41     3     0.00185058622492
42     3     0.000497205228385
43     3     0.000119983176887
44     3     2.46924906833e-05
45     3     4.48863829661e-06
46     3     6.63171135784e-07
47     3     8.39526137497e-08
48     3     7.8989614849e-09
49     3     5.88897819398e-10
50     3     2.6147972676e-11
51     3     5.68434188608e-13
52     3     0.0
53     3     0.0
54     3     0.0
55     3     0.0
56     3     0.0
57     3     0.0
58     3     0.0
59     3     0

0     4     0
1     4     0.0
2     4     0.0
3     4     0.0
4     4     0.0
5     4     0.0
6     4     0.0
7     4     5.68434188608e-13
8     4     2.6147972676e-11
9     4     5.88897819398e-10
10     4     8.65497895575e-09
11     4     8.99467522686e-08
12     4     7.53688027544e-07
13     4     5.01081558468e-06
14     4     2.86154056539e-05
15     4     0.000137315907978
16     4     0.000582661663202
17     4     0.00214981660292
18     4     0.00713276173087
19     4     0.0210507784738
20     4     0.0565127976711
21     4     0.137192480734
22     4     0.305752203697
23     4     0.624321646156
24     4     1.18029172084
25     4     2.06793254502
26     4     3.3824470741
27     4     5.17573684896
28     4     7.43219814705
29     4     10
30     4     7.43219814705
31     4     5.17573684896
32     4     3.3824470741
33     4     2.06793254502
34     4     1.18029172084
35     4     0.624321646156
36     4     0.305752203697
37     4     0.137192480734
38     4     0.0565127976711
39     4     0.0210507784738
40     4     0.00713276173087
41     4     0.00214981660292
42     4     0.000582661663202
43     4     0.000137315907978
44     4     2.86154056539e-05
45     4     5.01081558468e-06
46     4     7.53688027544e-07
47     4     8.99467522686e-08
48     4     8.65497895575e-09
49     4     5.88897819398e-10
50     4     2.6147972676e-11
51     4     5.68434188608e-13
52     4     0.0
53     4     0.0
54     4     0.0
55     4     0.0
56     4     0.0
57     4     0.0
58     4     0.0
59     4     0

0     5     0
1     5     0.0
2     5     0.0
3     5     0.0
4     5     0.0
5     5     0.0
6     5     0.0
7     5     5.68434188608e-13
8     5     2.6147972676e-11
9     5     5.88897819398e-10
10     5     8.65497895575e-09
11     5     9.33488308874e-08
12     5     7.76271349423e-07
13     5     5.32082594873e-06
14     5     3.01626965893e-05
15     5     0.000147910056398
16     5     0.00062397598299
17     5     0.00233568988961
18     5     0.00771396114374
19     5     0.0229636821285
20     5     0.0613890073203
21     5     0.149573042027
22     5     0.331656565621
23     5     0.676216461452
24     5     1.26846180003
25     5     2.2052555812
26     5     3.56029293296
27     5     5.36492522898
28     5     7.5623111465
29     5     10
30     5     7.5623111465
31     5     5.36492522898
32     5     3.56029293296
33     5     2.2052555812
34     5     1.26846180003
35     5     0.676216461452
36     5     0.331656565621
37     5     0.149573042027
38     5     0.0613890073203
39     5     0.0229636821285
40     5     0.00771396114374
41     5     0.00233568988961
42     5     0.00062397598299
43     5     0.000147910056398
44     5     3.01626965893e-05
45     5     5.32082594873e-06
46     5     7.76271349423e-07
47     5     9.33488308874e-08
48     5     8.65497895575e-09
49     5     5.88897819398e-10
50     5     2.6147972676e-11
51     5     5.68434188608e-13
52     5     0.0
53     5     0.0
54     5     0.0
55     5     0.0
56     5     0.0
57     5     0.0
58     5     0.0
59     5     0

0     6     0
1     6     0.0
2     6     0.0
3     6     0.0
4     6     0.0
5     6     0.0
6     6     0.0
7     6     5.68434188608e-13
8     6     2.6147972676e-11
9     6     5.88897819398e-10
10     6     8.65497895575e-09
11     6     9.33488308874e-08
12     6     7.87838416727e-07
13     6     5.38692347618e-06
14     6     3.09927713715e-05
15     6     0.000151553073806
16     6     0.000646804368216
17     6     0.00241496811213
18     6     0.00804002738391
19     6     0.0238771059657
20     6     0.0641264132719
21     6     0.155818426069
22     6     0.345953737042
23     6     0.702678538719
24     6     1.31516333017
25     6     2.27302696396
26     6     3.6477385333
27     6     5.45123640056
28     6     7.61997454797
29     6     10
30     6     7.61997454797
31     6     5.45123640056
32     6     3.6477385333
33     6     2.27302696396
34     6     1.31516333017
35     6     0.702678538719
36     6     0.345953737042
37     6     0.155818426069
38     6     0.0641264132719
39     6     0.0238771059657
40     6     0.00804002738391
41     6     0.00241496811213
42     6     0.000646804368216
43     6     0.000151553073806
44     6     3.09927713715e-05
45     6     5.38692347618e-06
46     6     7.87838416727e-07
47     6     9.33488308874e-08
48     6     8.65497895575e-09
49     6     5.88897819398e-10
50     6     2.6147972676e-11
51     6     5.68434188608e-13
52     6     0.0
53     6     0.0
54     6     0.0
55     6     0.0
56     6     0.0
57     6     0.0
58     6     0.0
59     6     0

0     7     0
1     7     5.68434188608e-13
2     7     5.68434188608e-13
3     7     5.68434188608e-13
4     7     5.68434188608e-13
5     7     5.68434188608e-13
6     7     5.68434188608e-13
7     7     1.13686837722e-12
8     7     2.67164068646e-11
9     7     5.89466253587e-10
10     7     8.65554738994e-09
11     7     9.33493993216e-08
12     7     7.87838985161e-07
13     7     5.41776955743e-06
14     7     3.1146999504e-05
15     7     0.000153333301114
16     7     0.000653738057395
17     7     0.00245484227719
18     7     0.00816383824088
19     7     0.0243428225963
20     7     0.0652943999313
21     7     0.158996241753
22     7     0.352401497833
23     7     0.715872783804
24     7     1.33643212229
25     7     2.30541096632
26     7     3.68638800326
27     7     5.48991101413
28     7     7.6441065932
29     7     10
30     7     7.6441065932
31     7     5.48991101413
32     7     3.68638800326
33     7     2.30541096632
34     7     1.33643212229
35     7     0.715872783804
36     7     0.352401497833
37     7     0.158996241753
38     7     0.0652943999313
39     7     0.0243428225963
40     7     0.00816383824088
41     7     0.00245484227719
42     7     0.000653738057395
43     7     0.000153333301114
44     7     3.1146999504e-05
45     7     5.41776955743e-06
46     7     7.87838985161e-07
47     7     9.33493993216e-08
48     7     8.65554738994e-09
49     7     5.89466253587e-10
50     7     2.67164068646e-11
51     7     1.13686837722e-12
52     7     5.68434188608e-13
53     7     5.68434188608e-13
54     7     5.68434188608e-13
55     7     5.68434188608e-13
56     7     5.68434188608e-13
57     7     5.68434188608e-13
58     7     5.68434188608e-13
59     7     0

0     8     0
1     8     1.42108547152e-11
2     8     2.6147972676e-11
3     8     2.6147972676e-11
4     8     2.6147972676e-11
5     8     2.6147972676e-11
6     8     2.6147972676e-11
7     8     2.67164068646e-11
8     8     5.22959453519e-11
9     8     6.15045792074e-10
10     8     8.68112692842e-09
11     8     9.33749788601e-08
12     8     7.878645647e-07
13     8     5.41779513696e-06
14     8     3.1213122611e-05
15     8     0.00015362525744
16     8     0.00065684576839
17     8     0.00246563266614
18     8     0.0082208720255
19     8     0.0245012189856
20     8     0.0658387887086
21     8     0.160213560492
22     8     0.355394207176
23     8     0.721217618284
24     8     1.34609372393
25     8     2.31867445823
26     8     3.70327714866
27     8     5.50541939205
28     8     7.65419936947
29     8     10
30     8     7.65419936947
31     8     5.50541939205
32     8     3.70327714866
33     8     2.31867445823
34     8     1.34609372393
35     8     0.721217618284
36     8     0.355394207176
37     8     0.160213560492
38     8     0.0658387887086
39     8     0.0245012189856
40     8     0.0082208720255
41     8     0.00246563266614
42     8     0.00065684576839
43     8     0.00015362525744
44     8     3.1213122611e-05
45     8     5.41779513696e-06
46     8     7.878645647e-07
47     8     9.33749788601e-08
48     8     8.68112692842e-09
49     8     6.15045792074e-10
50     8     5.22959453519e-11
51     8     2.67164068646e-11
52     8     2.6147972676e-11
53     8     2.6147972676e-11
54     8     2.6147972676e-11
55     8     2.6147972676e-11
56     8     2.6147972676e-11
57     8     2.6147972676e-11
58     8     1.42108547152e-11
59     8     0

0     9     0
1     9     3.04680725094e-10
2     9     4.6952663979e-10
3     9     5.88897819398e-10
4     9     5.88897819398e-10
5     9     5.88897819398e-10
6     9     5.88897819398e-10
7     9     5.89466253587e-10
8     9     6.15045792074e-10
9     9     1.1777956388e-09
10     9     9.24387677514e-09
11     9     9.39377287068e-08
12     9     7.88427314546e-07
13     9     5.41835788681e-06
14     9     3.12136853609e-05
15     9     0.000153741490863
16     9     0.00065729983362
17     9     0.00247009554641
18     9     0.00823469951456
19     9     0.0245684170585
20     9     0.0660052597232
21     9     0.160735109628
22     9     0.356426420085
23     9     0.723494884942
24     9     1.34962014886
25     9     2.32421080424
26     9     3.70952870916
27     9     5.51169897925
28     9     7.65790083477
29     9     10
30     9     7.65790083477
31     9     5.51169897925
32     9     3.70952870916
33     9     2.32421080424
34     9     1.34962014886
35     9     0.723494884942
36     9     0.356426420085
37     9     0.160735109628
38     9     0.0660052597232
39     9     0.0245684170585
40     9     0.00823469951456
41     9     0.00247009554641
42     9     0.00065729983362
43     9     0.000153741490863
44     9     3.12136853609e-05
45     9     5.41835788681e-06
46     9     7.88427314546e-07
47     9     9.39377287068e-08
48     9     9.24387677514e-09
49     9     1.1777956388e-09
50     9     6.15045792074e-10
51     9     5.89466253587e-10
52     9     5.88897819398e-10
53     9     5.88897819398e-10
54     9     5.88897819398e-10
55     9     5.88897819398e-10
56     9     5.88897819398e-10
57     9     4.6952663979e-10
58     9     3.04680725094e-10
59     9     0

0     10     0
1     10     3.61126240023e-09
2     10     6.71093403071e-09
3     10     7.8989614849e-09
4     10     8.65497895575e-09
5     10     8.65497895575e-09
6     10     8.65497895575e-09
7     10     8.65554738994e-09
8     10     8.68112692842e-09
9     10     9.24387677514e-09
10     10     1.73099579115e-08
11     10     1.02003809843e-07
12     10     7.96493395683e-07
13     10     5.42642396795e-06
14     10     3.1221751442e-05
15     10     0.000153749556944
16     10     0.000657474979562
17     10     0.00247068600515
18     10     0.0082400111728
19     10     0.0245830638329
20     10     0.0660706319434
21     10     0.160878747967
22     10     0.356835042591
23     10     0.72420273981
24     10     1.35100777759
25     10     2.32603308152
26     10     3.71194619672
27     10     5.5138024569
28     10     7.6593051181
29     10     10
30     10     7.6593051181
31     10     5.5138024569
32     10     3.71194619672
33     10     2.32603308152
34     10     1.35100777759
35     10     0.72420273981
36     10     0.356835042591
37     10     0.160878747967
38     10     0.0660706319434
39     10     0.0245830638329
40     10     0.0082400111728
41     10     0.00247068600515
42     10     0.000657474979562
43     10     0.000153749556944
44     10     3.1221751442e-05
45     10     5.42642396795e-06
46     10     7.96493395683e-07
47     10     1.02003809843e-07
48     10     1.73099579115e-08
49     10     9.24387677514e-09
50     10     8.68112692842e-09
51     10     8.65554738994e-09
52     10     8.65497895575e-09
53     10     8.65497895575e-09
54     10     8.65497895575e-09
55     10     8.65497895575e-09
56     10     7.8989614849e-09
57     10     6.71093403071e-09
58     10     3.61126240023e-09
59     10     0

0     11     0
1     11     3.74865294361e-08
2     11     6.40483222014e-08
3     11     8.39526137497e-08
4     11     8.99467522686e-08
5     11     9.33488308874e-08
6     11     9.33488308874e-08
7     11     9.33493993216e-08
8     11     9.33749788601e-08
9     11     9.39377287068e-08
10     11     1.02003809843e-07
11     11     1.86697661775e-07
12     11     8.81187247614e-07
13     11     5.51111781988e-06
14     11     3.13064452939e-05
15     11     0.000153834250796
16     11     0.000657559673414
17     11     0.00247097119484
18     11     0.008240716449
19     11     0.0245883805133
20     11     0.0660835219895
21     11     0.16093126408
22     11     0.356936421458
23     11     0.7244629641
24     11     1.35139600314
25     11     2.32669915608
26     11     3.7126621567
27     11     5.51456157813
28     11     7.65972896729
29     11     10
30     11     7.65972896729
31     11     5.51456157813
32     11     3.7126621567
33     11     2.32669915608
34     11     1.35139600314
35     11     0.7244629641
36     11     0.356936421458
37     11     0.16093126408
38     11     0.0660835219895
39     11     0.0245883805133
40     11     0.008240716449
41     11     0.00247097119484
42     11     0.000657559673414
43     11     0.000153834250796
44     11     3.13064452939e-05
45     11     5.51111781988e-06
46     11     8.81187247614e-07
47     11     1.86697661775e-07
48     11     1.02003809843e-07
49     11     9.39377287068e-08
50     11     9.33749788601e-08
51     11     9.33493993216e-08
52     11     9.33488308874e-08
53     11     9.33488308874e-08
54     11     9.33488308874e-08
55     11     8.99467522686e-08
56     11     8.39526137497e-08
57     11     6.40483222014e-08
58     11     3.74865294361e-08
59     11     0

0     12     0
1     12     2.81612528852e-07
2     12     5.26695203007e-07
3     12     6.63171135784e-07
4     12     7.53688027544e-07
5     12     7.76271349423e-07
6     12     7.87838416727e-07
7     12     7.87838985161e-07
8     12     7.878645647e-07
9     12     7.88427314546e-07
10     12     7.96493395683e-07
11     12     8.81187247614e-07
12     12     1.57567683345e-06
13     12     6.20560740572e-06
14     12     3.20009348798e-05
15     12     0.000154528740381
16     12     0.000658254163
17     12     0.00247166568442
18     12     0.00824161143441
19     12     0.0245896239795
20     12     0.0660884984973
21     12     0.160941183156
22     12     0.356971633023
23     12     0.724521542801
24     12     1.35152969034
25     12     2.32686671333
26     12     3.71290698274
27     12     5.51476287822
28     12     7.65987274953
29     12     10
30     12     7.65987274953
31     12     5.51476287822
32     12     3.71290698274
33     12     2.32686671333
34     12     1.35152969034
35     12     0.724521542801
36     12     0.356971633023
37     12     0.160941183156
38     12     0.0660884984973
39     12     0.0245896239795
40     12     0.00824161143441
41     12     0.00247166568442
42     12     0.000658254163
43     12     0.000154528740381
44     12     3.20009348798e-05
45     12     6.20560740572e-06
46     12     1.57567683345e-06
47     12     8.81187247614e-07
48     12     7.96493395683e-07
49     12     7.88427314546e-07
50     12     7.878645647e-07
51     12     7.87838985161e-07
52     12     7.87838416727e-07
53     12     7.87838416727e-07
54     12     7.76271349423e-07
55     12     7.53688027544e-07
56     12     6.63171135784e-07
57     12     5.26695203007e-07
58     12     2.81612528852e-07
59     12     0

0     13     0
1     13     1.88003468793e-06
2     13     3.35697677656e-06
3     13     4.48863829661e-06
4     13     5.01081558468e-06
5     13     5.32082594873e-06
6     13     5.38692347618e-06
7     13     5.41776955743e-06
8     13     5.41779513696e-06
9     13     5.41835788681e-06
10     13     5.42642396795e-06
11     13     5.51111781988e-06
12     13     6.20560740572e-06
13     13     1.0835537978e-05
14     13     3.6630865452e-05
15     13     0.000159158670954
16     13     0.000662884093572
17     13     0.002476295615
18     13     0.00824624136499
19     13     0.02459442099
20     13     0.0660935305211
21     13     0.160948709627
22     13     0.356981696228
23     13     0.724544610472
24     13     1.35156063309
25     13     2.32692443895
26     13     3.71296512127
27     13     5.51482985325
28     13     7.65990778602
29     13     10
30     13     7.65990778602
31     13     5.51482985325
32     13     3.71296512127
33     13     2.32692443895
34     13     1.35156063309
35     13     0.724544610472
36     13     0.356981696228
37     13     0.160948709627
38     13     0.0660935305211
39     13     0.02459442099
40     13     0.00824624136499
41     13     0.002476295615
42     13     0.000662884093572
43     13     0.000159158670954
44     13     3.6630865452e-05
45     13     1.0835537978e-05
46     13     6.20560740572e-06
47     13     5.51111781988e-06
48     13     5.42642396795e-06
49     13     5.41835788681e-06
50     13     5.41779513696e-06
51     13     5.41776955743e-06
52     13     5.41776898899e-06
53     13     5.38692347618e-06
54     13     5.32082594873e-06
55     13     5.01081558468e-06
56     13     4.48863829661e-06
57     13     3.35697677656e-06
58     13     1.88003468793e-06
59     13     0

0     14     0
1     14     1.00828026461e-05
2     14     1.89350453184e-05
3     14     2.46924906833e-05
4     14     2.86154056539e-05
5     14     3.01626965893e-05
6     14     3.09927713715e-05
7     14     3.1146999504e-05
8     14     3.1213122611e-05
9     14     3.12136853609e-05
10     14     3.1221751442e-05
11     14     3.13064452939e-05
12     14     3.20009348798e-05
13     14     3.6630865452e-05
14     14     6.24261929261e-05
15     14     0.000184953998428
16     14     0.000688679421046
17     14     0.00250209094247
18     14     0.00827203669246
19     14     0.0246202163174
20     14     0.0661194415193
21     14     0.160974747312
22     14     0.357009001884
23     14     0.724572754958
24     14     1.3515931433
25     14     2.32695715775
26     14     3.71300104185
27     14     5.51485749494
28     14     7.65992562011
29     14     10
30     14     7.65992562011
31     14     5.51485749494
32     14     3.71300104185
33     14     2.32695715775
34     14     1.3515931433
35     14     0.724572754958
36     14     0.357009001884
37     14     0.160974747312
38     14     0.0661194415193
39     14     0.0246202163174
40     14     0.00827203669246
41     14     0.00250209094247
42     14     0.000688679421046
43     14     0.000184953998428
44     14     6.24261929261e-05
45     14     3.6630865452e-05
46     14     3.20009348798e-05
47     14     3.13064452939e-05
48     14     3.1221751442e-05
49     14     3.12136853609e-05
50     14     3.1213122611e-05
51     14     3.12130970315e-05
52     14     3.11469989356e-05
53     14     3.09927713715e-05
54     14     3.01626965893e-05
55     14     2.86154056539e-05
56     14     2.46924906833e-05
57     14     1.89350453184e-05
58     14     1.00828026461e-05
59     14     0

0     15     0
1     15     4.85845049525e-05
2     15     8.87682500661e-05
3     15     0.000119983176887
4     15     0.000137315907978
5     15     0.000147910056398
6     15     0.000151553073806
7     15     0.000153333301114
8     15     0.00015362525744
9     15     0.000153741490863
10     15     0.000153749556944
11     15     0.000153834250796
12     15     0.000154528740381
13     15     0.000159158670954
14     15     0.000184953998428
15     15     0.000307481803929
16     15     0.000811207226548
17     15     0.00262461874797
18     15     0.00839456449796
19     15     0.0247427441229
20     15     0.0662419693248
21     15     0.161097159447
22     15     0.357131188186
23     15     0.724693315261
24     15     1.35171089066
25     15     2.32706585825
26     15     3.71309633254
27     15     5.51492732814
28     15     7.65996412181
29     15     10
30     15     7.65996412181
31     15     5.51492732814
32     15     3.71309633254
33     15     2.32706585825
34     15     1.35171089066
35     15     0.724693315261
36     15     0.357131188186
37     15     0.161097159447
38     15     0.0662419693248
39     15     0.0247427441229
40     15     0.00839456449796
41     15     0.00262461874797
42     15     0.000811207226548
43     15     0.000307481803929
44     15     0.000184953998428
45     15     0.000159158670954
46     15     0.000154528740381
47     15     0.000153834250796
48     15     0.000153749556944
49     15     0.000153741490863
50     15     0.000153740928113
51     15     0.00015362523186
52     15     0.000153333300545
53     15     0.000151553073806
54     15     0.000147910056398
55     15     0.000137315907978
56     15     0.000119983176887
57     15     8.87682500661e-05
58     15     4.85845049525e-05
59     15     0

0     16     0
1     16     0.000198582801545
2     16     0.000373761942001
3     16     0.000497205228385
4     16     0.000582661663202
5     16     0.00062397598299
6     16     0.000646804368216
7     16     0.000653738057395
8     16     0.00065684576839
9     16     0.00065729983362
10     16     0.000657474979562
11     16     0.000657559673414
12     16     0.000658254163
13     16     0.000662884093572
14     16     0.000688679421046
15     16     0.000811207226548
16     16     0.00131493264917
17     16     0.00312834417059
18     16     0.00889828992058
19     16     0.0252464695456
20     16     0.0667454119969
21     16     0.1616001376
22     16     0.357630016516
23     16     0.725186027917
24     16     1.35217928824
25     16     2.3275020898
26     16     3.71345783786
27     16     5.51520025822
28     16     7.66010448879
29     16     10
30     16     7.66010448879
31     16     5.51520025822
32     16     3.71345783786
33     16     2.3275020898
34     16     1.35217928824
35     16     0.725186027917
36     16     0.357630016516
37     16     0.1616001376
38     16     0.0667454119969
39     16     0.0252464695456
40     16     0.00889828992058
41     16     0.00312834417059
42     16     0.00131493264917
43     16     0.000811207226548
44     16     0.000688679421046
45     16     0.000662884093572
46     16     0.000658254163
47     16     0.000657559673414
48     16     0.000657474979562
49     16     0.000657466913481
50     16     0.00065729927087
51     16     0.00065684574281
52     16     0.000653738056826
53     16     0.000646804368216
54     16     0.00062397598299
55     16     0.000582661663202
56     16     0.000497205228385
57     16     0.000373761942001
58     16     0.000198582801545
59     16     0

0     17     0
1     17     0.000735765775062
2     17     0.00136146804266
3     17     0.00185058622492
4     17     0.00214981660292
5     17     0.00233568988961
6     17     0.00241496811213
7     17     0.00245484227719
8     17     0.00246563266614
9     17     0.00247009554641
10     17     0.00247068600515
11     17     0.00247097119484
12     17     0.00247166568442
13     17     0.002476295615
14     17     0.00250209094247
15     17     0.00262461874797
16     17     0.00312834417059
17     17     0.00494175569202
18     17     0.010711701442
19     17     0.0270595134913
20     17     0.0685578056164
21     17     0.163406027957
22     17     0.359425687461
23     17     0.726935723075
24     17     1.35386460395
25     17     2.32901577625
26     17     3.7147569058
27     17     5.51612381957
28     17     7.66060823369
29     17     10
30     17     7.66060823369
31     17     5.51612381957
32     17     3.7147569058
33     17     2.32901577625
34     17     1.35386460395
35     17     0.726935723075
36     17     0.359425687461
37     17     0.163406027957
38     17     0.0685578056164
39     17     0.0270595134913
40     17     0.010711701442
41     17     0.00494175569202
42     17     0.00312834417059
43     17     0.00262461874797
44     17     0.00250209094247
45     17     0.002476295615
46     17     0.00247166568442
47     17     0.00247097119484
48     17     0.00247088650099
49     17     0.00247067793907
50     17     0.00247009498366
51     17     0.00246563264056
52     17     0.00245484227662
53     17     0.00241496811213
54     17     0.00233568988961
55     17     0.00214981660292
56     17     0.00185058622492
57     17     0.00136146804266
58     17     0.000735765775062
59     17     0

0     18     0
1     18     0.00239040583836
2     18     0.00450054539328
3     18     0.00605246515647
4     18     0.00713276173087
5     18     0.00771396114374
6     18     0.00804002738391
7     18     0.00816383824088
8     18     0.0082208720255
9     18     0.00823469951456
10     18     0.0082400111728
11     18     0.008240716449
12     18     0.00824161143441
13     18     0.00824624136499
14     18     0.00827203669246
15     18     0.00839456449796
16     18     0.00889828992058
17     18     0.010711701442
18     18     0.0164812462003
19     18     0.0328282896822
20     18     0.0743181275664
21     18     0.16915204273
22     18     0.365100166349
23     18     0.732502898135
24     18     1.35910987093
25     18     2.33383182786
26     18     3.7187145379
27     18     5.51906205947
28     18     7.66211933564
29     18     10
30     18     7.66211933564
31     18     5.51906205947
32     18     3.7187145379
33     18     2.33383182786
34     18     1.35910987093
35     18     0.732502898135
36     18     0.365100166349
37     18     0.16915204273
38     18     0.0743181275664
39     18     0.0328282896822
40     18     0.0164812462003
41     18     0.010711701442
42     18     0.00889828992058
43     18     0.00839456449796
44     18     0.00827203669246
45     18     0.00824624136499
46     18     0.00824161143441
47     18     0.00824091694483
48     18     0.00824063175514
49     18     0.00824000310672
50     18     0.00823469895181
51     18     0.00822087199992
52     18     0.00816383824031
53     18     0.00804002738391
54     18     0.00771396114374
55     18     0.00713276173087
56     18     0.00605246515647
57     18     0.00450054539328
58     18     0.00239040583836
59     18     0

0     19     0
1     19     0.00709564453643
2     19     0.0132108248857
3     19     0.0179815996256
4     19     0.0210507784738
5     19     0.0229636821285
6     19     0.0238771059657
7     19     0.0243428225963
8     19     0.0245012189856
9     19     0.0245684170585
10     19     0.0245830638329
11     19     0.0245883805133
12     19     0.0245896239795
13     19     0.02459442099
14     19     0.0246202163174
15     19     0.0247427441229
16     19     0.0252464695456
17     19     0.0270595134913
18     19     0.0328282896822
19     19     0.0491661103558
20     19     0.090639039758
21     19     0.185379958271
22     19     0.381177856531
23     19     0.748079837121
24     19     1.37397145107
25     19     2.34708385134
26     19     3.72992778845
27     19     5.52701327508
28     19     7.66640075902
29     19     10
30     19     7.66640075902
31     19     5.52701327508
32     19     3.72992778845
33     19     2.34708385134
34     19     1.37397145107
35     19     0.748079837121
36     19     0.381177856531
37     19     0.185379958271
38     19     0.090639039758
39     19     0.0491661103558
40     19     0.0328282896822
41     19     0.0270595134913
42     19     0.0252464695456
43     19     0.0247427441229
44     19     0.0246202163174
45     19     0.02459442099
46     19     0.0245897910594
47     19     0.0245889294899
48     19     0.0245882958194
49     19     0.0245830557668
50     19     0.0245684164958
51     19     0.02450121896
52     19     0.0243428225957
53     19     0.0238771059657
54     19     0.0229636821285
55     19     0.0210507784738
56     19     0.0179815996256
57     19     0.0132108248857
58     19     0.00709564453643
59     19     0

0     20     0
1     20     0.0188976656
2     20     0.0354981463443
3     20     0.0479225117954
4     20     0.0565127976711
5     20     0.0613890073203
6     20     0.0641264132719
7     20     0.0652943999313
8     20     0.0658387887086
9     20     0.0660052597232
10     20     0.0660706319434
11     20     0.0660835219895
12     20     0.0660884984973
13     20     0.0660935305211
14     20     0.0661194415193
15     20     0.0662419693248
16     20     0.0667454119969
17     20     0.0685578056164
18     20     0.0743181275664
19     20     0.090639039758
20     20     0.132010518269
21     20     0.226573897721
22     20     0.421720819427
23     20     0.787621297625
24     20     1.41100915559
25     20     2.38072360132
26     20     3.75745122037
27     20     5.54719712512
28     20     7.67679850007
29     20     10
30     20     7.67679850007
31     20     5.54719712512
32     20     3.75745122037
33     20     2.38072360132
34     20     1.41100915559
35     20     0.787621297625
36     20     0.421720819427
37     20     0.226573897721
38     20     0.132010518269
39     20     0.090639039758
40     20     0.0743181275664
41     20     0.0685578056164
42     20     0.0667454119969
43     20     0.0662419693248
44     20     0.0661194415193
45     20     0.0660936461918
46     20     0.0660889005906
47     20     0.0660878040077
48     20     0.0660834372957
49     20     0.0660706238773
50     20     0.0660052591604
51     20     0.065838788683
52     20     0.0652943999307
53     20     0.0641264132719
54     20     0.0613890073203
55     20     0.0565127976711
56     20     0.0479225117954
57     20     0.0354981463443
58     20     0.0188976656
59     20     0

0     21     0
1     21     0.0463653955376
2     21     0.0863394798353
3     21     0.117084773001
4     21     0.137192480734
5     21     0.149573042027
6     21     0.155818426069
7     21     0.158996241753
8     21     0.160213560492
9     21     0.160735109628
10     21     0.160878747967
11     21     0.16093126408
12     21     0.160941183156
13     21     0.160948709627
14     21     0.160974747312
15     21     0.161097159447
16     21     0.1616001376
17     21     0.163406027957
18     21     0.16915204273
19     21     0.185379958271
20     21     0.226573897721
21     21     0.320427120932
22     21     0.514390448902
23     21     0.877036044327
24     21     1.49566676593
25     21     2.45586693894
26     21     3.82036192163
27     21     5.59175887186
28     21     7.70056476499
29     21     10
30     21     7.70056476499
31     21     5.59175887186
32     21     3.82036192163
33     21     2.45586693894
34     21     1.49566676593
35     21     0.877036044327
36     21     0.514390448902
37     21     0.320427120932
38     21     0.226573897721
39     21     0.185379958271
40     21     0.16915204273
41     21     0.163406027957
42     21     0.1616001376
43     21     0.161097159447
44     21     0.160974813409
45     21     0.160948951984
46     21     0.160944079696
47     21     0.160940488666
48     21     0.160931179386
49     21     0.1608787399
50     21     0.160735109065
51     21     0.160213560467
52     21     0.158996241753
53     21     0.155818426069
54     21     0.149573042027
55     21     0.137192480734
56     21     0.117084773001
57     21     0.0863394798353
58     21     0.0463653955376
59     21     0

0     22     0
1     22     0.103990701637
2     22     0.193942134301
3     22     0.260727331291
4     22     0.305752203697
5     22     0.331656565621
6     22     0.345953737042
7     22     0.352401497833
8     22     0.355394207176
9     22     0.356426420085
10     22     0.356835042591
11     22     0.356936421458
12     22     0.356971633023
13     22     0.356981696228
14     22     0.357009001884
15     22     0.357131188186
16     22     0.357630016516
17     22     0.359425687461
18     22     0.365100166349
19     22     0.381177856531
20     22     0.421720819427
21     22     0.514390448902
22     22     0.704802995665
23     22     1.06182652084
24     22     1.66808868791
25     22     2.61116317002
26     22     3.94711533455
27     22     5.68385314843
28     22     7.74809729483
29     22     10
30     22     7.74809729483
31     22     5.68385314843
32     22     3.94711533455
33     22     2.61116317002
34     22     1.66808868791
35     22     1.06182652084
36     22     0.704802995665
37     22     0.514390448902
38     22     0.421720819427
39     22     0.381177856531
40     22     0.365100166349
41     22     0.359425687461
42     22     0.357630016516
43     22     0.357131219031
44     22     0.35700912086
45     22     0.3569833035
46     22     0.356977066298
47     22     0.356970938533
48     22     0.356936336764
49     22     0.356835034524
50     22     0.356426419522
51     22     0.35539420715
52     22     0.352401497832
53     22     0.345953737042
54     22     0.331656565621
55     22     0.305752203697
56     22     0.260727331291
57     22     0.193942134301
58     22     0.103990701637
59     22     0

0     23     0
1     23     0.21724624032
2     23     0.400961124399
3     23     0.537039450467
4     23     0.624321646156
5     23     0.676216461452
6     23     0.702678538719
7     23     0.715872783804
8     23     0.721217618284
9     23     0.723494884942
10     23     0.72420273981
11     23     0.7244629641
12     23     0.724521542801
13     23     0.724544610472
14     23     0.724572754958
15     23     0.724693315261
16     23     0.725186027917
17     23     0.726935723075
18     23     0.732502898135
19     23     0.748079837121
20     23     0.787621297625
21     23     0.877036044327
22     23     1.06182652084
23     23     1.40535707744
24     23     1.99137979163
25     23     2.89734861012
26     23     4.18477798376
27     23     5.85219752496
28     23     7.83722078829
29     23     10
30     23     7.83722078829
31     23     5.85219752496
32     23     4.18477798376
33     23     2.89734861012
34     23     1.99137979163
35     23     1.40535707744
36     23     1.06182652084
37     23     0.877036044327
38     23     0.787621297625
39     23     0.748079837121
40     23     0.732502898135
41     23     0.726935723075
42     23     0.725186039484
43     23     0.72469336208
44     23     0.724573477625
45     23     0.724547195929
46     23     0.724540022954
47     23     0.724520848311
48     23     0.724462879406
49     23     0.724202731744
50     23     0.723494884379
51     23     0.721217618258
52     23     0.715872783803
53     23     0.702678538719
54     23     0.676216461452
55     23     0.624321646156
56     23     0.537039450467
57     23     0.400961124399
58     23     0.21724624032
59     23     0

0     24     0
1     24     0.423448797549
2     24     0.774447997114
3     24     1.02256998824
4     24     1.18029172084
5     24     1.26846180003
6     24     1.31516333017
7     24     1.33643212229
8     24     1.34609372393
9     24     1.34962014886
10     24     1.35100777759
11     24     1.35139600314
12     24     1.35152969034
13     24     1.35156063309
14     24     1.3515931433
15     24     1.35171089066
16     24     1.35217928824
17     24     1.35386460395
18     24     1.35910987093
19     24     1.37397145107
20     24     1.41100915559
21     24     1.49566676593
22     24     1.66808868791
23     24     1.99137979163
24     24     2.53692360005
25     24     3.38554730205
26     24     4.5828629212
27     24     6.13937322609
28     24     7.98575994405
29     24     10
30     24     7.98575994405
31     24     6.13937322609
32     24     4.5828629212
33     24     3.38554730205
34     24     2.53692360005
35     24     1.99137979163
36     24     1.66808868791
37     24     1.49566676593
38     24     1.41100915559
39     24     1.37397145107
40     24     1.35910987093
41     24     1.35386460736
42     24     1.35217930266
43     24     1.35171114899
44     24     1.35159411885
45     24     1.35156855976
46     24     1.35155610295
47     24     1.35152901082
48     24     1.35139591844
49     24     1.35100776953
50     24     1.3496201483
51     24     1.34609372391
52     24     1.33643212229
53     24     1.31516333017
54     24     1.26846180003
55     24     1.18029172084
56     24     1.02256998824
57     24     0.774447997114
58     24     0.423448797549
59     24     0

0     25     0
1     25     0.78462270596
2     25     1.40265210416
3     25     1.81965908311
4     25     2.06793254502
5     25     2.2052555812
6     25     2.27302696396
7     25     2.30541096632
8     25     2.31867445823
9     25     2.32421080424
10     25     2.32603308152
11     25     2.32669915608
12     25     2.32686671333
13     25     2.32692443895
14     25     2.32695715775
15     25     2.32706585825
16     25     2.3275020898
17     25     2.32901577625
18     25     2.33383182786
19     25     2.34708385134
20     25     2.38072360132
21     25     2.45586693894
22     25     2.61116317002
23     25     2.89734861012
24     25     3.38554730205
25     25     4.13586509005
26     25     5.20210615721
27     25     6.57838895312
28     25     8.21682085301
29     25     10
30     25     8.21682085301
31     25     6.57838895312
32     25     5.20210615721
33     25     4.13586509005
34     25     3.38554730205
35     25     2.89734861012
36     25     2.61116317002
37     25     2.45586693894
38     25     2.38072360132
39     25     2.34708385134
40     25     2.33383182862
41     25     2.3290157796
42     25     2.32750216108
43     25     2.3270661417
44     25     2.32695981682
45     25     2.32693383661
46     25     2.3269202531
47     25     2.32686605294
48     25     2.32669907554
49     25     2.32603307345
50     25     2.32421080368
51     25     2.31867445821
52     25     2.30541096632
53     25     2.27302696396
54     25     2.2052555812
55     25     2.06793254502
56     25     1.81965908311
57     25     1.40265210416
58     25     0.78462270596
59     25     0

0     26     0
1     26     1.40481428572
2     26     2.41672735761
3     26     3.03586769819
4     26     3.3824470741
5     26     3.56029293296
6     26     3.6477385333
7     26     3.68638800326
8     26     3.70327714866
9     26     3.70952870916
10     26     3.71194619672
11     26     3.7126621567
12     26     3.71290698274
13     26     3.71296512127
14     26     3.71300104185
15     26     3.71309633254
16     26     3.71345783786
17     26     3.7147569058
18     26     3.7187145379
19     26     3.72992778845
20     26     3.75745122037
21     26     3.82036192163
22     26     3.94711533455
23     26     4.18477798376
24     26     4.5828629212
25     26     5.20210615721
26     26     6.07173539638
27     26     7.20225340731
28     26     8.54030612555
29     26     10
30     26     8.54030612555
31     26     7.20225340731
32     26     6.07173539638
33     26     5.20210615721
34     26     4.5828629212
35     26     4.18477798376
36     26     3.94711533455
37     26     3.82036192163
38     26     3.75745122037
39     26     3.72992778857
40     26     3.71871453845
41     26     3.71475692026
42     26     3.71345789828
43     26     3.71309700244
44     26     3.71300354629
45     26     3.7129815079
46     26     3.71296135623
47     26     3.71290641799
48     26     3.7126620812
49     26     3.71194618953
50     26     3.7095287086
51     26     3.70327714863
52     26     3.68638800326
53     26     3.6477385333
54     26     3.56029293296
55     26     3.3824470741
56     26     3.03586769819
57     26     2.41672735761
58     26     1.40481428572
59     26     0

0     27     0
1     27     2.51495266107
2     27     4.00254251913
3     27     4.7855260497
4     27     5.17573684896
5     27     5.36492522898
6     27     5.45123640056
7     27     5.48991101413
8     27     5.50541939205
9     27     5.51169897925
10     27     5.5138024569
11     27     5.51456157813
12     27     5.51476287822
13     27     5.51482985325
14     27     5.51485749494
15     27     5.51492732814
16     27     5.51520025822
17     27     5.51612381957
18     27     5.51906205947
19     27     5.52701327508
20     27     5.54719712512
21     27     5.59175887186
22     27     5.68385314843
23     27     5.85219752496
24     27     6.13937322609
25     27     6.57838895312
26     27     7.20225340731
27     27     8.00508503825
28     27     8.96083697986
29     27     10
30     27     8.96083697986
31     27     8.00508503825
32     27     7.20225340731
33     27     6.57838895312
34     27     6.13937322609
35     27     5.85219752496
36     27     5.68385314843
37     27     5.59175887186
38     27     5.54719712513
39     27     5.52701327513
40     27     5.51906206144
41     27     5.51612382819
42     27     5.51520037545
43     27     5.51492779065
44     27     5.51486105225
45     27     5.51484237938
46     27     5.5148271402
47     27     5.5147624242
48     27     5.51456152276
49     27     5.51380245072
50     27     5.51169897882
51     27     5.50541939203
52     27     5.48991101413
53     27     5.45123640056
54     27     5.36492522898
55     27     5.17573684896
56     27     4.7855260497
57     27     4.00254251913
58     27     2.51495266107
59     27     0

0     28     0
1     28     4.72891399475
2     28     6.44588431879
3     28     7.13549183983
4     28     7.43219814705
5     28     7.5623111465
6     28     7.61997454797
7     28     7.6441065932
8     28     7.65419936947
9     28     7.65790083477
10     28     7.6593051181
11     28     7.65972896729
12     28     7.65987274953
13     28     7.65990778602
14     28     7.65992562011
15     28     7.65996412181
16     28     7.66010448879
17     28     7.66060823369
18     28     7.66211933564
19     28     7.66640075902
20     28     7.67679850007
21     28     7.70056476499
22     28     7.74809729483
23     28     7.83722078829
24     28     7.98575994405
25     28     8.21682085301
26     28     8.54030612555
27     28     8.96083697986
28     28     9.45782798949
29     28     10
30     28     9.45782798949
31     28     8.96083697986
32     28     8.54030612555
33     28     8.21682085301
34     28     7.98575994405
35     28     7.83722078829
36     28     7.74809729483
37     28     7.70056476499
38     28     7.67679850007
39     28     7.66640075916
40     28     7.6621193363
41     28     7.66060824527
42     28     7.6601045369
43     28     7.65996457301
44     28     7.65992730187
45     28     7.65991786854
46     28     7.65990623571
47     28     7.65987251698
48     28     7.65972893407
49     28     7.65930511493
50     28     7.65790083448
51     28     7.65419936945
52     28     7.6441065932
53     28     7.61997454797
54     28     7.5623111465
55     28     7.43219814705
56     28     7.13549183983
57     28     6.44588431879
58     28     4.72891399475
59     28     0

0     29     0
1     29     10
2     29     10
3     29     10
4     29     10
5     29     10
6     29     10
7     29     10
8     29     10
9     29     10
10     29     10
11     29     10
12     29     10
13     29     10
14     29     10
15     29     10
16     29     10
17     29     10
18     29     10
19     29     10
20     29     10
21     29     10
22     29     10
23     29     10
24     29     10
25     29     10
26     29     10
27     29     10
28     29     10
29     29     10
30     29     10
31     29     10
32     29     10
33     29     10
34     29     10
35     29     10
36     29     10
37     29     10
38     29     10
39     29     10
40     29     10
41     29     10
42     29     10
43     29     10
44     29     10
45     29     10
46     29     10
47     29     10
48     29     10
49     29     10
50     29     10
51     29     10
52     29     10
53     29     10
54     29     10
55     29     10
56     29     10
57     29     10
58     29     10
59     29     0

0     30     0
1     30     4.72891399475
2     30     6.44588431879
3     30     7.13549183983
4     30     7.43219814705
5     30     7.5623111465
6     30     7.61997454797
7     30     7.6441065932
8     30     7.65419936947
9     30     7.65790083477
10     30     7.6593051181
11     30     7.65972896729
12     30     7.65987274953
13     30     7.65990778602
14     30     7.65992562011
15     30     7.65996412181
16     30     7.66010448879
17     30     7.66060823369
18     30     7.66211933564
19     30     7.66640075902
20     30     7.67679850007
21     30     7.70056476499
22     30     7.74809729483
23     30     7.83722078829
24     30     7.98575994405
25     30     8.21682085301
26     30     8.54030612555
27     30     8.96083697986
28     30     9.45782798949
29     30     10
30     30     9.45782798949
31     30     8.96083697986
32     30     8.54030612555
33     30     8.21682085301
34     30     7.98575994405
35     30     7.83722078829
36     30     7.74809729483
37     30     7.70056476499
38     30     7.67679850007
39     30     7.66640075916
40     30     7.6621193363
41     30     7.66060824527
42     30     7.6601045369
43     30     7.65996457301
44     30     7.65992730187
45     30     7.65991786854
46     30     7.65990623571
47     30     7.65987251698
48     30     7.65972893407
49     30     7.65930511493
50     30     7.65790083448
51     30     7.65419936945
52     30     7.6441065932
53     30     7.61997454797
54     30     7.5623111465
55     30     7.43219814705
56     30     7.13549183983
57     30     6.44588431879
58     30     4.72891399475
59     30     0

0     31     0
1     31     2.51495266107
2     31     4.00254251913
3     31     4.7855260497
4     31     5.17573684896
5     31     5.36492522898
6     31     5.45123640056
7     31     5.48991101413
8     31     5.50541939205
9     31     5.51169897925
10     31     5.5138024569
11     31     5.51456157813
12     31     5.51476287822
13     31     5.51482985325
14     31     5.51485749494
15     31     5.51492732814
16     31     5.51520025822
17     31     5.51612381957
18     31     5.51906205947
19     31     5.52701327508
20     31     5.54719712512
21     31     5.59175887186
22     31     5.68385314843
23     31     5.85219752496
24     31     6.13937322609
25     31     6.57838895312
26     31     7.20225340731
27     31     8.00508503825
28     31     8.96083697986
29     31     10
30     31     8.96083697986
31     31     8.00508503825
32     31     7.20225340731
33     31     6.57838895312
34     31     6.13937322609
35     31     5.85219752496
36     31     5.68385314843
37     31     5.59175887186
38     31     5.54719712513
39     31     5.52701327513
40     31     5.51906206144
41     31     5.51612382819
42     31     5.51520037545
43     31     5.51492779065
44     31     5.51486105225
45     31     5.51484237938
46     31     5.5148271402
47     31     5.5147624242
48     31     5.51456152276
49     31     5.51380245072
50     31     5.51169897882
51     31     5.50541939203
52     31     5.48991101413
53     31     5.45123640056
54     31     5.36492522898
55     31     5.17573684896
56     31     4.7855260497
57     31     4.00254251913
58     31     2.51495266107
59     31     0

0     32     0
1     32     1.40481428572
2     32     2.41672735761
3     32     3.03586769819
4     32     3.3824470741
5     32     3.56029293296
6     32     3.6477385333
7     32     3.68638800326
8     32     3.70327714866
9     32     3.70952870916
10     32     3.71194619672
11     32     3.7126621567
12     32     3.71290698274
13     32     3.71296512127
14     32     3.71300104185
15     32     3.71309633254
16     32     3.71345783786
17     32     3.7147569058
18     32     3.7187145379
19     32     3.72992778845
20     32     3.75745122037
21     32     3.82036192163
22     32     3.94711533455
23     32     4.18477798376
24     32     4.5828629212
25     32     5.20210615721
26     32     6.07173539638
27     32     7.20225340731
28     32     8.54030612555
29     32     10
30     32     8.54030612555
31     32     7.20225340731
32     32     6.07173539638
33     32     5.20210615721
34     32     4.5828629212
35     32     4.18477798376
36     32     3.94711533455
37     32     3.82036192163
38     32     3.75745122037
39     32     3.72992778857
40     32     3.71871453845
41     32     3.71475692026
42     32     3.71345789828
43     32     3.71309700244
44     32     3.71300354629
45     32     3.7129815079
46     32     3.71296135623
47     32     3.71290641799
48     32     3.7126620812
49     32     3.71194618953
50     32     3.7095287086
51     32     3.70327714863
52     32     3.68638800326
53     32     3.6477385333
54     32     3.56029293296
55     32     3.3824470741
56     32     3.03586769819
57     32     2.41672735761
58     32     1.40481428572
59     32     0

0     33     0
1     33     0.78462270596
2     33     1.40265210416
3     33     1.81965908311
4     33     2.06793254502
5     33     2.2052555812
6     33     2.27302696396
7     33     2.30541096632
8     33     2.31867445823
9     33     2.32421080424
10     33     2.32603308152
11     33     2.32669915608
12     33     2.32686671333
13     33     2.32692443895
14     33     2.32695715775
15     33     2.32706585825
16     33     2.3275020898
17     33     2.32901577625
18     33     2.33383182786
19     33     2.34708385134
20     33     2.38072360132
21     33     2.45586693894
22     33     2.61116317002
23     33     2.89734861012
24     33     3.38554730205
25     33     4.13586509005
26     33     5.20210615721
27     33     6.57838895312
28     33     8.21682085301
29     33     10
30     33     8.21682085301
31     33     6.57838895312
32     33     5.20210615721
33     33     4.13586509005
34     33     3.38554730205
35     33     2.89734861012
36     33     2.61116317002
37     33     2.45586693894
38     33     2.38072360132
39     33     2.34708385134
40     33     2.33383182862
41     33     2.3290157796
42     33     2.32750216108
43     33     2.3270661417
44     33     2.32695981682
45     33     2.32693383661
46     33     2.3269202531
47     33     2.32686605294
48     33     2.32669907554
49     33     2.32603307345
50     33     2.32421080368
51     33     2.31867445821
52     33     2.30541096632
53     33     2.27302696396
54     33     2.2052555812
55     33     2.06793254502
56     33     1.81965908311
57     33     1.40265210416
58     33     0.78462270596
59     33     0

0     34     0
1     34     0.423448797549
2     34     0.774447997114
3     34     1.02256998824
4     34     1.18029172084
5     34     1.26846180003
6     34     1.31516333017
7     34     1.33643212229
8     34     1.34609372393
9     34     1.34962014886
10     34     1.35100777759
11     34     1.35139600314
12     34     1.35152969034
13     34     1.35156063309
14     34     1.3515931433
15     34     1.35171089066
16     34     1.35217928824
17     34     1.35386460395
18     34     1.35910987093
19     34     1.37397145107
20     34     1.41100915559
21     34     1.49566676593
22     34     1.66808868791
23     34     1.99137979163
24     34     2.53692360005
25     34     3.38554730205
26     34     4.5828629212
27     34     6.13937322609
28     34     7.98575994405
29     34     10
30     34     7.98575994405
31     34     6.13937322609
32     34     4.5828629212
33     34     3.38554730205
34     34     2.53692360005
35     34     1.99137979163
36     34     1.66808868791
37     34     1.49566676593
38     34     1.41100915559
39     34     1.37397145107
40     34     1.35910987093
41     34     1.35386460736
42     34     1.35217930266
43     34     1.35171114899
44     34     1.35159411885
45     34     1.35156855976
46     34     1.35155610295
47     34     1.35152901082
48     34     1.35139591844
49     34     1.35100776953
50     34     1.3496201483
51     34     1.34609372391
52     34     1.33643212229
53     34     1.31516333017
54     34     1.26846180003
55     34     1.18029172084
56     34     1.02256998824
57     34     0.774447997114
58     34     0.423448797549
59     34     0

0     35     0
1     35     0.21724624032
2     35     0.400961124399
3     35     0.537039450467
4     35     0.624321646156
5     35     0.676216461452
6     35     0.702678538719
7     35     0.715872783804
8     35     0.721217618284
9     35     0.723494884942
10     35     0.72420273981
11     35     0.7244629641
12     35     0.724521542801
13     35     0.724544610472
14     35     0.724572754958
15     35     0.724693315261
16     35     0.725186027917
17     35     0.726935723075
18     35     0.732502898135
19     35     0.748079837121
20     35     0.787621297625
21     35     0.877036044327
22     35     1.06182652084
23     35     1.40535707744
24     35     1.99137979163
25     35     2.89734861012
26     35     4.18477798376
27     35     5.85219752496
28     35     7.83722078829
29     35     10
30     35     7.83722078829
31     35     5.85219752496
32     35     4.18477798376
33     35     2.89734861012
34     35     1.99137979163
35     35     1.40535707744
36     35     1.06182652084
37     35     0.877036044327
38     35     0.787621297625
39     35     0.748079837121
40     35     0.732502898135
41     35     0.726935723075
42     35     0.725186039484
43     35     0.72469336208
44     35     0.724573477625
45     35     0.724547195929
46     35     0.724540022954
47     35     0.724520848311
48     35     0.724462879406
49     35     0.724202731744
50     35     0.723494884379
51     35     0.721217618258
52     35     0.715872783803
53     35     0.702678538719
54     35     0.676216461452
55     35     0.624321646156
56     35     0.537039450467
57     35     0.400961124399
58     35     0.21724624032
59     35     0

0     36     0
1     36     0.103990701637
2     36     0.193942134301
3     36     0.260727331291
4     36     0.305752203697
5     36     0.331656565621
6     36     0.345953737042
7     36     0.352401497833
8     36     0.355394207176
9     36     0.356426420085
10     36     0.356835042591
11     36     0.356936421458
12     36     0.356971633023
13     36     0.356981696228
14     36     0.357009001884
15     36     0.357131188186
16     36     0.357630016516
17     36     0.359425687461
18     36     0.365100166349
19     36     0.381177856531
20     36     0.421720819427
21     36     0.514390448902
22     36     0.704802995665
23     36     1.06182652084
24     36     1.66808868791
25     36     2.61116317002
26     36     3.94711533455
27     36     5.68385314843
28     36     7.74809729483
29     36     10
30     36     7.74809729483
31     36     5.68385314843
32     36     3.94711533455
33     36     2.61116317002
34     36     1.66808868791
35     36     1.06182652084
36     36     0.704802995665
37     36     0.514390448902
38     36     0.421720819427
39     36     0.381177856531
40     36     0.365100166349
41     36     0.359425687461
42     36     0.357630016516
43     36     0.357131219031
44     36     0.35700912086
45     36     0.3569833035
46     36     0.356977066298
47     36     0.356970938533
48     36     0.356936336764
49     36     0.356835034524
50     36     0.356426419522
51     36     0.35539420715
52     36     0.352401497832
53     36     0.345953737042
54     36     0.331656565621
55     36     0.305752203697
56     36     0.260727331291
57     36     0.193942134301
58     36     0.103990701637
59     36     0

0     37     0
1     37     0.0463653955376
2     37     0.0863394798353
3     37     0.117084773001
4     37     0.137192480734
5     37     0.149573042027
6     37     0.155818426069
7     37     0.158996241753
8     37     0.160213560492
9     37     0.160735109628
10     37     0.160878747967
11     37     0.16093126408
12     37     0.160941183156
13     37     0.160948709627
14     37     0.160974747312
15     37     0.161097159447
16     37     0.1616001376
17     37     0.163406027957
18     37     0.16915204273
19     37     0.185379958271
20     37     0.226573897721
21     37     0.320427120932
22     37     0.514390448902
23     37     0.877036044327
24     37     1.49566676593
25     37     2.45586693894
26     37     3.82036192163
27     37     5.59175887186
28     37     7.70056476499
29     37     10
30     37     7.70056476499
31     37     5.59175887186
32     37     3.82036192163
33     37     2.45586693894
34     37     1.49566676593
35     37     0.877036044327
36     37     0.514390448902
37     37     0.320427120932
38     37     0.226573897721
39     37     0.185379958271
40     37     0.16915204273
41     37     0.163406027957
42     37     0.1616001376
43     37     0.161097159447
44     37     0.160974813409
45     37     0.160948951984
46     37     0.160944079696
47     37     0.160940488666
48     37     0.160931179386
49     37     0.1608787399
50     37     0.160735109065
51     37     0.160213560467
52     37     0.158996241753
53     37     0.155818426069
54     37     0.149573042027
55     37     0.137192480734
56     37     0.117084773001
57     37     0.0863394798353
58     37     0.0463653955376
59     37     0

0     38     0
1     38     0.0188976656
2     38     0.0354981463443
3     38     0.0479225117954
4     38     0.0565127976711
5     38     0.0613890073203
6     38     0.0641264132719
7     38     0.0652943999313
8     38     0.0658387887086
9     38     0.0660052597232
10     38     0.0660706319434
11     38     0.0660835219895
12     38     0.0660884984973
13     38     0.0660935305211
14     38     0.0661194415193
15     38     0.0662419693248
16     38     0.0667454119969
17     38     0.0685578056164
18     38     0.0743181275664
19     38     0.090639039758
20     38     0.132010518269
21     38     0.226573897721
22     38     0.421720819427
23     38     0.787621297625
24     38     1.41100915559
25     38     2.38072360132
26     38     3.75745122037
27     38     5.54719712513
28     38     7.67679850007
29     38     10
30     38     7.67679850007
31     38     5.54719712513
32     38     3.75745122037
33     38     2.38072360132
34     38     1.41100915559
35     38     0.787621297625
36     38     0.421720819427
37     38     0.226573897721
38     38     0.132010518269
39     38     0.090639039758
40     38     0.0743181275664
41     38     0.0685578056164
42     38     0.0667454119969
43     38     0.0662419693248
44     38     0.0661194415193
45     38     0.0660936461918
46     38     0.0660889005906
47     38     0.0660878040077
48     38     0.0660834372957
49     38     0.0660706238773
50     38     0.0660052591604
51     38     0.065838788683
52     38     0.0652943999307
53     38     0.0641264132719
54     38     0.0613890073203
55     38     0.0565127976711
56     38     0.0479225117954
57     38     0.0354981463443
58     38     0.0188976656
59     38     0

0     39     0
1     39     0.00709564453643
2     39     0.0132108248857
3     39     0.0179815996256
4     39     0.0210507784738
5     39     0.0229636821285
6     39     0.0238771059657
7     39     0.0243428225963
8     39     0.0245012189856
9     39     0.0245684170585
10     39     0.0245830638329
11     39     0.0245883805133
12     39     0.0245896239795
13     39     0.02459442099
14     39     0.0246202163174
15     39     0.0247427441229
16     39     0.0252464695456
17     39     0.0270595134913
18     39     0.0328282896822
19     39     0.0491661103558
20     39     0.090639039758
21     39     0.185379958271
22     39     0.381177856531
23     39     0.748079837121
24     39     1.37397145107
25     39     2.34708385134
26     39     3.72992778857
27     39     5.52701327513
28     39     7.66640075916
29     39     10
30     39     7.66640075916
31     39     5.52701327513
32     39     3.72992778857
33     39     2.34708385134
34     39     1.37397145107
35     39     0.748079837121
36     39     0.381177856531
37     39     0.185379958271
38     39     0.090639039758
39     39     0.0491661103558
40     39     0.0328282896822
41     39     0.0270595134913
42     39     0.0252464695456
43     39     0.0247427441229
44     39     0.0246202163174
45     39     0.02459442099
46     39     0.0245897910594
47     39     0.0245889294899
48     39     0.0245882958194
49     39     0.0245830557668
50     39     0.0245684164958
51     39     0.02450121896
52     39     0.0243428225957
53     39     0.0238771059657
54     39     0.0229636821285
55     39     0.0210507784738
56     39     0.0179815996256
57     39     0.0132108248857
58     39     0.00709564453643
59     39     0

0     40     0
1     40     0.00239040583836
2     40     0.00450054539328
3     40     0.00605246515647
4     40     0.00713276173087
5     40     0.00771396114374
6     40     0.00804002738391
7     40     0.00816383824088
8     40     0.0082208720255
9     40     0.00823469951456
10     40     0.0082400111728
11     40     0.008240716449
12     40     0.00824161143441
13     40     0.00824624136499
14     40     0.00827203669246
15     40     0.00839456449796
16     40     0.00889828992058
17     40     0.010711701442
18     40     0.0164812462003
19     40     0.0328282896822
20     40     0.0743181275664
21     40     0.16915204273
22     40     0.365100166349
23     40     0.732502898135
24     40     1.35910987093
25     40     2.33383182862
26     40     3.71871453845
27     40     5.51906206144
28     40     7.6621193363
29     40     10
30     40     7.6621193363
31     40     5.51906206144
32     40     3.71871453845
33     40     2.33383182862
34     40     1.35910987093
35     40     0.732502898135
36     40     0.365100166349
37     40     0.16915204273
38     40     0.0743181275664
39     40     0.0328282896822
40     40     0.0164812462003
41     40     0.010711701442
42     40     0.00889828992058
43     40     0.00839456449796
44     40     0.00827203669246
45     40     0.00824624136499
46     40     0.00824161143441
47     40     0.00824091694483
48     40     0.00824063175514
49     40     0.00824000310672
50     40     0.00823469895181
51     40     0.00822087199992
52     40     0.00816383824031
53     40     0.00804002738391
54     40     0.00771396114374
55     40     0.00713276173087
56     40     0.00605246515647
57     40     0.00450054539328
58     40     0.00239040583836
59     40     0

0     41     0
1     41     0.000735765775062
2     41     0.00136146804266
3     41     0.00185058622492
4     41     0.00214981660292
5     41     0.00233568988961
6     41     0.00241496811213
7     41     0.00245484227719
8     41     0.00246563266614
9     41     0.00247009554641
10     41     0.00247068600515
11     41     0.00247097119484
12     41     0.00247166568442
13     41     0.002476295615
14     41     0.00250209094247
15     41     0.00262461874797
16     41     0.00312834417059
17     41     0.00494175569202
18     41     0.010711701442
19     41     0.0270595134913
20     41     0.0685578056164
21     41     0.163406027957
22     41     0.359425687461
23     41     0.726935723075
24     41     1.35386460736
25     41     2.3290157796
26     41     3.71475692026
27     41     5.51612382819
28     41     7.66060824527
29     41     10
30     41     7.66060824527
31     41     5.51612382819
32     41     3.71475692026
33     41     2.3290157796
34     41     1.35386460736
35     41     0.726935723075
36     41     0.359425687461
37     41     0.163406027957
38     41     0.0685578056164
39     41     0.0270595134913
40     41     0.010711701442
41     41     0.00494175569202
42     41     0.00312834417059
43     41     0.00262461874797
44     41     0.00250209094247
45     41     0.002476295615
46     41     0.00247166568442
47     41     0.00247097119484
48     41     0.00247088650099
49     41     0.00247067793907
50     41     0.00247009498366
51     41     0.00246563264056
52     41     0.00245484227662
53     41     0.00241496811213
54     41     0.00233568988961
55     41     0.00214981660292
56     41     0.00185058622492
57     41     0.00136146804266
58     41     0.000735765775062
59     41     0

0     42     0
1     42     0.000198582801545
2     42     0.000373761942001
3     42     0.000497205228385
4     42     0.000582661663202
5     42     0.00062397598299
6     42     0.000646804368216
7     42     0.000653738057395
8     42     0.00065684576839
9     42     0.00065729983362
10     42     0.000657474979562
11     42     0.000657559673414
12     42     0.000658254163
13     42     0.000662884093572
14     42     0.000688679421046
15     42     0.000811207226548
16     42     0.00131493264917
17     42     0.00312834417059
18     42     0.00889828992058
19     42     0.0252464695456
20     42     0.0667454119969
21     42     0.1616001376
22     42     0.357630016516
23     42     0.725186039484
24     42     1.35217930266
25     42     2.32750216108
26     42     3.71345789828
27     42     5.51520037545
28     42     7.6601045369
29     42     10
30     42     7.6601045369
31     42     5.51520037545
32     42     3.71345789828
33     42     2.32750216108
34     42     1.35217930266
35     42     0.725186039484
36     42     0.357630016516
37     42     0.1616001376
38     42     0.0667454119969
39     42     0.0252464695456
40     42     0.00889828992058
41     42     0.00312834417059
42     42     0.00131493264917
43     42     0.000811207226548
44     42     0.000688679421046
45     42     0.000662884093572
46     42     0.000658254163
47     42     0.000657559673414
48     42     0.000657474979562
49     42     0.000657466913481
50     42     0.00065729927087
51     42     0.00065684574281
52     42     0.000653738056826
53     42     0.000646804368216
54     42     0.00062397598299
55     42     0.000582661663202
56     42     0.000497205228385
57     42     0.000373761942001
58     42     0.000198582801545
59     42     0

0     43     0
1     43     4.85845049525e-05
2     43     8.87682500661e-05
3     43     0.000119983176887
4     43     0.000137315907978
5     43     0.000147910056398
6     43     0.000151553073806
7     43     0.000153333301114
8     43     0.00015362525744
9     43     0.000153741490863
10     43     0.000153749556944
11     43     0.000153834250796
12     43     0.000154528740381
13     43     0.000159158670954
14     43     0.000184953998428
15     43     0.000307481803929
16     43     0.000811207226548
17     43     0.00262461874797
18     43     0.00839456449796
19     43     0.0247427441229
20     43     0.0662419693248
21     43     0.161097159447
22     43     0.357131219031
23     43     0.72469336208
24     43     1.35171114899
25     43     2.3270661417
26     43     3.71309700244
27     43     5.51492779065
28     43     7.65996457301
29     43     10
30     43     7.65996457301
31     43     5.51492779065
32     43     3.71309700244
33     43     2.3270661417
34     43     1.35171114899
35     43     0.72469336208
36     43     0.357131219031
37     43     0.161097159447
38     43     0.0662419693248
39     43     0.0247427441229
40     43     0.00839456449796
41     43     0.00262461874797
42     43     0.000811207226548
43     43     0.000307481803929
44     43     0.000184953998428
45     43     0.000159158670954
46     43     0.000154528740381
47     43     0.000153834250796
48     43     0.000153749556944
49     43     0.000153741490863
50     43     0.000153740928113
51     43     0.00015362523186
52     43     0.000153333300545
53     43     0.000151553073806
54     43     0.000147910056398
55     43     0.000137315907978
56     43     0.000119983176887
57     43     8.87682500661e-05
58     43     4.85845049525e-05
59     43     0

0     44     0
1     44     1.00828026461e-05
2     44     1.89350453184e-05
3     44     2.46924906833e-05
4     44     2.86154056539e-05
5     44     3.01626965893e-05
6     44     3.09927713715e-05
7     44     3.1146999504e-05
8     44     3.1213122611e-05
9     44     3.12136853609e-05
10     44     3.1221751442e-05
11     44     3.13064452939e-05
12     44     3.20009348798e-05
13     44     3.6630865452e-05
14     44     6.24261929261e-05
15     44     0.000184953998428
16     44     0.000688679421046
17     44     0.00250209094247
18     44     0.00827203669246
19     44     0.0246202163174
20     44     0.0661194415193
21     44     0.160974813409
22     44     0.35700912086
23     44     0.724573477625
24     44     1.35159411885
25     44     2.32695981682
26     44     3.71300354629
27     44     5.51486105225
28     44     7.65992730187
29     44     10
30     44     7.65992730187
31     44     5.51486105225
32     44     3.71300354629
33     44     2.32695981682
34     44     1.35159411885
35     44     0.724573477625
36     44     0.35700912086
37     44     0.160974813409
38     44     0.0661194415193
39     44     0.0246202163174
40     44     0.00827203669246
41     44     0.00250209094247
42     44     0.000688679421046
43     44     0.000184953998428
44     44     6.24261929261e-05
45     44     3.6630865452e-05
46     44     3.20009348798e-05
47     44     3.13064452939e-05
48     44     3.1221751442e-05
49     44     3.12136853609e-05
50     44     3.1213122611e-05
51     44     3.12130970315e-05
52     44     3.11469989356e-05
53     44     3.09927713715e-05
54     44     3.01626965893e-05
55     44     2.86154056539e-05
56     44     2.46924906833e-05
57     44     1.89350453184e-05
58     44     1.00828026461e-05
59     44     0

0     45     0
1     45     1.88003468793e-06
2     45     3.35697677656e-06
3     45     4.48863829661e-06
4     45     5.01081558468e-06
5     45     5.32082594873e-06
6     45     5.38692347618e-06
7     45     5.41776955743e-06
8     45     5.41779513696e-06
9     45     5.41835788681e-06
10     45     5.42642396795e-06
11     45     5.51111781988e-06
12     45     6.20560740572e-06
13     45     1.0835537978e-05
14     45     3.6630865452e-05
15     45     0.000159158670954
16     45     0.000662884093572
17     45     0.002476295615
18     45     0.00824624136499
19     45     0.02459442099
20     45     0.0660936461918
21     45     0.160948951984
22     45     0.3569833035
23     45     0.724547195929
24     45     1.35156855976
25     45     2.32693383661
26     45     3.7129815079
27     45     5.51484237938
28     45     7.65991786854
29     45     10
30     45     7.65991786854
31     45     5.51484237938
32     45     3.7129815079
33     45     2.32693383661
34     45     1.35156855976
35     45     0.724547195929
36     45     0.3569833035
37     45     0.160948951984
38     45     0.0660936461918
39     45     0.02459442099
40     45     0.00824624136499
41     45     0.002476295615
42     45     0.000662884093572
43     45     0.000159158670954
44     45     3.6630865452e-05
45     45     1.0835537978e-05
46     45     6.20560740572e-06
47     45     5.51111781988e-06
48     45     5.42642396795e-06
49     45     5.41835788681e-06
50     45     5.41779513696e-06
51     45     5.41776955743e-06
52     45     5.41776898899e-06
53     45     5.38692347618e-06
54     45     5.32082594873e-06
55     45     5.01081558468e-06
56     45     4.48863829661e-06
57     45     3.35697677656e-06
58     45     1.88003468793e-06
59     45     0

0     46     0
1     46     2.81612528852e-07
2     46     5.26695203007e-07
3     46     6.63171135784e-07
4     46     7.53688027544e-07
5     46     7.76271349423e-07
6     46     7.87838416727e-07
7     46     7.87838985161e-07
8     46     7.878645647e-07
9     46     7.88427314546e-07
10     46     7.96493395683e-07
11     46     8.81187247614e-07
12     46     1.57567683345e-06
13     46     6.20560740572e-06
14     46     3.20009348798e-05
15     46     0.000154528740381
16     46     0.000658254163
17     46     0.00247166568442
18     46     0.00824161143441
19     46     0.0245897910594
20     46     0.0660889005906
21     46     0.160944079696
22     46     0.356977066298
23     46     0.724540022954
24     46     1.35155610295
25     46     2.3269202531
26     46     3.71296135623
27     46     5.5148271402
28     46     7.65990623571
29     46     10
30     46     7.65990623571
31     46     5.5148271402
32     46     3.71296135623
33     46     2.3269202531
34     46     1.35155610295
35     46     0.724540022954
36     46     0.356977066298
37     46     0.160944079696
38     46     0.0660889005906
39     46     0.0245897910594
40     46     0.00824161143441
41     46     0.00247166568442
42     46     0.000658254163
43     46     0.000154528740381
44     46     3.20009348798e-05
45     46     6.20560740572e-06
46     46     1.57567683345e-06
47     46     8.81187247614e-07
48     46     7.96493395683e-07
49     46     7.88427314546e-07
50     46     7.878645647e-07
51     46     7.87838985161e-07
52     46     7.87838416727e-07
53     46     7.87838416727e-07
54     46     7.76271349423e-07
55     46     7.53688027544e-07
56     46     6.63171135784e-07
57     46     5.26695203007e-07
58     46     2.81612528852e-07
59     46     0

0     47     0
1     47     3.74865294361e-08
2     47     6.40483222014e-08
3     47     8.39526137497e-08
4     47     8.99467522686e-08
5     47     9.33488308874e-08
6     47     9.33488308874e-08
7     47     9.33493993216e-08
8     47     9.33749788601e-08
9     47     9.39377287068e-08
10     47     1.02003809843e-07
11     47     1.86697661775e-07
12     47     8.81187247614e-07
13     47     5.51111781988e-06
14     47     3.13064452939e-05
15     47     0.000153834250796
16     47     0.000657559673414
17     47     0.00247097119484
18     47     0.00824091694483
19     47     0.0245889294899
20     47     0.0660878040077
21     47     0.160940488666
22     47     0.356970938533
23     47     0.724520848311
24     47     1.35152901082
25     47     2.32686605294
26     47     3.71290641799
27     47     5.5147624242
28     47     7.65987251698
29     47     10
30     47     7.65987251698
31     47     5.5147624242
32     47     3.71290641799
33     47     2.32686605294
34     47     1.35152901082
35     47     0.724520848311
36     47     0.356970938533
37     47     0.160940488666
38     47     0.0660878040077
39     47     0.0245889294899
40     47     0.00824091694483
41     47     0.00247097119484
42     47     0.000657559673414
43     47     0.000153834250796
44     47     3.13064452939e-05
45     47     5.51111781988e-06
46     47     8.81187247614e-07
47     47     1.86697661775e-07
48     47     1.02003809843e-07
49     47     9.39377287068e-08
50     47     9.33749788601e-08
51     47     9.33493993216e-08
52     47     9.33488308874e-08
53     47     9.33488308874e-08
54     47     9.33488308874e-08
55     47     8.99467522686e-08
56     47     8.39526137497e-08
57     47     6.40483222014e-08
58     47     3.74865294361e-08
59     47     0

0     48     0
1     48     3.61126240023e-09
2     48     6.71093403071e-09
3     48     7.8989614849e-09
4     48     8.65497895575e-09
5     48     8.65497895575e-09
6     48     8.65497895575e-09
7     48     8.65554738994e-09
8     48     8.68112692842e-09
9     48     9.24387677514e-09
10     48     1.73099579115e-08
11     48     1.02003809843e-07
12     48     7.96493395683e-07
13     48     5.42642396795e-06
14     48     3.1221751442e-05
15     48     0.000153749556944
16     48     0.000657474979562
17     48     0.00247088650099
18     48     0.00824063175514
19     48     0.0245882958194
20     48     0.0660834372957
21     48     0.160931179386
22     48     0.356936336764
23     48     0.724462879406
24     48     1.35139591844
25     48     2.32669907554
26     48     3.7126620812
27     48     5.51456152276
28     48     7.65972893407
29     48     10
30     48     7.65972893407
31     48     5.51456152276
32     48     3.7126620812
33     48     2.32669907554
34     48     1.35139591844
35     48     0.724462879406
36     48     0.356936336764
37     48     0.160931179386
38     48     0.0660834372957
39     48     0.0245882958194
40     48     0.00824063175514
41     48     0.00247088650099
42     48     0.000657474979562
43     48     0.000153749556944
44     48     3.1221751442e-05
45     48     5.42642396795e-06
46     48     7.96493395683e-07
47     48     1.02003809843e-07
48     48     1.73099579115e-08
49     48     9.24387677514e-09
50     48     8.68112692842e-09
51     48     8.65554738994e-09
52     48     8.65497895575e-09
53     48     8.65497895575e-09
54     48     8.65497895575e-09
55     48     8.65497895575e-09
56     48     7.8989614849e-09
57     48     6.71093403071e-09
58     48     3.61126240023e-09
59     48     0

0     49     0
1     49     3.04680725094e-10
2     49     4.6952663979e-10
3     49     5.88897819398e-10
4     49     5.88897819398e-10
5     49     5.88897819398e-10
6     49     5.88897819398e-10
7     49     5.89466253587e-10
8     49     6.15045792074e-10
9     49     1.1777956388e-09
10     49     9.24387677514e-09
11     49     9.39377287068e-08
12     49     7.88427314546e-07
13     49     5.41835788681e-06
14     49     3.12136853609e-05
15     49     0.000153741490863
16     49     0.000657466913481
17     49     0.00247067793907
18     49     0.00824000310672
19     49     0.0245830557668
20     49     0.0660706238773
21     49     0.1608787399
22     49     0.356835034524
23     49     0.724202731744
24     49     1.35100776953
25     49     2.32603307345
26     49     3.71194618953
27     49     5.51380245072
28     49     7.65930511493
29     49     10
30     49     7.65930511493
31     49     5.51380245072
32     49     3.71194618953
33     49     2.32603307345
34     49     1.35100776953
35     49     0.724202731744
36     49     0.356835034524
37     49     0.1608787399
38     49     0.0660706238773
39     49     0.0245830557668
40     49     0.00824000310672
41     49     0.00247067793907
42     49     0.000657466913481
43     49     0.000153741490863
44     49     3.12136853609e-05
45     49     5.41835788681e-06
46     49     7.88427314546e-07
47     49     9.39377287068e-08
48     49     9.24387677514e-09
49     49     1.1777956388e-09
50     49     6.15045792074e-10
51     49     5.89466253587e-10
52     49     5.88897819398e-10
53     49     5.88897819398e-10
54     49     5.88897819398e-10
55     49     5.88897819398e-10
56     49     5.88897819398e-10
57     49     4.6952663979e-10
58     49     3.04680725094e-10
59     49     0

0     50     0
1     50     1.42108547152e-11
2     50     2.6147972676e-11
3     50     2.6147972676e-11
4     50     2.6147972676e-11
5     50     2.6147972676e-11
6     50     2.6147972676e-11
7     50     2.67164068646e-11
8     50     5.22959453519e-11
9     50     6.15045792074e-10
10     50     8.68112692842e-09
11     50     9.33749788601e-08
12     50     7.878645647e-07
13     50     5.41779513696e-06
14     50     3.1213122611e-05
15     50     0.000153740928113
16     50     0.00065729927087
17     50     0.00247009498366
18     50     0.00823469895181
19     50     0.0245684164958
20     50     0.0660052591604
21     50     0.160735109065
22     50     0.356426419522
23     50     0.723494884379
24     50     1.3496201483
25     50     2.32421080368
26     50     3.7095287086
27     50     5.51169897882
28     50     7.65790083448
29     50     10
30     50     7.65790083448
31     50     5.51169897882
32     50     3.7095287086
33     50     2.32421080368
34     50     1.3496201483
35     50     0.723494884379
36     50     0.356426419522
37     50     0.160735109065
38     50     0.0660052591604
39     50     0.0245684164958
40     50     0.00823469895181
41     50     0.00247009498366
42     50     0.00065729927087
43     50     0.000153740928113
44     50     3.1213122611e-05
45     50     5.41779513696e-06
46     50     7.878645647e-07
47     50     9.33749788601e-08
48     50     8.68112692842e-09
49     50     6.15045792074e-10
50     50     5.22959453519e-11
51     50     2.67164068646e-11
52     50     2.6147972676e-11
53     50     2.6147972676e-11
54     50     2.6147972676e-11
55     50     2.6147972676e-11
56     50     2.6147972676e-11
57     50     2.6147972676e-11
58     50     1.42108547152e-11
59     50     0

0     51     0
1     51     5.68434188608e-13
2     51     5.68434188608e-13
3     51     5.68434188608e-13
4     51     5.68434188608e-13
5     51     5.68434188608e-13
6     51     5.68434188608e-13
7     51     1.13686837722e-12
8     51     2.67164068646e-11
9     51     5.89466253587e-10
10     51     8.65554738994e-09
11     51     9.33493993216e-08
12     51     7.87838985161e-07
13     51     5.41776955743e-06
14     51     3.12130970315e-05
15     51     0.00015362523186
16     51     0.00065684574281
17     51     0.00246563264056
18     51     0.00822087199992
19     51     0.02450121896
20     51     0.065838788683
21     51     0.160213560467
22     51     0.35539420715
23     51     0.721217618258
24     51     1.34609372391
25     51     2.31867445821
26     51     3.70327714863
27     51     5.50541939203
28     51     7.65419936945
29     51     10
30     51     7.65419936945
31     51     5.50541939203
32     51     3.70327714863
33     51     2.31867445821
34     51     1.34609372391
35     51     0.721217618258
36     51     0.35539420715
37     51     0.160213560467
38     51     0.065838788683
39     51     0.02450121896
40     51     0.00822087199992
41     51     0.00246563264056
42     51     0.00065684574281
43     51     0.00015362523186
44     51     3.12130970315e-05
45     51     5.41776955743e-06
46     51     7.87838985161e-07
47     51     9.33493993216e-08
48     51     8.65554738994e-09
49     51     5.89466253587e-10
50     51     2.67164068646e-11
51     51     1.13686837722e-12
52     51     5.68434188608e-13
53     51     5.68434188608e-13
54     51     5.68434188608e-13
55     51     5.68434188608e-13
56     51     5.68434188608e-13
57     51     5.68434188608e-13
58     51     5.68434188608e-13
59     51     0

0     52     0
1     52     0.0
2     52     0.0
3     52     0.0
4     52     0.0
5     52     0.0
6     52     0.0
7     52     5.68434188608e-13
8     52     2.6147972676e-11
9     52     5.88897819398e-10
10     52     8.65497895575e-09
11     52     9.33488308874e-08
12     52     7.87838416727e-07
13     52     5.41776898899e-06
14     52     3.11469989356e-05
15     52     0.000153333300545
16     52     0.000653738056826
17     52     0.00245484227662
18     52     0.00816383824031
19     52     0.0243428225957
20     52     0.0652943999307
21     52     0.158996241753
22     52     0.352401497832
23     52     0.715872783803
24     52     1.33643212229
25     52     2.30541096632
26     52     3.68638800326
27     52     5.48991101413
28     52     7.6441065932
29     52     10
30     52     7.6441065932
31     52     5.48991101413
32     52     3.68638800326
33     52     2.30541096632
34     52     1.33643212229
35     52     0.715872783803
36     52     0.352401497832
37     52     0.158996241753
38     52     0.0652943999307
39     52     0.0243428225957
40     52     0.00816383824031
41     52     0.00245484227662
42     52     0.000653738056826
43     52     0.000153333300545
44     52     3.11469989356e-05
45     52     5.41776898899e-06
46     52     7.87838416727e-07
47     52     9.33488308874e-08
48     52     8.65497895575e-09
49     52     5.88897819398e-10
50     52     2.6147972676e-11
51     52     5.68434188608e-13
52     52     0.0
53     52     0.0
54     52     0.0
55     52     0.0
56     52     0.0
57     52     0.0
58     52     0.0
59     52     0

0     53     0
1     53     0.0
2     53     0.0
3     53     0.0
4     53     0.0
5     53     0.0
6     53     0.0
7     53     5.68434188608e-13
8     53     2.6147972676e-11
9     53     5.88897819398e-10
10     53     8.65497895575e-09
11     53     9.33488308874e-08
12     53     7.87838416727e-07
13     53     5.38692347618e-06
14     53     3.09927713715e-05
15     53     0.000151553073806
16     53     0.000646804368216
17     53     0.00241496811213
18     53     0.00804002738391
19     53     0.0238771059657
20     53     0.0641264132719
21     53     0.155818426069
22     53     0.345953737042
23     53     0.702678538719
24     53     1.31516333017
25     53     2.27302696396
26     53     3.6477385333
27     53     5.45123640056
28     53     7.61997454797
29     53     10
30     53     7.61997454797
31     53     5.45123640056
32     53     3.6477385333
33     53     2.27302696396
34     53     1.31516333017
35     53     0.702678538719
36     53     0.345953737042
37     53     0.155818426069
38     53     0.0641264132719
39     53     0.0238771059657
40     53     0.00804002738391
41     53     0.00241496811213
42     53     0.000646804368216
43     53     0.000151553073806
44     53     3.09927713715e-05
45     53     5.38692347618e-06
46     53     7.87838416727e-07
47     53     9.33488308874e-08
48     53     8.65497895575e-09
49     53     5.88897819398e-10
50     53     2.6147972676e-11
51     53     5.68434188608e-13
52     53     0.0
53     53     0.0
54     53     0.0
55     53     0.0
56     53     0.0
57     53     0.0
58     53     0.0
59     53     0

0     54     0
1     54     0.0
2     54     0.0
3     54     0.0
4     54     0.0
5     54     0.0
6     54     0.0
7     54     5.68434188608e-13
8     54     2.6147972676e-11
9     54     5.88897819398e-10
10     54     8.65497895575e-09
11     54     9.33488308874e-08
12     54     7.76271349423e-07
13     54     5.32082594873e-06
14     54     3.01626965893e-05
15     54     0.000147910056398
16     54     0.00062397598299
17     54     0.00233568988961
18     54     0.00771396114374
19     54     0.0229636821285
20     54     0.0613890073203
21     54     0.149573042027
22     54     0.331656565621
23     54     0.676216461452
24     54     1.26846180003
25     54     2.2052555812
26     54     3.56029293296
27     54     5.36492522898
28     54     7.5623111465
29     54     10
30     54     7.5623111465
31     54     5.36492522898
32     54     3.56029293296
33     54     2.2052555812
34     54     1.26846180003
35     54     0.676216461452
36     54     0.331656565621
37     54     0.149573042027
38     54     0.0613890073203
39     54     0.0229636821285
40     54     0.00771396114374
41     54     0.00233568988961
42     54     0.00062397598299
43     54     0.000147910056398
44     54     3.01626965893e-05
45     54     5.32082594873e-06
46     54     7.76271349423e-07
47     54     9.33488308874e-08
48     54     8.65497895575e-09
49     54     5.88897819398e-10
50     54     2.6147972676e-11
51     54     5.68434188608e-13
52     54     0.0
53     54     0.0
54     54     0.0
55     54     0.0
56     54     0.0
57     54     0.0
58     54     0.0
59     54     0

0     55     0
1     55     0.0
2     55     0.0
3     55     0.0
4     55     0.0
5     55     0.0
6     55     0.0
7     55     5.68434188608e-13
8     55     2.6147972676e-11
9     55     5.88897819398e-10
10     55     8.65497895575e-09
11     55     8.99467522686e-08
12     55     7.53688027544e-07
13     55     5.01081558468e-06
14     55     2.86154056539e-05
15     55     0.000137315907978
16     55     0.000582661663202
17     55     0.00214981660292
18     55     0.00713276173087
19     55     0.0210507784738
20     55     0.0565127976711
21     55     0.137192480734
22     55     0.305752203697
23     55     0.624321646156
24     55     1.18029172084
25     55     2.06793254502
26     55     3.3824470741
27     55     5.17573684896
28     55     7.43219814705
29     55     10
30     55     7.43219814705
31     55     5.17573684896
32     55     3.3824470741
33     55     2.06793254502
34     55     1.18029172084
35     55     0.624321646156
36     55     0.305752203697
37     55     0.137192480734
38     55     0.0565127976711
39     55     0.0210507784738
40     55     0.00713276173087
41     55     0.00214981660292
42     55     0.000582661663202
43     55     0.000137315907978
44     55     2.86154056539e-05
45     55     5.01081558468e-06
46     55     7.53688027544e-07
47     55     8.99467522686e-08
48     55     8.65497895575e-09
49     55     5.88897819398e-10
50     55     2.6147972676e-11
51     55     5.68434188608e-13
52     55     0.0
53     55     0.0
54     55     0.0
55     55     0.0
56     55     0.0
57     55     0.0
58     55     0.0
59     55     0

0     56     0
1     56     0.0
2     56     0.0
3     56     0.0
4     56     0.0
5     56     0.0
6     56     0.0
7     56     5.68434188608e-13
8     56     2.6147972676e-11
9     56     5.88897819398e-10
10     56     7.8989614849e-09
11     56     8.39526137497e-08
12     56     6.63171135784e-07
13     56     4.48863829661e-06
14     56     2.46924906833e-05
15     56     0.000119983176887
16     56     0.000497205228385
17     56     0.00185058622492
18     56     0.00605246515647
19     56     0.0179815996256
20     56     0.0479225117954
21     56     0.117084773001
22     56     0.260727331291
23     56     0.537039450467
24     56     1.02256998824
25     56     1.81965908311
26     56     3.03586769819
27     56     4.7855260497
28     56     7.13549183983
29     56     10
30     56     7.13549183983
31     56     4.7855260497
32     56     3.03586769819
33     56     1.81965908311
34     56     1.02256998824
35     56     0.537039450467
36     56     0.260727331291
37     56     0.117084773001
38     56     0.0479225117954
39     56     0.0179815996256
40     56     0.00605246515647
41     56     0.00185058622492
42     56     0.000497205228385
43     56     0.000119983176887
44     56     2.46924906833e-05
45     56     4.48863829661e-06
46     56     6.63171135784e-07
47     56     8.39526137497e-08
48     56     7.8989614849e-09
49     56     5.88897819398e-10
50     56     2.6147972676e-11
51     56     5.68434188608e-13
52     56     0.0
53     56     0.0
54     56     0.0
55     56     0.0
56     56     0.0
57     56     0.0
58     56     0.0
59     56     0

0     57     0
1     57     0.0
2     57     0.0
3     57     0.0
4     57     0.0
5     57     0.0
6     57     0.0
7     57     5.68434188608e-13
8     57     2.6147972676e-11
9     57     4.6952663979e-10
10     57     6.71093403071e-09
11     57     6.40483222014e-08
12     57     5.26695203007e-07
13     57     3.35697677656e-06
14     57     1.89350453184e-05
15     57     8.87682500661e-05
16     57     0.000373761942001
17     57     0.00136146804266
18     57     0.00450054539328
19     57     0.0132108248857
20     57     0.0354981463443
21     57     0.0863394798353
22     57     0.193942134301
23     57     0.400961124399
24     57     0.774447997114
25     57     1.40265210416
26     57     2.41672735761
27     57     4.00254251913
28     57     6.44588431879
29     57     10
30     57     6.44588431879
31     57     4.00254251913
32     57     2.41672735761
33     57     1.40265210416
34     57     0.774447997114
35     57     0.400961124399
36     57     0.193942134301
37     57     0.0863394798353
38     57     0.0354981463443
39     57     0.0132108248857
40     57     0.00450054539328
41     57     0.00136146804266
42     57     0.000373761942001
43     57     8.87682500661e-05
44     57     1.89350453184e-05
45     57     3.35697677656e-06
46     57     5.26695203007e-07
47     57     6.40483222014e-08
48     57     6.71093403071e-09
49     57     4.6952663979e-10
50     57     2.6147972676e-11
51     57     5.68434188608e-13
52     57     0.0
53     57     0.0
54     57     0.0
55     57     0.0
56     57     0.0
57     57     0.0
58     57     0.0
59     57     0

0     58     0
1     58     0.0
2     58     0.0
3     58     0.0
4     58     0.0
5     58     0.0
6     58     0.0
7     58     5.68434188608e-13
8     58     1.42108547152e-11
9     58     3.04680725094e-10
10     58     3.61126240023e-09
11     58     3.74865294361e-08
12     58     2.81612528852e-07
13     58     1.88003468793e-06
14     58     1.00828026461e-05
15     58     4.85845049525e-05
16     58     0.000198582801545
17     58     0.000735765775062
18     58     0.00239040583836
19     58     0.00709564453643
20     58     0.0188976656
21     58     0.0463653955376
22     58     0.103990701637
23     58     0.21724624032
24     58     0.423448797549
25     58     0.78462270596
26     58     1.40481428572
27     58     2.51495266107
28     58     4.72891399475
29     58     10
30     58     4.72891399475
31     58     2.51495266107
32     58     1.40481428572
33     58     0.78462270596
34     58     0.423448797549
35     58     0.21724624032
36     58     0.103990701637
37     58     0.0463653955376
38     58     0.0188976656
39     58     0.00709564453643
40     58     0.00239040583836
41     58     0.000735765775062
42     58     0.000198582801545
43     58     4.85845049525e-05
44     58     1.00828026461e-05
45     58     1.88003468793e-06
46     58     2.81612528852e-07
47     58     3.74865294361e-08
48     58     3.61126240023e-09
49     58     3.04680725094e-10
50     58     1.42108547152e-11
51     58     5.68434188608e-13
52     58     0.0
53     58     0.0
54     58     0.0
55     58     0.0
56     58     0.0
57     58     0.0
58     58     0.0
59     58     0

0     59     0
1     59     0
2     59     0
3     59     0
4     59     0
5     59     0
6     59     0
7     59     0
8     59     0
9     59     0
10     59     0
11     59     0
12     59     0
13     59     0
14     59     0
15     59     0
16     59     0
17     59     0
18     59     0
19     59     0
20     59     0
21     59     0
22     59     0
23     59     0
24     59     0
25     59     0
26     59     0
27     59     0
28     59     0
29     59     0
30     59     0
31     59     0
32     59     0
33     59     0
34     59     0
35     59     0
36     59     0
37     59     0
38     59     0
39     59     0
40     59     0
41     59     0
42     59     0
43     59     0
44     59     0
45     59     0
46     59     0
47     59     0
48     59     0
49     59     0
50     59     0
51     59     0
52     59     0
53     59     0
54     59     0
55     59     0
56     59     0
57     59     0
58     59     0
59     59     0

