0     0     0
1     0     0
2     0     0
3     0     0
4     0     0
5     0     0
6     0     0
7     0     0
8     0     0
9     0     0
10     0     0
11     0     0
12     0     0
13     0     0
14     0     0
15     0     0
16     0     0
17     0     0
18     0     0
19     0     0
20     0     0
21     0     0
22     0     0
23     0     0
24     0     0
25     0     0
26     0     0
27     0     0
28     0     0
29     0     0
30     0     0
31     0     0
32     0     0
33     0     0
34     0     0
35     0     0
36     0     0
37     0     0
38     0     0
39     0     0
40     0     0
41     0     0
42     0     0
43     0     0
44     0     0
45     0     0
46     0     0
47     0     0
48     0     0
49     0     0
50     0     0
51     0     0
52     0     0
53     0     0
54     0     0
55     0     0
56     0     0
57     0     0
58     0     0
59     0     0

0     1     0
1     1     0.0
2     1     0.0
3     1     0.0
4     1     0.0
5     1     0.0
6     1     0.0
7     1     0.0
8     1     0.0
9     1     0.0
10     1     0.0
11     1     0.0
12     1     0.0
13     1     0.0
14     1     0.0
15     1     0.0
16     1     0.0
17     1     5.96046447754e-07
18     1     8.94069671631e-06
19     1     0.000104904174805
20     1     0.000714063644409
21     1     0.00400066375732
22     1     0.0167238712311
23     1     0.0594806671143
24     1     0.174462199211
25     1     0.449892878532
26     1     1.0259115696
27     1     2.17845916748
28     1     4.52745914459
29     1     10
30     1     4.52745914459
31     1     2.17845916748
32     1     1.0259115696
33     1     0.449892878532
34     1     0.174462199211
35     1     0.0594806671143
36     1     0.0167238712311
37     1     0.00400066375732
38     1     0.000714063644409
39     1     0.000104904174805
40     1     8.94069671631e-06
41     1     5.96046447754e-07
42     1     0.0
43     1     0.0
44     1     0.0
45     1     0.0
46     1     0.0
47     1     0.0
48     1     0.0
49     1     0.0
50     1     0.0
51     1     0.0
52     1     0.0
53     1     0.0
54     1     0.0
55     1     0.0
56     1     0.0
57     1     0.0
58     1     0.0
59     1     0

0     2     0
1     2     0.0
2     2     0.0
3     2     0.0
4     2     0.0
5     2     0.0
6     2     0.0
7     2     0.0
8     2     0.0
9     2     0.0
10     2     0.0
11     2     0.0
12     2     0.0
13     2     0.0
14     2     0.0
15     2     0.0
16     2     0.0
17     2     5.96046447754e-07
18     2     1.54972076416e-05
19     2     0.000161528587341
20     2     0.00126123428345
21     2     0.00674724578857
22     2     0.0296664237976
23     2     0.102991461754
24     2     0.305672883987
25     2     0.76796233654
26     2     1.70312643051
27     2     3.36298346519
28     2     6.06638908386
29     2     10
30     2     6.06638908386
31     2     3.36298346519
32     2     1.70312643051
33     2     0.76796233654
34     2     0.305672883987
35     2     0.102991461754
36     2     0.0296664237976
37     2     0.00674724578857
38     2     0.00126123428345
39     2     0.000161528587341
40     2     1.54972076416e-05
41     2     5.96046447754e-07
42     2     0.0
43     2     0.0
44     2     0.0
45     2     0.0
46     2     0.0
47     2     0.0
48     2     0.0
49     2     0.0
50     2     0.0
51     2     0.0
52     2     0.0
53     2     0.0
54     2     0.0
55     2     0.0
56     2     0.0
57     2     0.0
58     2     0.0
59     2     0

0     3     0
1     3     0.0
2     3     0.0
3     3     0.0
4     3     0.0
5     3     0.0
6     3     0.0
7     3     0.0
8     3     0.0
9     3     0.0
10     3     0.0
11     3     0.0
12     3     0.0
13     3     0.0
14     3     0.0
15     3     0.0
16     3     0.0
17     3     5.96046447754e-07
18     3     1.54972076416e-05
19     3     0.000194311141968
20     3     0.00146687030792
21     3     0.00842571258545
22     3     0.0363546609879
23     3     0.129655599594
24     3     0.378855466843
25     3     0.950686335564
26     3     2.05224514008
27     3     3.90899419785
28     3     6.61138415337
29     3     10
30     3     6.61138415337
31     3     3.90899419785
32     3     2.05224514008
33     3     0.950686335564
34     3     0.378855466843
35     3     0.129655599594
36     3     0.0363546609879
37     3     0.00842571258545
38     3     0.00146687030792
39     3     0.000194311141968
40     3     1.54972076416e-05
41     3     5.96046447754e-07
42     3     0.0
43     3     0.0
44     3     0.0
45     3     0.0
46     3     0.0
47     3     0.0
48     3     0.0
49     3     0.0
50     3     0.0
51     3     0.0
52     3     0.0
53     3     0.0
54     3     0.0
55     3     0.0
56     3     0.0
57     3     0.0
58     3     0.0
59     3     0

0     4     0
1     4     0.0
2     4     0.0
3     4     0.0
4     4     0.0
5     4     0.0
6     4     0.0
7     4     0.0
8     4     0.0
9     4     0.0
10     4     0.0
11     4     0.0
12     4     0.0
13     4     0.0
14     4     0.0
15     4     0.0
16     4     0.0
17     4     5.96046447754e-07
18     4     1.54972076416e-05
19     4     0.000194311141968
20     4     0.0015652179718
21     4     0.00890851020813
22     4     0.0397217273712
23     4     0.140546560287
24     4     0.415369272232
25     4     1.03121936321
26     4     2.21153497696
27     4     4.12690877914
28     4     6.80768251419
29     4     10
30     4     6.80768251419
31     4     4.12690877914
32     4     2.21153497696
33     4     1.03121936321
34     4     0.415369272232
35     4     0.140546560287
36     4     0.0397217273712
37     4     0.00890851020813
38     4     0.0015652179718
39     4     0.000194311141968
40     4     1.54972076416e-05
41     4     5.96046447754e-07
42     4     0.0
43     4     0.0
44     4     0.0
45     4     0.0
46     4     0.0
47     4     0.0
48     4     0.0
49     4     0.0
50     4     0.0
51     4     0.0
52     4     0.0
53     4     0.0
54     4     0.0
55     4     0.0
56     4     0.0
57     4     0.0
58     4     0.0
59     4     0

0     5     0
1     5     0.0
2     5     0.0
3     5     0.0
4     5     0.0
5     5     0.0
6     5     0.0
7     5     0.0
8     5     0.0
9     5     0.0
10     5     0.0
11     5     0.0
12     5     0.0
13     5     0.0
14     5     0.0
15     5     0.0
16     5     0.0
17     5     5.96046447754e-07
18     5     1.54972076416e-05
19     5     0.000194311141968
20     5     0.0015652179718
21     5     0.00910520553589
22     5     0.0404977798462
23     5     0.145181417465
24     5     0.427502393723
25     5     1.06483161449
26     5     2.26863384247
27     5     4.20947790146
28     5     6.87215745449
29     5     10
30     5     6.87215745449
31     5     4.20947790146
32     5     2.26863384247
33     5     1.06483161449
34     5     0.427502393723
35     5     0.145181417465
36     5     0.0404977798462
37     5     0.00910520553589
38     5     0.0015652179718
39     5     0.000194311141968
40     5     1.54972076416e-05
41     5     5.96046447754e-07
42     5     0.0
43     5     0.0
44     5     0.0
45     5     0.0
46     5     0.0
47     5     0.0
48     5     0.0
49     5     0.0
50     5     0.0
51     5     0.0
52     5     0.0
53     5     0.0
54     5     0.0
55     5     0.0
56     5     0.0
57     5     0.0
58     5     0.0
59     5     0

0     6     0
1     6     0.0
2     6     0.0
3     6     0.0
4     6     0.0
5     6     0.0
6     6     0.0
7     6     0.0
8     6     0.0
9     6     0.0
10     6     0.0
11     6     0.0
12     6     0.0
13     6     0.0
14     6     0.0
15     6     0.0
16     6     0.0
17     6     5.96046447754e-07
18     6     1.54972076416e-05
19     6     0.000194311141968
20     6     0.0015652179718
21     6     0.00910520553589
22     6     0.0407731533051
23     6     0.146057605743
24     6     0.431958436966
25     6     1.07406318188
26     6     2.28906393051
27     6     4.23401892185
28     6     6.89338088036
29     6     10
30     6     6.89338088036
31     6     4.23401892185
32     6     2.28906393051
33     6     1.07406318188
34     6     0.431958436966
35     6     0.146057605743
36     6     0.0407731533051
37     6     0.00910520553589
38     6     0.0015652179718
39     6     0.000194311141968
40     6     1.54972076416e-05
41     6     5.96046447754e-07
42     6     0.0
43     6     0.0
44     6     0.0
45     6     0.0
46     6     0.0
47     6     0.0
48     6     0.0
49     6     0.0
50     6     0.0
51     6     0.0
52     6     0.0
53     6     0.0
54     6     0.0
55     6     0.0
56     6     0.0
57     6     0.0
58     6     0.0
59     6     0

0     7     0
1     7     0.0
2     7     0.0
3     7     0.0
4     7     0.0
5     7     0.0
6     7     0.0
7     7     0.0
8     7     0.0
9     7     0.0
10     7     0.0
11     7     0.0
12     7     0.0
13     7     0.0
14     7     0.0
15     7     0.0
16     7     0.0
17     7     5.96046447754e-07
18     7     1.54972076416e-05
19     7     0.000194311141968
20     7     0.0015652179718
21     7     0.00910520553589
22     7     0.0407731533051
23     7     0.146332979202
24     7     0.43265581131
25     7     1.07703864574
26     7     2.29372084141
27     7     4.24171328545
28     7     6.89863443375
29     7     10
30     7     6.89863443375
31     7     4.24171328545
32     7     2.29372084141
33     7     1.07703864574
34     7     0.43265581131
35     7     0.146332979202
36     7     0.0407731533051
37     7     0.00910520553589
38     7     0.0015652179718
39     7     0.000194311141968
40     7     1.54972076416e-05
41     7     5.96046447754e-07
42     7     0.0
43     7     0.0
44     7     0.0
45     7     0.0
46     7     0.0
47     7     0.0
48     7     0.0
49     7     0.0
50     7     0.0
51     7     0.0
52     7     0.0
53     7     0.0
54     7     0.0
55     7     0.0
56     7     0.0
57     7     0.0
58     7     0.0
59     7     0

0     8     0
1     8     0.0
2     8     0.0
3     8     0.0
4     8     0.0
5     8     0.0
6     8     0.0
7     8     0.0
8     8     0.0
9     8     0.0
10     8     0.0
11     8     0.0
12     8     0.0
13     8     0.0
14     8     0.0
15     8     0.0
16     8     0.0
17     8     5.96046447754e-07
18     8     1.54972076416e-05
19     8     0.000194311141968
20     8     0.0015652179718
21     8     0.00910520553589
22     8     0.0407731533051
23     8     0.146332979202
24     8     0.432852506638
25     8     1.0774230957
26     8     2.2950565815
27     8     4.24315333366
28     8     6.90010666847
29     8     10
30     8     6.90010666847
31     8     4.24315333366
32     8     2.2950565815
33     8     1.0774230957
34     8     0.432852506638
35     8     0.146332979202
36     8     0.0407731533051
37     8     0.00910520553589
38     8     0.0015652179718
39     8     0.000194311141968
40     8     1.54972076416e-05
41     8     5.96046447754e-07
42     8     0.0
43     8     0.0
44     8     0.0
45     8     0.0
46     8     0.0
47     8     0.0
48     8     0.0
49     8     0.0
50     8     0.0
51     8     0.0
52     8     0.0
53     8     0.0
54     8     0.0
55     8     0.0
56     8     0.0
57     8     0.0
58     8     0.0
59     8     0

0     9     0
1     9     0.0
2     9     0.0
3     9     0.0
4     9     0.0
5     9     0.0
6     9     0.0
7     9     0.0
8     9     0.0
9     9     0.0
10     9     0.0
11     9     0.0
12     9     0.0
13     9     0.0
14     9     0.0
15     9     0.0
16     9     0.0
17     9     5.96046447754e-07
18     9     1.54972076416e-05
19     9     0.000194311141968
20     9     0.0015652179718
21     9     0.00910520553589
22     9     0.0407731533051
23     9     0.146332979202
24     9     0.432852506638
25     9     1.07752144337
26     9     2.29519665241
27     9     4.24352526665
28     9     6.90032482147
29     9     10
30     9     6.90032482147
31     9     4.24352526665
32     9     2.29519665241
33     9     1.07752144337
34     9     0.432852506638
35     9     0.146332979202
36     9     0.0407731533051
37     9     0.00910520553589
38     9     0.0015652179718
39     9     0.000194311141968
40     9     1.54972076416e-05
41     9     5.96046447754e-07
42     9     0.0
43     9     0.0
44     9     0.0
45     9     0.0
46     9     0.0
47     9     0.0
48     9     0.0
49     9     0.0
50     9     0.0
51     9     0.0
52     9     0.0
53     9     0.0
54     9     0.0
55     9     0.0
56     9     0.0
57     9     0.0
58     9     0.0
59     9     0

0     10     0
1     10     0.0
2     10     0.0
3     10     0.0
4     10     0.0
5     10     0.0
6     10     0.0
7     10     0.0
8     10     0.0
9     10     0.0
10     10     0.0
11     10     0.0
12     10     0.0
13     10     0.0
14     10     0.0
15     10     0.0
16     10     0.0
17     10     5.96046447754e-07
18     10     1.54972076416e-05
19     10     0.000194311141968
20     10     0.0015652179718
21     10     0.00910520553589
22     10     0.0407731533051
23     10     0.146332979202
24     10     0.432852506638
25     10     1.07752144337
26     10     2.29522943497
27     10     4.24355566502
28     10     6.90037608147
29     10     10
30     10     6.90037608147
31     10     4.24355566502
32     10     2.29522943497
33     10     1.07752144337
34     10     0.432852506638
35     10     0.146332979202
36     10     0.0407731533051
37     10     0.00910520553589
38     10     0.0015652179718
39     10     0.000194311141968
40     10     1.54972076416e-05
41     10     5.96046447754e-07
42     10     0.0
43     10     0.0
44     10     0.0
45     10     0.0
46     10     0.0
47     10     0.0
48     10     0.0
49     10     0.0
50     10     0.0
51     10     0.0
52     10     0.0
53     10     0.0
54     10     0.0
55     10     0.0
56     10     0.0
57     10     0.0
58     10     0.0
59     10     0

0     11     0
1     11     0.0
2     11     0.0
3     11     0.0
4     11     0.0
5     11     0.0
6     11     0.0
7     11     0.0
8     11     0.0
9     11     0.0
10     11     0.0
11     11     0.0
12     11     0.0
13     11     0.0
14     11     0.0
15     11     0.0
16     11     0.0
17     11     5.96046447754e-07
18     11     1.54972076416e-05
19     11     0.000194311141968
20     11     0.0015652179718
21     11     0.00910520553589
22     11     0.0407731533051
23     11     0.146332979202
24     11     0.432852506638
25     11     1.07752144337
26     11     2.29522943497
27     11     4.24356222153
28     11     6.9003790617
29     11     10
30     11     6.9003790617
31     11     4.24356222153
32     11     2.29522943497
33     11     1.07752144337
34     11     0.432852506638
35     11     0.146332979202
36     11     0.0407731533051
37     11     0.00910520553589
38     11     0.0015652179718
39     11     0.000194311141968
40     11     1.54972076416e-05
41     11     5.96046447754e-07
42     11     0.0
43     11     0.0
44     11     0.0
45     11     0.0
46     11     0.0
47     11     0.0
48     11     0.0
49     11     0.0
50     11     0.0
51     11     0.0
52     11     0.0
53     11     0.0
54     11     0.0
55     11     0.0
56     11     0.0
57     11     0.0
58     11     0.0
59     11     0

0     12     0
1     12     0.0
2     12     0.0
3     12     0.0
4     12     0.0
5     12     0.0
6     12     0.0
7     12     0.0
8     12     0.0
9     12     0.0
10     12     0.0
11     12     0.0
12     12     0.0
13     12     0.0
14     12     0.0
15     12     0.0
16     12     0.0
17     12     5.96046447754e-07
18     12     1.54972076416e-05
19     12     0.000194311141968
20     12     0.0015652179718
21     12     0.00910520553589
22     12     0.0407731533051
23     12     0.146332979202
24     12     0.432852506638
25     12     1.07752144337
26     12     2.29522943497
27     12     4.24356222153
28     12     6.90037965775
29     12     10
30     12     6.90037965775
31     12     4.24356222153
32     12     2.29522943497
33     12     1.07752144337
34     12     0.432852506638
35     12     0.146332979202
36     12     0.0407731533051
37     12     0.00910520553589
38     12     0.0015652179718
39     12     0.000194311141968
40     12     1.54972076416e-05
41     12     5.96046447754e-07
42     12     0.0
43     12     0.0
44     12     0.0
45     12     0.0
46     12     0.0
47     12     0.0
48     12     0.0
49     12     0.0
50     12     0.0
51     12     0.0
52     12     0.0
53     12     0.0
54     12     0.0
55     12     0.0
56     12     0.0
57     12     0.0
58     12     0.0
59     12     0

0     13     0
1     13     0.0
2     13     0.0
3     13     0.0
4     13     0.0
5     13     0.0
6     13     0.0
7     13     0.0
8     13     0.0
9     13     0.0
10     13     0.0
11     13     0.0
12     13     0.0
13     13     0.0
14     13     0.0
15     13     0.0
16     13     0.0
17     13     5.96046447754e-07
18     13     1.54972076416e-05
19     13     0.000194311141968
20     13     0.0015652179718
21     13     0.00910520553589
22     13     0.0407731533051
23     13     0.146332979202
24     13     0.432852506638
25     13     1.07752144337
26     13     2.29522943497
27     13     4.24356222153
28     13     6.90037965775
29     13     10
30     13     6.90037965775
31     13     4.24356222153
32     13     2.29522943497
33     13     1.07752144337
34     13     0.432852506638
35     13     0.146332979202
36     13     0.0407731533051
37     13     0.00910520553589
38     13     0.0015652179718
39     13     0.000194311141968
40     13     1.54972076416e-05
41     13     5.96046447754e-07
42     13     0.0
43     13     0.0
44     13     0.0
45     13     0.0
46     13     0.0
47     13     0.0
48     13     0.0
49     13     0.0
50     13     0.0
51     13     0.0
52     13     0.0
53     13     0.0
54     13     0.0
55     13     0.0
56     13     0.0
57     13     0.0
58     13     0.0
59     13     0

0     14     0
1     14     0.0
2     14     0.0
3     14     0.0
4     14     0.0
5     14     0.0
6     14     0.0
7     14     0.0
8     14     0.0
9     14     0.0
10     14     0.0
11     14     0.0
12     14     0.0
13     14     0.0
14     14     0.0
15     14     0.0
16     14     0.0
17     14     5.96046447754e-07
18     14     1.54972076416e-05
19     14     0.000194311141968
20     14     0.0015652179718
21     14     0.00910520553589
22     14     0.0407731533051
23     14     0.146332979202
24     14     0.432852506638
25     14     1.07752144337
26     14     2.29522943497
27     14     4.24356222153
28     14     6.90037965775
29     14     10
30     14     6.90037965775
31     14     4.24356222153
32     14     2.29522943497
33     14     1.07752144337
34     14     0.432852506638
35     14     0.146332979202
36     14     0.0407731533051
37     14     0.00910520553589
38     14     0.0015652179718
39     14     0.000194311141968
40     14     1.54972076416e-05
41     14     5.96046447754e-07
42     14     0.0
43     14     0.0
44     14     0.0
45     14     0.0
46     14     0.0
47     14     0.0
48     14     0.0
49     14     0.0
50     14     0.0
51     14     0.0
52     14     0.0
53     14     0.0
54     14     0.0
55     14     0.0
56     14     0.0
57     14     0.0
58     14     0.0
59     14     0

0     15     0
1     15     0.0
2     15     0.0
3     15     0.0
4     15     0.0
5     15     0.0
6     15     0.0
7     15     0.0
8     15     0.0
9     15     0.0
10     15     0.0
11     15     0.0
12     15     0.0
13     15     0.0
14     15     0.0
15     15     0.0
16     15     0.0
17     15     5.96046447754e-07
18     15     1.54972076416e-05
19     15     0.000194311141968
20     15     0.0015652179718
21     15     0.00910520553589
22     15     0.0407731533051
23     15     0.146332979202
24     15     0.432852506638
25     15     1.07752144337
26     15     2.29522943497
27     15     4.24356222153
28     15     6.90037965775
29     15     10
30     15     6.90037965775
31     15     4.24356222153
32     15     2.29522943497
33     15     1.07752144337
34     15     0.432852506638
35     15     0.146332979202
36     15     0.0407731533051
37     15     0.00910520553589
38     15     0.0015652179718
39     15     0.000194311141968
40     15     1.54972076416e-05
41     15     5.96046447754e-07
42     15     0.0
43     15     0.0
44     15     0.0
45     15     0.0
46     15     0.0
47     15     0.0
48     15     0.0
49     15     0.0
50     15     0.0
51     15     0.0
52     15     0.0
53     15     0.0
54     15     0.0
55     15     0.0
56     15     0.0
57     15     0.0
58     15     0.0
59     15     0

0     16     0
1     16     0.0
2     16     0.0
3     16     0.0
4     16     0.0
5     16     0.0
6     16     0.0
7     16     0.0
8     16     0.0
9     16     0.0
10     16     0.0
11     16     0.0
12     16     0.0
13     16     0.0
14     16     0.0
15     16     0.0
16     16     0.0
17     16     5.96046447754e-07
18     16     1.54972076416e-05
19     16     0.000194311141968
20     16     0.0015652179718
21     16     0.00910520553589
22     16     0.0407731533051
23     16     0.146332979202
24     16     0.432852506638
25     16     1.07752144337
26     16     2.29522943497
27     16     4.24356222153
28     16     6.90037965775
29     16     10
30     16     6.90037965775
31     16     4.24356222153
32     16     2.29522943497
33     16     1.07752144337
34     16     0.432852506638
35     16     0.146332979202
36     16     0.0407731533051
37     16     0.00910520553589
38     16     0.0015652179718
39     16     0.000194311141968
40     16     1.54972076416e-05
41     16     5.96046447754e-07
42     16     0.0
43     16     0.0
44     16     0.0
45     16     0.0
46     16     0.0
47     16     0.0
48     16     0.0
49     16     0.0
50     16     0.0
51     16     0.0
52     16     0.0
53     16     0.0
54     16     0.0
55     16     0.0
56     16     0.0
57     16     0.0
58     16     0.0
59     16     0

0     17     0
1     17     5.96046447754e-07
2     17     5.96046447754e-07
3     17     5.96046447754e-07
4     17     5.96046447754e-07
5     17     5.96046447754e-07
6     17     5.96046447754e-07
7     17     5.96046447754e-07
8     17     5.96046447754e-07
9     17     5.96046447754e-07
10     17     5.96046447754e-07
11     17     5.96046447754e-07
12     17     5.96046447754e-07
13     17     5.96046447754e-07
14     17     5.96046447754e-07
15     17     5.96046447754e-07
16     17     5.96046447754e-07
17     17     1.19209289551e-06
18     17     1.60932540894e-05
19     17     0.000194907188416
20     17     0.00156581401825
21     17     0.00910580158234
22     17     0.0407737493515
23     17     0.146333575249
24     17     0.432853102684
25     17     1.07752203941
26     17     2.29523003101
27     17     4.24356281757
28     17     6.90038025379
29     17     10
30     17     6.90038025379
31     17     4.24356281757
32     17     2.29523003101
33     17     1.07752203941
34     17     0.432853102684
35     17     0.146333575249
36     17     0.0407737493515
37     17     0.00910580158234
38     17     0.00156581401825
39     17     0.000194907188416
40     17     1.60932540894e-05
41     17     1.19209289551e-06
42     17     5.96046447754e-07
43     17     5.96046447754e-07
44     17     5.96046447754e-07
45     17     5.96046447754e-07
46     17     5.96046447754e-07
47     17     5.96046447754e-07
48     17     5.96046447754e-07
49     17     5.96046447754e-07
50     17     5.96046447754e-07
51     17     5.96046447754e-07
52     17     5.96046447754e-07
53     17     5.96046447754e-07
54     17     5.96046447754e-07
55     17     5.96046447754e-07
56     17     5.96046447754e-07
57     17     5.96046447754e-07
58     17     5.96046447754e-07
59     17     0

0     18     0
1     18     8.94069671631e-06
2     18     1.54972076416e-05
3     18     1.54972076416e-05
4     18     1.54972076416e-05
5     18     1.54972076416e-05
6     18     1.54972076416e-05
7     18     1.54972076416e-05
8     18     1.54972076416e-05
9     18     1.54972076416e-05
10     18     1.54972076416e-05
11     18     1.54972076416e-05
12     18     1.54972076416e-05
13     18     1.54972076416e-05
14     18     1.54972076416e-05
15     18     1.54972076416e-05
16     18     1.54972076416e-05
17     18     1.60932540894e-05
18     18     3.09944152832e-05
19     18     0.000209808349609
20     18     0.00158071517944
21     18     0.00912070274353
22     18     0.0407886505127
23     18     0.14634847641
24     18     0.432868003845
25     18     1.07753694057
26     18     2.29524493217
27     18     4.24357771873
28     18     6.9003880024
29     18     10
30     18     6.9003880024
31     18     4.24357771873
32     18     2.29524493217
33     18     1.07753694057
34     18     0.432868003845
35     18     0.14634847641
36     18     0.0407886505127
37     18     0.00912070274353
38     18     0.00158071517944
39     18     0.000209808349609
40     18     3.09944152832e-05
41     18     1.60932540894e-05
42     18     1.54972076416e-05
43     18     1.54972076416e-05
44     18     1.54972076416e-05
45     18     1.54972076416e-05
46     18     1.54972076416e-05
47     18     1.54972076416e-05
48     18     1.54972076416e-05
49     18     1.54972076416e-05
50     18     1.54972076416e-05
51     18     1.54972076416e-05
52     18     1.54972076416e-05
53     18     1.54972076416e-05
54     18     1.54972076416e-05
55     18     1.54972076416e-05
56     18     1.54972076416e-05
57     18     1.54972076416e-05
58     18     8.94069671631e-06
59     18     0

0     19     0
1     19     0.000104904174805
2     19     0.000161528587341
3     19     0.000194311141968
4     19     0.000194311141968
5     19     0.000194311141968
6     19     0.000194311141968
7     19     0.000194311141968
8     19     0.000194311141968
9     19     0.000194311141968
10     19     0.000194311141968
11     19     0.000194311141968
12     19     0.000194311141968
13     19     0.000194311141968
14     19     0.000194311141968
15     19     0.000194311141968
16     19     0.000194311141968
17     19     0.000194907188416
18     19     0.000209808349609
19     19     0.000388622283936
20     19     0.00175952911377
21     19     0.00929951667786
22     19     0.040967464447
23     19     0.146527290344
24     19     0.43304681778
25     19     1.07771575451
26     19     2.29542374611
27     19     4.2437171936
28     19     6.90048098564
29     19     10
30     19     6.90048098564
31     19     4.2437171936
32     19     2.29542374611
33     19     1.07771575451
34     19     0.43304681778
35     19     0.146527290344
36     19     0.040967464447
37     19     0.00929951667786
38     19     0.00175952911377
39     19     0.000388622283936
40     19     0.000209808349609
41     19     0.000194907188416
42     19     0.000194311141968
43     19     0.000194311141968
44     19     0.000194311141968
45     19     0.000194311141968
46     19     0.000194311141968
47     19     0.000194311141968
48     19     0.000194311141968
49     19     0.000194311141968
50     19     0.000194311141968
51     19     0.000194311141968
52     19     0.000194311141968
53     19     0.000194311141968
54     19     0.000194311141968
55     19     0.000194311141968
56     19     0.000194311141968
57     19     0.000161528587341
58     19     0.000104904174805
59     19     0

0     20     0
1     20     0.000714063644409
2     20     0.00126123428345
3     20     0.00146687030792
4     20     0.0015652179718
5     20     0.0015652179718
6     20     0.0015652179718
7     20     0.0015652179718
8     20     0.0015652179718
9     20     0.0015652179718
10     20     0.0015652179718
11     20     0.0015652179718
12     20     0.0015652179718
13     20     0.0015652179718
14     20     0.0015652179718
15     20     0.0015652179718
16     20     0.0015652179718
17     20     0.00156581401825
18     20     0.00158071517944
19     20     0.00175952911377
20     20     0.0031304359436
21     20     0.0106704235077
22     20     0.0423383712769
23     20     0.147898197174
24     20     0.434417724609
25     20     1.07908666134
26     20     2.29666352272
27     20     4.24478650093
28     20     6.90103888512
29     20     10
30     20     6.90103888512
31     20     4.24478650093
32     20     2.29666352272
33     20     1.07908666134
34     20     0.434417724609
35     20     0.147898197174
36     20     0.0423383712769
37     20     0.0106704235077
38     20     0.0031304359436
39     20     0.00175952911377
40     20     0.00158071517944
41     20     0.00156581401825
42     20     0.0015652179718
43     20     0.0015652179718
44     20     0.0015652179718
45     20     0.0015652179718
46     20     0.0015652179718
47     20     0.0015652179718
48     20     0.0015652179718
49     20     0.0015652179718
50     20     0.0015652179718
51     20     0.0015652179718
52     20     0.0015652179718
53     20     0.0015652179718
54     20     0.0015652179718
55     20     0.0015652179718
56     20     0.00146687030792
57     20     0.00126123428345
58     20     0.000714063644409
59     20     0

0     21     0
1     21     0.00400066375732
2     21     0.00674724578857
3     21     0.00842571258545
4     21     0.00890851020813
5     21     0.00910520553589
6     21     0.00910520553589
7     21     0.00910520553589
8     21     0.00910520553589
9     21     0.00910520553589
10     21     0.00910520553589
11     21     0.00910520553589
12     21     0.00910520553589
13     21     0.00910520553589
14     21     0.00910520553589
15     21     0.00910520553589
16     21     0.00910520553589
17     21     0.00910580158234
18     21     0.00912070274353
19     21     0.00929951667786
20     21     0.0106704235077
21     21     0.0182104110718
22     21     0.0498783588409
23     21     0.155438184738
24     21     0.441957712173
25     21     1.08633160591
26     21     2.30348229408
27     21     4.24990057945
28     21     6.90410733223
29     21     10
30     21     6.90410733223
31     21     4.24990057945
32     21     2.30348229408
33     21     1.08633160591
34     21     0.441957712173
35     21     0.155438184738
36     21     0.0498783588409
37     21     0.0182104110718
38     21     0.0106704235077
39     21     0.00929951667786
40     21     0.00912070274353
41     21     0.00910580158234
42     21     0.00910520553589
43     21     0.00910520553589
44     21     0.00910520553589
45     21     0.00910520553589
46     21     0.00910520553589
47     21     0.00910520553589
48     21     0.00910520553589
49     21     0.00910520553589
50     21     0.00910520553589
51     21     0.00910520553589
52     21     0.00910520553589
53     21     0.00910520553589
54     21     0.00910520553589
55     21     0.00890851020813
56     21     0.00842571258545
57     21     0.00674724578857
58     21     0.00400066375732
59     21     0

0     22     0
1     22     0.0167238712311
2     22     0.0296664237976
3     22     0.0363546609879
4     22     0.0397217273712
5     22     0.0404977798462
6     22     0.0407731533051
7     22     0.0407731533051
8     22     0.0407731533051
9     22     0.0407731533051
10     22     0.0407731533051
11     22     0.0407731533051
12     22     0.0407731533051
13     22     0.0407731533051
14     22     0.0407731533051
15     22     0.0407731533051
16     22     0.0407731533051
17     22     0.0407737493515
18     22     0.0407886505127
19     22     0.040967464447
20     22     0.0423383712769
21     22     0.0498783588409
22     22     0.0815463066101
23     22     0.187106132507
24     22     0.473153591156
25     22     1.11676037312
26     22     2.3300755024
27     22     4.27137970924
28     22     6.91535830498
29     22     10
30     22     6.91535830498
31     22     4.27137970924
32     22     2.3300755024
33     22     1.11676037312
34     22     0.473153591156
35     22     0.187106132507
36     22     0.0815463066101
37     22     0.0498783588409
38     22     0.0423383712769
39     22     0.040967464447
40     22     0.0407886505127
41     22     0.0407737493515
42     22     0.0407731533051
43     22     0.0407731533051
44     22     0.0407731533051
45     22     0.0407731533051
46     22     0.0407731533051
47     22     0.0407731533051
48     22     0.0407731533051
49     22     0.0407731533051
50     22     0.0407731533051
51     22     0.0407731533051
52     22     0.0407731533051
53     22     0.0407731533051
54     22     0.0404977798462
55     22     0.0397217273712
56     22     0.0363546609879
57     22     0.0296664237976
58     22     0.0167238712311
59     22     0

0     23     0
1     23     0.0594806671143
2     23     0.102991461754
3     23     0.129655599594
4     23     0.140546560287
5     23     0.145181417465
6     23     0.146057605743
7     23     0.146332979202
8     23     0.146332979202
9     23     0.146332979202
10     23     0.146332979202
11     23     0.146332979202
12     23     0.146332979202
13     23     0.146332979202
14     23     0.146332979202
15     23     0.146332979202
16     23     0.146332979202
17     23     0.146333575249
18     23     0.14634847641
19     23     0.146527290344
20     23     0.147898197174
21     23     0.155438184738
22     23     0.187106132507
23     23     0.292115211487
24     23     0.577139854431
25     23     1.21460974216
26     23     2.41871953011
27     23     4.33701038361
28     23     6.95286154747
29     23     10
30     23     6.95286154747
31     23     4.33701038361
32     23     2.41871953011
33     23     1.21460974216
34     23     0.577139854431
35     23     0.292115211487
36     23     0.187106132507
37     23     0.155438184738
38     23     0.147898197174
39     23     0.146527290344
40     23     0.14634847641
41     23     0.146333575249
42     23     0.146332979202
43     23     0.146332979202
44     23     0.146332979202
45     23     0.146332979202
46     23     0.146332979202
47     23     0.146332979202
48     23     0.146332979202
49     23     0.146332979202
50     23     0.146332979202
51     23     0.146332979202
52     23     0.146332979202
53     23     0.146057605743
54     23     0.145181417465
55     23     0.140546560287
56     23     0.129655599594
57     23     0.102991461754
58     23     0.0594806671143
59     23     0

0     24     0
1     24     0.174462199211
2     24     0.305672883987
3     24     0.378855466843
4     24     0.415369272232
5     24     0.427502393723
6     24     0.431958436966
7     24     0.43265581131
8     24     0.432852506638
9     24     0.432852506638
10     24     0.432852506638
11     24     0.432852506638
12     24     0.432852506638
13     24     0.432852506638
14     24     0.432852506638
15     24     0.432852506638
16     24     0.432852506638
17     24     0.432853102684
18     24     0.432868003845
19     24     0.43304681778
20     24     0.434417724609
21     24     0.441957712173
22     24     0.473153591156
23     24     0.577139854431
24     24     0.855004787445
25     24     1.48020088673
26     24     2.64748930931
27     24     4.51515078545
28     24     7.0466196537
29     24     10
30     24     7.0466196537
31     24     4.51515078545
32     24     2.64748930931
33     24     1.48020088673
34     24     0.855004787445
35     24     0.577139854431
36     24     0.473153591156
37     24     0.441957712173
38     24     0.434417724609
39     24     0.43304681778
40     24     0.432868003845
41     24     0.432853102684
42     24     0.432852506638
43     24     0.432852506638
44     24     0.432852506638
45     24     0.432852506638
46     24     0.432852506638
47     24     0.432852506638
48     24     0.432852506638
49     24     0.432852506638
50     24     0.432852506638
51     24     0.432852506638
52     24     0.43265581131
53     24     0.431958436966
54     24     0.427502393723
55     24     0.415369272232
56     24     0.378855466843
57     24     0.305672883987
58     24     0.174462199211
59     24     0

0     25     0
1     25     0.449892878532
2     25     0.76796233654
3     25     0.950686335564
4     25     1.03121936321
5     25     1.06483161449
6     25     1.07406318188
7     25     1.07703864574
8     25     1.0774230957
9     25     1.07752144337
10     25     1.07752144337
11     25     1.07752144337
12     25     1.07752144337
13     25     1.07752144337
14     25     1.07752144337
15     25     1.07752144337
16     25     1.07752144337
17     25     1.07752203941
18     25     1.07753694057
19     25     1.07771575451
20     25     1.07908666134
21     25     1.08633160591
22     25     1.11676037312
23     25     1.21460974216
24     25     1.48020088673
25     25     2.06243872643
26     25     3.16222131252
27     25     4.89487111568
28     25     7.25757539272
29     25     10
30     25     7.25757539272
31     25     4.89487111568
32     25     3.16222131252
33     25     2.06243872643
34     25     1.48020088673
35     25     1.21460974216
36     25     1.11676037312
37     25     1.08633160591
38     25     1.07908666134
39     25     1.07771575451
40     25     1.07753694057
41     25     1.07752203941
42     25     1.07752144337
43     25     1.07752144337
44     25     1.07752144337
45     25     1.07752144337
46     25     1.07752144337
47     25     1.07752144337
48     25     1.07752144337
49     25     1.07752144337
50     25     1.07752144337
51     25     1.0774230957
52     25     1.07703864574
53     25     1.07406318188
54     25     1.06483161449
55     25     1.03121936321
56     25     0.950686335564
57     25     0.76796233654
58     25     0.449892878532
59     25     0

0     26     0
1     26     1.0259115696
2     26     1.70312643051
3     26     2.05224514008
4     26     2.21153497696
5     26     2.26863384247
6     26     2.28906393051
7     26     2.29372084141
8     26     2.2950565815
9     26     2.29519665241
10     26     2.29522943497
11     26     2.29522943497
12     26     2.29522943497
13     26     2.29522943497
14     26     2.29522943497
15     26     2.29522943497
16     26     2.29522943497
17     26     2.29523003101
18     26     2.29524493217
19     26     2.29542374611
20     26     2.29666352272
21     26     2.30348229408
22     26     2.3300755024
23     26     2.41871953011
24     26     2.64748930931
25     26     3.16222131252
26     26     4.10449028015
27     26     5.61212062836
28     26     7.63729572296
29     26     10
30     26     7.63729572296
31     26     5.61212062836
32     26     4.10449028015
33     26     3.16222131252
34     26     2.64748930931
35     26     2.41871953011
36     26     2.3300755024
37     26     2.30348229408
38     26     2.29666352272
39     26     2.29542374611
40     26     2.29524493217
41     26     2.29523003101
42     26     2.29522943497
43     26     2.29522943497
44     26     2.29522943497
45     26     2.29522943497
46     26     2.29522943497
47     26     2.29522943497
48     26     2.29522943497
49     26     2.29522943497
50     26     2.29519665241
51     26     2.2950565815
52     26     2.29372084141
53     26     2.28906393051
54     26     2.26863384247
55     26     2.21153497696
56     26     2.05224514008
57     26     1.70312643051
58     26     1.0259115696
59     26     0

0     27     0
1     27     2.17845916748
2     27     3.36298346519
3     27     3.90899419785
4     27     4.12690877914
5     27     4.20947790146
6     27     4.23401892185
7     27     4.24171328545
8     27     4.24315333366
9     27     4.24352526665
10     27     4.24355566502
11     27     4.24356222153
12     27     4.24356222153
13     27     4.24356222153
14     27     4.24356222153
15     27     4.24356222153
16     27     4.24356222153
17     27     4.24356281757
18     27     4.24357771873
19     27     4.2437171936
20     27     4.24478650093
21     27     4.24990057945
22     27     4.27137970924
23     27     4.33701038361
24     27     4.51515078545
25     27     4.89487111568
26     27     5.61212062836
27     27     6.72596693039
28     27     8.24484825134
29     27     10
30     27     8.24484825134
31     27     6.72596693039
32     27     5.61212062836
33     27     4.89487111568
34     27     4.51515078545
35     27     4.33701038361
36     27     4.27137970924
37     27     4.24990057945
38     27     4.24478650093
39     27     4.2437171936
40     27     4.24357771873
41     27     4.24356281757
42     27     4.24356222153
43     27     4.24356222153
44     27     4.24356222153
45     27     4.24356222153
46     27     4.24356222153
47     27     4.24356222153
48     27     4.24356222153
49     27     4.24355566502
50     27     4.24352526665
51     27     4.24315333366
52     27     4.24171328545
53     27     4.23401892185
54     27     4.20947790146
55     27     4.12690877914
56     27     3.90899419785
57     27     3.36298346519
58     27     2.17845916748
59     27     0

0     28     0
1     28     4.52745914459
2     28     6.06638908386
3     28     6.61138415337
4     28     6.80768251419
5     28     6.87215745449
6     28     6.89338088036
7     28     6.89863443375
8     28     6.90010666847
9     28     6.90032482147
10     28     6.90037608147
11     28     6.9003790617
12     28     6.90037965775
13     28     6.90037965775
14     28     6.90037965775
15     28     6.90037965775
16     28     6.90037965775
17     28     6.90038025379
18     28     6.9003880024
19     28     6.90048098564
20     28     6.90103888512
21     28     6.90410733223
22     28     6.91535830498
23     28     6.95286154747
24     28     7.0466196537
25     28     7.25757539272
26     28     7.63729572296
27     28     8.24484825134
28     28     9.05491828918
29     28     10
30     28     9.05491828918
31     28     8.24484825134
32     28     7.63729572296
33     28     7.25757539272
34     28     7.0466196537
35     28     6.95286154747
36     28     6.91535830498
37     28     6.90410733223
38     28     6.90103888512
39     28     6.90048098564
40     28     6.9003880024
41     28     6.90038025379
42     28     6.90037965775
43     28     6.90037965775
44     28     6.90037965775
45     28     6.90037965775
46     28     6.90037965775
47     28     6.90037965775
48     28     6.9003790617
49     28     6.90037608147
50     28     6.90032482147
51     28     6.90010666847
52     28     6.89863443375
53     28     6.89338088036
54     28     6.87215745449
55     28     6.80768251419
56     28     6.61138415337
57     28     6.06638908386
58     28     4.52745914459
59     28     0

0     29     0
1     29     10
2     29     10
3     29     10
4     29     10
5     29     10
6     29     10
7     29     10
8     29     10
9     29     10
10     29     10
11     29     10
12     29     10
13     29     10
14     29     10
15     29     10
16     29     10
17     29     10
18     29     10
19     29     10
20     29     10
21     29     10
22     29     10
23     29     10
24     29     10
25     29     10
26     29     10
27     29     10
28     29     10
29     29     10
30     29     10
31     29     10
32     29     10
33     29     10
34     29     10
35     29     10
36     29     10
37     29     10
38     29     10
39     29     10
40     29     10
41     29     10
42     29     10
43     29     10
44     29     10
45     29     10
46     29     10
47     29     10
48     29     10
49     29     10
50     29     10
51     29     10
52     29     10
53     29     10
54     29     10
55     29     10
56     29     10
57     29     10
58     29     10
59     29     0

0     30     0
1     30     4.52745914459
2     30     6.06638908386
3     30     6.61138415337
4     30     6.80768251419
5     30     6.87215745449
6     30     6.89338088036
7     30     6.89863443375
8     30     6.90010666847
9     30     6.90032482147
10     30     6.90037608147
11     30     6.9003790617
12     30     6.90037965775
13     30     6.90037965775
14     30     6.90037965775
15     30     6.90037965775
16     30     6.90037965775
17     30     6.90038025379
18     30     6.9003880024
19     30     6.90048098564
20     30     6.90103888512
21     30     6.90410733223
22     30     6.91535830498
23     30     6.95286154747
24     30     7.0466196537
25     30     7.25757539272
26     30     7.63729572296
27     30     8.24484825134
28     30     9.05491828918
29     30     10
30     30     9.05491828918
31     30     8.24484825134
32     30     7.63729572296
33     30     7.25757539272
34     30     7.0466196537
35     30     6.95286154747
36     30     6.91535830498
37     30     6.90410733223
38     30     6.90103888512
39     30     6.90048098564
40     30     6.9003880024
41     30     6.90038025379
42     30     6.90037965775
43     30     6.90037965775
44     30     6.90037965775
45     30     6.90037965775
46     30     6.90037965775
47     30     6.90037965775
48     30     6.9003790617
49     30     6.90037608147
50     30     6.90032482147
51     30     6.90010666847
52     30     6.89863443375
53     30     6.89338088036
54     30     6.87215745449
55     30     6.80768251419
56     30     6.61138415337
57     30     6.06638908386
58     30     4.52745914459
59     30     0

0     31     0
1     31     2.17845916748
2     31     3.36298346519
3     31     3.90899419785
4     31     4.12690877914
5     31     4.20947790146
6     31     4.23401892185
7     31     4.24171328545
8     31     4.24315333366
9     31     4.24352526665
10     31     4.24355566502
11     31     4.24356222153
12     31     4.24356222153
13     31     4.24356222153
14     31     4.24356222153
15     31     4.24356222153
16     31     4.24356222153
17     31     4.24356281757
18     31     4.24357771873
19     31     4.2437171936
20     31     4.24478650093
21     31     4.24990057945
22     31     4.27137970924
23     31     4.33701038361
24     31     4.51515078545
25     31     4.89487111568
26     31     5.61212062836
27     31     6.72596693039
28     31     8.24484825134
29     31     10
30     31     8.24484825134
31     31     6.72596693039
32     31     5.61212062836
33     31     4.89487111568
34     31     4.51515078545
35     31     4.33701038361
36     31     4.27137970924
37     31     4.24990057945
38     31     4.24478650093
39     31     4.2437171936
40     31     4.24357771873
41     31     4.24356281757
42     31     4.24356222153
43     31     4.24356222153
44     31     4.24356222153
45     31     4.24356222153
46     31     4.24356222153
47     31     4.24356222153
48     31     4.24356222153
49     31     4.24355566502
50     31     4.24352526665
51     31     4.24315333366
52     31     4.24171328545
53     31     4.23401892185
54     31     4.20947790146
55     31     4.12690877914
56     31     3.90899419785
57     31     3.36298346519
58     31     2.17845916748
59     31     0

0     32     0
1     32     1.0259115696
2     32     1.70312643051
3     32     2.05224514008
4     32     2.21153497696
5     32     2.26863384247
6     32     2.28906393051
7     32     2.29372084141
8     32     2.2950565815
9     32     2.29519665241
10     32     2.29522943497
11     32     2.29522943497
12     32     2.29522943497
13     32     2.29522943497
14     32     2.29522943497
15     32     2.29522943497
16     32     2.29522943497
17     32     2.29523003101
18     32     2.29524493217
19     32     2.29542374611
20     32     2.29666352272
21     32     2.30348229408
22     32     2.3300755024
23     32     2.41871953011
24     32     2.64748930931
25     32     3.16222131252
26     32     4.10449028015
27     32     5.61212062836
28     32     7.63729572296
29     32     10
30     32     7.63729572296
31     32     5.61212062836
32     32     4.10449028015
33     32     3.16222131252
34     32     2.64748930931
35     32     2.41871953011
36     32     2.3300755024
37     32     2.30348229408
38     32     2.29666352272
39     32     2.29542374611
40     32     2.29524493217
41     32     2.29523003101
42     32     2.29522943497
43     32     2.29522943497
44     32     2.29522943497
45     32     2.29522943497
46     32     2.29522943497
47     32     2.29522943497
48     32     2.29522943497
49     32     2.29522943497
50     32     2.29519665241
51     32     2.2950565815
52     32     2.29372084141
53     32     2.28906393051
54     32     2.26863384247
55     32     2.21153497696
56     32     2.05224514008
57     32     1.70312643051
58     32     1.0259115696
59     32     0

0     33     0
1     33     0.449892878532
2     33     0.76796233654
3     33     0.950686335564
4     33     1.03121936321
5     33     1.06483161449
6     33     1.07406318188
7     33     1.07703864574
8     33     1.0774230957
9     33     1.07752144337
10     33     1.07752144337
11     33     1.07752144337
12     33     1.07752144337
13     33     1.07752144337
14     33     1.07752144337
15     33     1.07752144337
16     33     1.07752144337
17     33     1.07752203941
18     33     1.07753694057
19     33     1.07771575451
20     33     1.07908666134
21     33     1.08633160591
22     33     1.11676037312
23     33     1.21460974216
24     33     1.48020088673
25     33     2.06243872643
26     33     3.16222131252
27     33     4.89487111568
28     33     7.25757539272
29     33     10
30     33     7.25757539272
31     33     4.89487111568
32     33     3.16222131252
33     33     2.06243872643
34     33     1.48020088673
35     33     1.21460974216
36     33     1.11676037312
37     33     1.08633160591
38     33     1.07908666134
39     33     1.07771575451
40     33     1.07753694057
41     33     1.07752203941
42     33     1.07752144337
43     33     1.07752144337
44     33     1.07752144337
45     33     1.07752144337
46     33     1.07752144337
47     33     1.07752144337
48     33     1.07752144337
49     33     1.07752144337
50     33     1.07752144337
51     33     1.0774230957
52     33     1.07703864574
53     33     1.07406318188
54     33     1.06483161449
55     33     1.03121936321
56     33     0.950686335564
57     33     0.76796233654
58     33     0.449892878532
59     33     0

0     34     0
1     34     0.174462199211
2     34     0.305672883987
3     34     0.378855466843
4     34     0.415369272232
5     34     0.427502393723
6     34     0.431958436966
7     34     0.43265581131
8     34     0.432852506638
9     34     0.432852506638
10     34     0.432852506638
11     34     0.432852506638
12     34     0.432852506638
13     34     0.432852506638
14     34     0.432852506638
15     34     0.432852506638
16     34     0.432852506638
17     34     0.432853102684
18     34     0.432868003845
19     34     0.43304681778
20     34     0.434417724609
21     34     0.441957712173
22     34     0.473153591156
23     34     0.577139854431
24     34     0.855004787445
25     34     1.48020088673
26     34     2.64748930931
27     34     4.51515078545
28     34     7.0466196537
29     34     10
30     34     7.0466196537
31     34     4.51515078545
32     34     2.64748930931
33     34     1.48020088673
34     34     0.855004787445
35     34     0.577139854431
36     34     0.473153591156
37     34     0.441957712173
38     34     0.434417724609
39     34     0.43304681778
40     34     0.432868003845
41     34     0.432853102684
42     34     0.432852506638
43     34     0.432852506638
44     34     0.432852506638
45     34     0.432852506638
46     34     0.432852506638
47     34     0.432852506638
48     34     0.432852506638
49     34     0.432852506638
50     34     0.432852506638
51     34     0.432852506638
52     34     0.43265581131
53     34     0.431958436966
54     34     0.427502393723
55     34     0.415369272232
56     34     0.378855466843
57     34     0.305672883987
58     34     0.174462199211
59     34     0

0     35     0
1     35     0.0594806671143
2     35     0.102991461754
3     35     0.129655599594
4     35     0.140546560287
5     35     0.145181417465
6     35     0.146057605743
7     35     0.146332979202
8     35     0.146332979202
9     35     0.146332979202
10     35     0.146332979202
11     35     0.146332979202
12     35     0.146332979202
13     35     0.146332979202
14     35     0.146332979202
15     35     0.146332979202
16     35     0.146332979202
17     35     0.146333575249
18     35     0.14634847641
19     35     0.146527290344
20     35     0.147898197174
21     35     0.155438184738
22     35     0.187106132507
23     35     0.292115211487
24     35     0.577139854431
25     35     1.21460974216
26     35     2.41871953011
27     35     4.33701038361
28     35     6.95286154747
29     35     10
30     35     6.95286154747
31     35     4.33701038361
32     35     2.41871953011
33     35     1.21460974216
34     35     0.577139854431
35     35     0.292115211487
36     35     0.187106132507
37     35     0.155438184738
38     35     0.147898197174
39     35     0.146527290344
40     35     0.14634847641
41     35     0.146333575249
42     35     0.146332979202
43     35     0.146332979202
44     35     0.146332979202
45     35     0.146332979202
46     35     0.146332979202
47     35     0.146332979202
48     35     0.146332979202
49     35     0.146332979202
50     35     0.146332979202
51     35     0.146332979202
52     35     0.146332979202
53     35     0.146057605743
54     35     0.145181417465
55     35     0.140546560287
56     35     0.129655599594
57     35     0.102991461754
58     35     0.0594806671143
59     35     0

0     36     0
1     36     0.0167238712311
2     36     0.0296664237976
3     36     0.0363546609879
4     36     0.0397217273712
5     36     0.0404977798462
6     36     0.0407731533051
7     36     0.0407731533051
8     36     0.0407731533051
9     36     0.0407731533051
10     36     0.0407731533051
11     36     0.0407731533051
12     36     0.0407731533051
13     36     0.0407731533051
14     36     0.0407731533051
15     36     0.0407731533051
16     36     0.0407731533051
17     36     0.0407737493515
18     36     0.0407886505127
19     36     0.040967464447
20     36     0.0423383712769
21     36     0.0498783588409
22     36     0.0815463066101
23     36     0.187106132507
24     36     0.473153591156
25     36     1.11676037312
26     36     2.3300755024
27     36     4.27137970924
28     36     6.91535830498
29     36     10
30     36     6.91535830498
31     36     4.27137970924
32     36     2.3300755024
33     36     1.11676037312
34     36     0.473153591156
35     36     0.187106132507
36     36     0.0815463066101
37     36     0.0498783588409
38     36     0.0423383712769
39     36     0.040967464447
40     36     0.0407886505127
41     36     0.0407737493515
42     36     0.0407731533051
43     36     0.0407731533051
44     36     0.0407731533051
45     36     0.0407731533051
46     36     0.0407731533051
47     36     0.0407731533051
48     36     0.0407731533051
49     36     0.0407731533051
50     36     0.0407731533051
51     36     0.0407731533051
52     36     0.0407731533051
53     36     0.0407731533051
54     36     0.0404977798462
55     36     0.0397217273712
56     36     0.0363546609879
57     36     0.0296664237976
58     36     0.0167238712311
59     36     0

0     37     0
1     37     0.00400066375732
2     37     0.00674724578857
3     37     0.00842571258545
4     37     0.00890851020813
5     37     0.00910520553589
6     37     0.00910520553589
7     37     0.00910520553589
8     37     0.00910520553589
9     37     0.00910520553589
10     37     0.00910520553589
11     37     0.00910520553589
12     37     0.00910520553589
13     37     0.00910520553589
14     37     0.00910520553589
15     37     0.00910520553589
16     37     0.00910520553589
17     37     0.00910580158234
18     37     0.00912070274353
19     37     0.00929951667786
20     37     0.0106704235077
21     37     0.0182104110718
22     37     0.0498783588409
23     37     0.155438184738
24     37     0.441957712173
25     37     1.08633160591
26     37     2.30348229408
27     37     4.24990057945
28     37     6.90410733223
29     37     10
30     37     6.90410733223
31     37     4.24990057945
32     37     2.30348229408
33     37     1.08633160591
34     37     0.441957712173
35     37     0.155438184738
36     37     0.0498783588409
37     37     0.0182104110718
38     37     0.0106704235077
39     37     0.00929951667786
40     37     0.00912070274353
41     37     0.00910580158234
42     37     0.00910520553589
43     37     0.00910520553589
44     37     0.00910520553589
45     37     0.00910520553589
46     37     0.00910520553589
47     37     0.00910520553589
48     37     0.00910520553589
49     37     0.00910520553589
50     37     0.00910520553589
51     37     0.00910520553589
52     37     0.00910520553589
53     37     0.00910520553589
54     37     0.00910520553589
55     37     0.00890851020813
56     37     0.00842571258545
57     37     0.00674724578857
58     37     0.00400066375732
59     37     0

0     38     0
1     38     0.000714063644409
2     38     0.00126123428345
3     38     0.00146687030792
4     38     0.0015652179718
5     38     0.0015652179718
6     38     0.0015652179718
7     38     0.0015652179718
8     38     0.0015652179718
9     38     0.0015652179718
10     38     0.0015652179718
11     38     0.0015652179718
12     38     0.0015652179718
13     38     0.0015652179718
14     38     0.0015652179718
15     38     0.0015652179718
16     38     0.0015652179718
17     38     0.00156581401825
18     38     0.00158071517944
19     38     0.00175952911377
20     38     0.0031304359436
21     38     0.0106704235077
22     38     0.0423383712769
23     38     0.147898197174
24     38     0.434417724609
25     38     1.07908666134
26     38     2.29666352272
27     38     4.24478650093
28     38     6.90103888512
29     38     10
30     38     6.90103888512
31     38     4.24478650093
32     38     2.29666352272
33     38     1.07908666134
34     38     0.434417724609
35     38     0.147898197174
36     38     0.0423383712769
37     38     0.0106704235077
38     38     0.0031304359436
39     38     0.00175952911377
40     38     0.00158071517944
41     38     0.00156581401825
42     38     0.0015652179718
43     38     0.0015652179718
44     38     0.0015652179718
45     38     0.0015652179718
46     38     0.0015652179718
47     38     0.0015652179718
48     38     0.0015652179718
49     38     0.0015652179718
50     38     0.0015652179718
51     38     0.0015652179718
52     38     0.0015652179718
53     38     0.0015652179718
54     38     0.0015652179718
55     38     0.0015652179718
56     38     0.00146687030792
57     38     0.00126123428345
58     38     0.000714063644409
59     38     0

0     39     0
1     39     0.000104904174805
2     39     0.000161528587341
3     39     0.000194311141968
4     39     0.000194311141968
5     39     0.000194311141968
6     39     0.000194311141968
7     39     0.000194311141968
8     39     0.000194311141968
9     39     0.000194311141968
10     39     0.000194311141968
11     39     0.000194311141968
12     39     0.000194311141968
13     39     0.000194311141968
14     39     0.000194311141968
15     39     0.000194311141968
16     39     0.000194311141968
17     39     0.000194907188416
18     39     0.000209808349609
19     39     0.000388622283936
20     39     0.00175952911377
21     39     0.00929951667786
22     39     0.040967464447
23     39     0.146527290344
24     39     0.43304681778
25     39     1.07771575451
26     39     2.29542374611
27     39     4.2437171936
28     39     6.90048098564
29     39     10
30     39     6.90048098564
31     39     4.2437171936
32     39     2.29542374611
33     39     1.07771575451
34     39     0.43304681778
35     39     0.146527290344
36     39     0.040967464447
37     39     0.00929951667786
38     39     0.00175952911377
39     39     0.000388622283936
40     39     0.000209808349609
41     39     0.000194907188416
42     39     0.000194311141968
43     39     0.000194311141968
44     39     0.000194311141968
45     39     0.000194311141968
46     39     0.000194311141968
47     39     0.000194311141968
48     39     0.000194311141968
49     39     0.000194311141968
50     39     0.000194311141968
51     39     0.000194311141968
52     39     0.000194311141968
53     39     0.000194311141968
54     39     0.000194311141968
55     39     0.000194311141968
56     39     0.000194311141968
57     39     0.000161528587341
58     39     0.000104904174805
59     39     0

0     40     0
1     40     8.94069671631e-06
2     40     1.54972076416e-05
3     40     1.54972076416e-05
4     40     1.54972076416e-05
5     40     1.54972076416e-05
6     40     1.54972076416e-05
7     40     1.54972076416e-05
8     40     1.54972076416e-05
9     40     1.54972076416e-05
10     40     1.54972076416e-05
11     40     1.54972076416e-05
12     40     1.54972076416e-05
13     40     1.54972076416e-05
14     40     1.54972076416e-05
15     40     1.54972076416e-05
16     40     1.54972076416e-05
17     40     1.60932540894e-05
18     40     3.09944152832e-05
19     40     0.000209808349609
20     40     0.00158071517944
21     40     0.00912070274353
22     40     0.0407886505127
23     40     0.14634847641
24     40     0.432868003845
25     40     1.07753694057
26     40     2.29524493217
27     40     4.24357771873
28     40     6.9003880024
29     40     10
30     40     6.9003880024
31     40     4.24357771873
32     40     2.29524493217
33     40     1.07753694057
34     40     0.432868003845
35     40     0.14634847641
36     40     0.0407886505127
37     40     0.00912070274353
38     40     0.00158071517944
39     40     0.000209808349609
40     40     3.09944152832e-05
41     40     1.60932540894e-05
42     40     1.54972076416e-05
43     40     1.54972076416e-05
44     40     1.54972076416e-05
45     40     1.54972076416e-05
46     40     1.54972076416e-05
47     40     1.54972076416e-05
48     40     1.54972076416e-05
49     40     1.54972076416e-05
50     40     1.54972076416e-05
51     40     1.54972076416e-05
52     40     1.54972076416e-05
53     40     1.54972076416e-05
54     40     1.54972076416e-05
55     40     1.54972076416e-05
56     40     1.54972076416e-05
57     40     1.54972076416e-05
58     40     8.94069671631e-06
59     40     0

0     41     0
1     41     5.96046447754e-07
2     41     5.96046447754e-07
3     41     5.96046447754e-07
4     41     5.96046447754e-07
5     41     5.96046447754e-07
6     41     5.96046447754e-07
7     41     5.96046447754e-07
8     41     5.96046447754e-07
9     41     5.96046447754e-07
10     41     5.96046447754e-07
11     41     5.96046447754e-07
12     41     5.96046447754e-07
13     41     5.96046447754e-07
14     41     5.96046447754e-07
15     41     5.96046447754e-07
16     41     5.96046447754e-07
17     41     1.19209289551e-06
18     41     1.60932540894e-05
19     41     0.000194907188416
20     41     0.00156581401825
21     41     0.00910580158234
22     41     0.0407737493515
23     41     0.146333575249
24     41     0.432853102684
25     41     1.07752203941
26     41     2.29523003101
27     41     4.24356281757
28     41     6.90038025379
29     41     10
30     41     6.90038025379
31     41     4.24356281757
32     41     2.29523003101
33     41     1.07752203941
34     41     0.432853102684
35     41     0.146333575249
36     41     0.0407737493515
37     41     0.00910580158234
38     41     0.00156581401825
39     41     0.000194907188416
40     41     1.60932540894e-05
41     41     1.19209289551e-06
42     41     5.96046447754e-07
43     41     5.96046447754e-07
44     41     5.96046447754e-07
45     41     5.96046447754e-07
46     41     5.96046447754e-07
47     41     5.96046447754e-07
48     41     5.96046447754e-07
49     41     5.96046447754e-07
50     41     5.96046447754e-07
51     41     5.96046447754e-07
52     41     5.96046447754e-07
53     41     5.96046447754e-07
54     41     5.96046447754e-07
55     41     5.96046447754e-07
56     41     5.96046447754e-07
57     41     5.96046447754e-07
58     41     5.96046447754e-07
59     41     0

0     42     0
1     42     0.0
2     42     0.0
3     42     0.0
4     42     0.0
5     42     0.0
6     42     0.0
7     42     0.0
8     42     0.0
9     42     0.0
10     42     0.0
11     42     0.0
12     42     0.0
13     42     0.0
14     42     0.0
15     42     0.0
16     42     0.0
17     42     5.96046447754e-07
18     42     1.54972076416e-05
19     42     0.000194311141968
20     42     0.0015652179718
21     42     0.00910520553589
22     42     0.0407731533051
23     42     0.146332979202
24     42     0.432852506638
25     42     1.07752144337
26     42     2.29522943497
27     42     4.24356222153
28     42     6.90037965775
29     42     10
30     42     6.90037965775
31     42     4.24356222153
32     42     2.29522943497
33     42     1.07752144337
34     42     0.432852506638
35     42     0.146332979202
36     42     0.0407731533051
37     42     0.00910520553589
38     42     0.0015652179718
39     42     0.000194311141968
40     42     1.54972076416e-05
41     42     5.96046447754e-07
42     42     0.0
43     42     0.0
44     42     0.0
45     42     0.0
46     42     0.0
47     42     0.0
48     42     0.0
49     42     0.0
50     42     0.0
51     42     0.0
52     42     0.0
53     42     0.0
54     42     0.0
55     42     0.0
56     42     0.0
57     42     0.0
58     42     0.0
59     42     0

0     43     0
1     43     0.0
2     43     0.0
3     43     0.0
4     43     0.0
5     43     0.0
6     43     0.0
7     43     0.0
8     43     0.0
9     43     0.0
10     43     0.0
11     43     0.0
12     43     0.0
13     43     0.0
14     43     0.0
15     43     0.0
16     43     0.0
17     43     5.96046447754e-07
18     43     1.54972076416e-05
19     43     0.000194311141968
20     43     0.0015652179718
21     43     0.00910520553589
22     43     0.0407731533051
23     43     0.146332979202
24     43     0.432852506638
25     43     1.07752144337
26     43     2.29522943497
27     43     4.24356222153
28     43     6.90037965775
29     43     10
30     43     6.90037965775
31     43     4.24356222153
32     43     2.29522943497
33     43     1.07752144337
34     43     0.432852506638
35     43     0.146332979202
36     43     0.0407731533051
37     43     0.00910520553589
38     43     0.0015652179718
39     43     0.000194311141968
40     43     1.54972076416e-05
41     43     5.96046447754e-07
42     43     0.0
43     43     0.0
44     43     0.0
45     43     0.0
46     43     0.0
47     43     0.0
48     43     0.0
49     43     0.0
50     43     0.0
51     43     0.0
52     43     0.0
53     43     0.0
54     43     0.0
55     43     0.0
56     43     0.0
57     43     0.0
58     43     0.0
59     43     0

0     44     0
1     44     0.0
2     44     0.0
3     44     0.0
4     44     0.0
5     44     0.0
6     44     0.0
7     44     0.0
8     44     0.0
9     44     0.0
10     44     0.0
11     44     0.0
12     44     0.0
13     44     0.0
14     44     0.0
15     44     0.0
16     44     0.0
17     44     5.96046447754e-07
18     44     1.54972076416e-05
19     44     0.000194311141968
20     44     0.0015652179718
21     44     0.00910520553589
22     44     0.0407731533051
23     44     0.146332979202
24     44     0.432852506638
25     44     1.07752144337
26     44     2.29522943497
27     44     4.24356222153
28     44     6.90037965775
29     44     10
30     44     6.90037965775
31     44     4.24356222153
32     44     2.29522943497
33     44     1.07752144337
34     44     0.432852506638
35     44     0.146332979202
36     44     0.0407731533051
37     44     0.00910520553589
38     44     0.0015652179718
39     44     0.000194311141968
40     44     1.54972076416e-05
41     44     5.96046447754e-07
42     44     0.0
43     44     0.0
44     44     0.0
45     44     0.0
46     44     0.0
47     44     0.0
48     44     0.0
49     44     0.0
50     44     0.0
51     44     0.0
52     44     0.0
53     44     0.0
54     44     0.0
55     44     0.0
56     44     0.0
57     44     0.0
58     44     0.0
59     44     0

0     45     0
1     45     0.0
2     45     0.0
3     45     0.0
4     45     0.0
5     45     0.0
6     45     0.0
7     45     0.0
8     45     0.0
9     45     0.0
10     45     0.0
11     45     0.0
12     45     0.0
13     45     0.0
14     45     0.0
15     45     0.0
16     45     0.0
17     45     5.96046447754e-07
18     45     1.54972076416e-05
19     45     0.000194311141968
20     45     0.0015652179718
21     45     0.00910520553589
22     45     0.0407731533051
23     45     0.146332979202
24     45     0.432852506638
25     45     1.07752144337
26     45     2.29522943497
27     45     4.24356222153
28     45     6.90037965775
29     45     10
30     45     6.90037965775
31     45     4.24356222153
32     45     2.29522943497
33     45     1.07752144337
34     45     0.432852506638
35     45     0.146332979202
36     45     0.0407731533051
37     45     0.00910520553589
38     45     0.0015652179718
39     45     0.000194311141968
40     45     1.54972076416e-05
41     45     5.96046447754e-07
42     45     0.0
43     45     0.0
44     45     0.0
45     45     0.0
46     45     0.0
47     45     0.0
48     45     0.0
49     45     0.0
50     45     0.0
51     45     0.0
52     45     0.0
53     45     0.0
54     45     0.0
55     45     0.0
56     45     0.0
57     45     0.0
58     45     0.0
59     45     0

0     46     0
1     46     0.0
2     46     0.0
3     46     0.0
4     46     0.0
5     46     0.0
6     46     0.0
7     46     0.0
8     46     0.0
9     46     0.0
10     46     0.0
11     46     0.0
12     46     0.0
13     46     0.0
14     46     0.0
15     46     0.0
16     46     0.0
17     46     5.96046447754e-07
18     46     1.54972076416e-05
19     46     0.000194311141968
20     46     0.0015652179718
21     46     0.00910520553589
22     46     0.0407731533051
23     46     0.146332979202
24     46     0.432852506638
25     46     1.07752144337
26     46     2.29522943497
27     46     4.24356222153
28     46     6.90037965775
29     46     10
30     46     6.90037965775
31     46     4.24356222153
32     46     2.29522943497
33     46     1.07752144337
34     46     0.432852506638
35     46     0.146332979202
36     46     0.0407731533051
37     46     0.00910520553589
38     46     0.0015652179718
39     46     0.000194311141968
40     46     1.54972076416e-05
41     46     5.96046447754e-07
42     46     0.0
43     46     0.0
44     46     0.0
45     46     0.0
46     46     0.0
47     46     0.0
48     46     0.0
49     46     0.0
50     46     0.0
51     46     0.0
52     46     0.0
53     46     0.0
54     46     0.0
55     46     0.0
56     46     0.0
57     46     0.0
58     46     0.0
59     46     0

0     47     0
1     47     0.0
2     47     0.0
3     47     0.0
4     47     0.0
5     47     0.0
6     47     0.0
7     47     0.0
8     47     0.0
9     47     0.0
10     47     0.0
11     47     0.0
12     47     0.0
13     47     0.0
14     47     0.0
15     47     0.0
16     47     0.0
17     47     5.96046447754e-07
18     47     1.54972076416e-05
19     47     0.000194311141968
20     47     0.0015652179718
21     47     0.00910520553589
22     47     0.0407731533051
23     47     0.146332979202
24     47     0.432852506638
25     47     1.07752144337
26     47     2.29522943497
27     47     4.24356222153
28     47     6.90037965775
29     47     10
30     47     6.90037965775
31     47     4.24356222153
32     47     2.29522943497
33     47     1.07752144337
34     47     0.432852506638
35     47     0.146332979202
36     47     0.0407731533051
37     47     0.00910520553589
38     47     0.0015652179718
39     47     0.000194311141968
40     47     1.54972076416e-05
41     47     5.96046447754e-07
42     47     0.0
43     47     0.0
44     47     0.0
45     47     0.0
46     47     0.0
47     47     0.0
48     47     0.0
49     47     0.0
50     47     0.0
51     47     0.0
52     47     0.0
53     47     0.0
54     47     0.0
55     47     0.0
56     47     0.0
57     47     0.0
58     47     0.0
59     47     0

0     48     0
1     48     0.0
2     48     0.0
3     48     0.0
4     48     0.0
5     48     0.0
6     48     0.0
7     48     0.0
8     48     0.0
9     48     0.0
10     48     0.0
11     48     0.0
12     48     0.0
13     48     0.0
14     48     0.0
15     48     0.0
16     48     0.0
17     48     5.96046447754e-07
18     48     1.54972076416e-05
19     48     0.000194311141968
20     48     0.0015652179718
21     48     0.00910520553589
22     48     0.0407731533051
23     48     0.146332979202
24     48     0.432852506638
25     48     1.07752144337
26     48     2.29522943497
27     48     4.24356222153
28     48     6.9003790617
29     48     10
30     48     6.9003790617
31     48     4.24356222153
32     48     2.29522943497
33     48     1.07752144337
34     48     0.432852506638
35     48     0.146332979202
36     48     0.0407731533051
37     48     0.00910520553589
38     48     0.0015652179718
39     48     0.000194311141968
40     48     1.54972076416e-05
41     48     5.96046447754e-07
42     48     0.0
43     48     0.0
44     48     0.0
45     48     0.0
46     48     0.0
47     48     0.0
48     48     0.0
49     48     0.0
50     48     0.0
51     48     0.0
52     48     0.0
53     48     0.0
54     48     0.0
55     48     0.0
56     48     0.0
57     48     0.0
58     48     0.0
59     48     0

0     49     0
1     49     0.0
2     49     0.0
3     49     0.0
4     49     0.0
5     49     0.0
6     49     0.0
7     49     0.0
8     49     0.0
9     49     0.0
10     49     0.0
11     49     0.0
12     49     0.0
13     49     0.0
14     49     0.0
15     49     0.0
16     49     0.0
17     49     5.96046447754e-07
18     49     1.54972076416e-05
19     49     0.000194311141968
20     49     0.0015652179718
21     49     0.00910520553589
22     49     0.0407731533051
23     49     0.146332979202
24     49     0.432852506638
25     49     1.07752144337
26     49     2.29522943497
27     49     4.24355566502
28     49     6.90037608147
29     49     10
30     49     6.90037608147
31     49     4.24355566502
32     49     2.29522943497
33     49     1.07752144337
34     49     0.432852506638
35     49     0.146332979202
36     49     0.0407731533051
37     49     0.00910520553589
38     49     0.0015652179718
39     49     0.000194311141968
40     49     1.54972076416e-05
41     49     5.96046447754e-07
42     49     0.0
43     49     0.0
44     49     0.0
45     49     0.0
46     49     0.0
47     49     0.0
48     49     0.0
49     49     0.0
50     49     0.0
51     49     0.0
52     49     0.0
53     49     0.0
54     49     0.0
55     49     0.0
56     49     0.0
57     49     0.0
58     49     0.0
59     49     0

0     50     0
1     50     0.0
2     50     0.0
3     50     0.0
4     50     0.0
5     50     0.0
6     50     0.0
7     50     0.0
8     50     0.0
9     50     0.0
10     50     0.0
11     50     0.0
12     50     0.0
13     50     0.0
14     50     0.0
15     50     0.0
16     50     0.0
17     50     5.96046447754e-07
18     50     1.54972076416e-05
19     50     0.000194311141968
20     50     0.0015652179718
21     50     0.00910520553589
22     50     0.0407731533051
23     50     0.146332979202
24     50     0.432852506638
25     50     1.07752144337
26     50     2.29519665241
27     50     4.24352526665
28     50     6.90032482147
29     50     10
30     50     6.90032482147
31     50     4.24352526665
32     50     2.29519665241
33     50     1.07752144337
34     50     0.432852506638
35     50     0.146332979202
36     50     0.0407731533051
37     50     0.00910520553589
38     50     0.0015652179718
39     50     0.000194311141968
40     50     1.54972076416e-05
41     50     5.96046447754e-07
42     50     0.0
43     50     0.0
44     50     0.0
45     50     0.0
46     50     0.0
47     50     0.0
48     50     0.0
49     50     0.0
50     50     0.0
51     50     0.0
52     50     0.0
53     50     0.0
54     50     0.0
55     50     0.0
56     50     0.0
57     50     0.0
58     50     0.0
59     50     0

0     51     0
1     51     0.0
2     51     0.0
3     51     0.0
4     51     0.0
5     51     0.0
6     51     0.0
7     51     0.0
8     51     0.0
9     51     0.0
10     51     0.0
11     51     0.0
12     51     0.0
13     51     0.0
14     51     0.0
15     51     0.0
16     51     0.0
17     51     5.96046447754e-07
18     51     1.54972076416e-05
19     51     0.000194311141968
20     51     0.0015652179718
21     51     0.00910520553589
22     51     0.0407731533051
23     51     0.146332979202
24     51     0.432852506638
25     51     1.0774230957
26     51     2.2950565815
27     51     4.24315333366
28     51     6.90010666847
29     51     10
30     51     6.90010666847
31     51     4.24315333366
32     51     2.2950565815
33     51     1.0774230957
34     51     0.432852506638
35     51     0.146332979202
36     51     0.0407731533051
37     51     0.00910520553589
38     51     0.0015652179718
39     51     0.000194311141968
40     51     1.54972076416e-05
41     51     5.96046447754e-07
42     51     0.0
43     51     0.0
44     51     0.0
45     51     0.0
46     51     0.0
47     51     0.0
48     51     0.0
49     51     0.0
50     51     0.0
51     51     0.0
52     51     0.0
53     51     0.0
54     51     0.0
55     51     0.0
56     51     0.0
57     51     0.0
58     51     0.0
59     51     0

0     52     0
1     52     0.0
2     52     0.0
3     52     0.0
4     52     0.0
5     52     0.0
6     52     0.0
7     52     0.0
8     52     0.0
9     52     0.0
10     52     0.0
11     52     0.0
12     52     0.0
13     52     0.0
14     52     0.0
15     52     0.0
16     52     0.0
17     52     5.96046447754e-07
18     52     1.54972076416e-05
19     52     0.000194311141968
20     52     0.0015652179718
21     52     0.00910520553589
22     52     0.0407731533051
23     52     0.146332979202
24     52     0.43265581131
25     52     1.07703864574
26     52     2.29372084141
27     52     4.24171328545
28     52     6.89863443375
29     52     10
30     52     6.89863443375
31     52     4.24171328545
32     52     2.29372084141
33     52     1.07703864574
34     52     0.43265581131
35     52     0.146332979202
36     52     0.0407731533051
37     52     0.00910520553589
38     52     0.0015652179718
39     52     0.000194311141968
40     52     1.54972076416e-05
41     52     5.96046447754e-07
42     52     0.0
43     52     0.0
44     52     0.0
45     52     0.0
46     52     0.0
47     52     0.0
48     52     0.0
49     52     0.0
50     52     0.0
51     52     0.0
52     52     0.0
53     52     0.0
54     52     0.0
55     52     0.0
56     52     0.0
57     52     0.0
58     52     0.0
59     52     0

0     53     0
1     53     0.0
2     53     0.0
3     53     0.0
4     53     0.0
5     53     0.0
6     53     0.0
7     53     0.0
8     53     0.0
9     53     0.0
10     53     0.0
11     53     0.0
12     53     0.0
13     53     0.0
14     53     0.0
15     53     0.0
16     53     0.0
17     53     5.96046447754e-07
18     53     1.54972076416e-05
19     53     0.000194311141968
20     53     0.0015652179718
21     53     0.00910520553589
22     53     0.0407731533051
23     53     0.146057605743
24     53     0.431958436966
25     53     1.07406318188
26     53     2.28906393051
27     53     4.23401892185
28     53     6.89338088036
29     53     10
30     53     6.89338088036
31     53     4.23401892185
32     53     2.28906393051
33     53     1.07406318188
34     53     0.431958436966
35     53     0.146057605743
36     53     0.0407731533051
37     53     0.00910520553589
38     53     0.0015652179718
39     53     0.000194311141968
40     53     1.54972076416e-05
41     53     5.96046447754e-07
42     53     0.0
43     53     0.0
44     53     0.0
45     53     0.0
46     53     0.0
47     53     0.0
48     53     0.0
49     53     0.0
50     53     0.0
51     53     0.0
52     53     0.0
53     53     0.0
54     53     0.0
55     53     0.0
56     53     0.0
57     53     0.0
58     53     0.0
59     53     0

0     54     0
1     54     0.0
2     54     0.0
3     54     0.0
4     54     0.0
5     54     0.0
6     54     0.0
7     54     0.0
8     54     0.0
9     54     0.0
10     54     0.0
11     54     0.0
12     54     0.0
13     54     0.0
14     54     0.0
15     54     0.0
16     54     0.0
17     54     5.96046447754e-07
18     54     1.54972076416e-05
19     54     0.000194311141968
20     54     0.0015652179718
21     54     0.00910520553589
22     54     0.0404977798462
23     54     0.145181417465
24     54     0.427502393723
25     54     1.06483161449
26     54     2.26863384247
27     54     4.20947790146
28     54     6.87215745449
29     54     10
30     54     6.87215745449
31     54     4.20947790146
32     54     2.26863384247
33     54     1.06483161449
34     54     0.427502393723
35     54     0.145181417465
36     54     0.0404977798462
37     54     0.00910520553589
38     54     0.0015652179718
39     54     0.000194311141968
40     54     1.54972076416e-05
41     54     5.96046447754e-07
42     54     0.0
43     54     0.0
44     54     0.0
45     54     0.0
46     54     0.0
47     54     0.0
48     54     0.0
49     54     0.0
50     54     0.0
51     54     0.0
52     54     0.0
53     54     0.0
54     54     0.0
55     54     0.0
56     54     0.0
57     54     0.0
58     54     0.0
59     54     0

0     55     0
1     55     0.0
2     55     0.0
3     55     0.0
4     55     0.0
5     55     0.0
6     55     0.0
7     55     0.0
8     55     0.0
9     55     0.0
10     55     0.0
11     55     0.0
12     55     0.0
13     55     0.0
14     55     0.0
15     55     0.0
16     55     0.0
17     55     5.96046447754e-07
18     55     1.54972076416e-05
19     55     0.000194311141968
20     55     0.0015652179718
21     55     0.00890851020813
22     55     0.0397217273712
23     55     0.140546560287
24     55     0.415369272232
25     55     1.03121936321
26     55     2.21153497696
27     55     4.12690877914
28     55     6.80768251419
29     55     10
30     55     6.80768251419
31     55     4.12690877914
32     55     2.21153497696
33     55     1.03121936321
34     55     0.415369272232
35     55     0.140546560287
36     55     0.0397217273712
37     55     0.00890851020813
38     55     0.0015652179718
39     55     0.000194311141968
40     55     1.54972076416e-05
41     55     5.96046447754e-07
42     55     0.0
43     55     0.0
44     55     0.0
45     55     0.0
46     55     0.0
47     55     0.0
48     55     0.0
49     55     0.0
50     55     0.0
51     55     0.0
52     55     0.0
53     55     0.0
54     55     0.0
55     55     0.0
56     55     0.0
57     55     0.0
58     55     0.0
59     55     0

0     56     0
1     56     0.0
2     56     0.0
3     56     0.0
4     56     0.0
5     56     0.0
6     56     0.0
7     56     0.0
8     56     0.0
9     56     0.0
10     56     0.0
11     56     0.0
12     56     0.0
13     56     0.0
14     56     0.0
15     56     0.0
16     56     0.0
17     56     5.96046447754e-07
18     56     1.54972076416e-05
19     56     0.000194311141968
20     56     0.00146687030792
21     56     0.00842571258545
22     56     0.0363546609879
23     56     0.129655599594
24     56     0.378855466843
25     56     0.950686335564
26     56     2.05224514008
27     56     3.90899419785
28     56     6.61138415337
29     56     10
30     56     6.61138415337
31     56     3.90899419785
32     56     2.05224514008
33     56     0.950686335564
34     56     0.378855466843
35     56     0.129655599594
36     56     0.0363546609879
37     56     0.00842571258545
38     56     0.00146687030792
39     56     0.000194311141968
40     56     1.54972076416e-05
41     56     5.96046447754e-07
42     56     0.0
43     56     0.0
44     56     0.0
45     56     0.0
46     56     0.0
47     56     0.0
48     56     0.0
49     56     0.0
50     56     0.0
51     56     0.0
52     56     0.0
53     56     0.0
54     56     0.0
55     56     0.0
56     56     0.0
57     56     0.0
58     56     0.0
59     56     0

0     57     0
1     57     0.0
2     57     0.0
3     57     0.0
4     57     0.0
5     57     0.0
6     57     0.0
7     57     0.0
8     57     0.0
9     57     0.0
10     57     0.0
11     57     0.0
12     57     0.0
13     57     0.0
14     57     0.0
15     57     0.0
16     57     0.0
17     57     5.96046447754e-07
18     57     1.54972076416e-05
19     57     0.000161528587341
20     57     0.00126123428345
21     57     0.00674724578857
22     57     0.0296664237976
23     57     0.102991461754
24     57     0.305672883987
25     57     0.76796233654
26     57     1.70312643051
27     57     3.36298346519
28     57     6.06638908386
29     57     10
30     57     6.06638908386
31     57     3.36298346519
32     57     1.70312643051
33     57     0.76796233654
34     57     0.305672883987
35     57     0.102991461754
36     57     0.0296664237976
37     57     0.00674724578857
38     57     0.00126123428345
39     57     0.000161528587341
40     57     1.54972076416e-05
41     57     5.96046447754e-07
42     57     0.0
43     57     0.0
44     57     0.0
45     57     0.0
46     57     0.0
47     57     0.0
48     57     0.0
49     57     0.0
50     57     0.0
51     57     0.0
52     57     0.0
53     57     0.0
54     57     0.0
55     57     0.0
56     57     0.0
57     57     0.0
58     57     0.0
59     57     0

0     58     0
1     58     0.0
2     58     0.0
3     58     0.0
4     58     0.0
5     58     0.0
6     58     0.0
7     58     0.0
8     58     0.0
9     58     0.0
10     58     0.0
11     58     0.0
12     58     0.0
13     58     0.0
14     58     0.0
15     58     0.0
16     58     0.0
17     58     5.96046447754e-07
18     58     8.94069671631e-06
19     58     0.000104904174805
20     58     0.000714063644409
21     58     0.00400066375732
22     58     0.0167238712311
23     58     0.0594806671143
24     58     0.174462199211
25     58     0.449892878532
26     58     1.0259115696
27     58     2.17845916748
28     58     4.52745914459
29     58     10
30     58     4.52745914459
31     58     2.17845916748
32     58     1.0259115696
33     58     0.449892878532
34     58     0.174462199211
35     58     0.0594806671143
36     58     0.0167238712311
37     58     0.00400066375732
38     58     0.000714063644409
39     58     0.000104904174805
40     58     8.94069671631e-06
41     58     5.96046447754e-07
42     58     0.0
43     58     0.0
44     58     0.0
45     58     0.0
46     58     0.0
47     58     0.0
48     58     0.0
49     58     0.0
50     58     0.0
51     58     0.0
52     58     0.0
53     58     0.0
54     58     0.0
55     58     0.0
56     58     0.0
57     58     0.0
58     58     0.0
59     58     0

0     59     0
1     59     0
2     59     0
3     59     0
4     59     0
5     59     0
6     59     0
7     59     0
8     59     0
9     59     0
10     59     0
11     59     0
12     59     0
13     59     0
14     59     0
15     59     0
16     59     0
17     59     0
18     59     0
19     59     0
20     59     0
21     59     0
22     59     0
23     59     0
24     59     0
25     59     0
26     59     0
27     59     0
28     59     0
29     59     0
30     59     0
31     59     0
32     59     0
33     59     0
34     59     0
35     59     0
36     59     0
37     59     0
38     59     0
39     59     0
40     59     0
41     59     0
42     59     0
43     59     0
44     59     0
45     59     0
46     59     0
47     59     0
48     59     0
49     59     0
50     59     0
51     59     0
52     59     0
53     59     0
54     59     0
55     59     0
56     59     0
57     59     0
58     59     0
59     59     0

