0     0     0
1     0     0
2     0     0
3     0     0
4     0     0
5     0     0
6     0     0
7     0     0
8     0     0
9     0     0
10     0     0
11     0     0
12     0     0
13     0     0
14     0     0
15     0     0
16     0     0
17     0     0
18     0     0
19     0     0
20     0     0
21     0     0
22     0     0
23     0     0
24     0     0
25     0     0
26     0     0
27     0     0
28     0     0
29     0     0
30     0     0
31     0     0
32     0     0
33     0     0
34     0     0
35     0     0
36     0     0
37     0     0
38     0     0
39     0     0
40     0     0
41     0     0
42     0     0
43     0     0
44     0     0
45     0     0
46     0     0
47     0     0
48     0     0
49     0     0
50     0     0
51     0     0
52     0     0
53     0     0
54     0     0
55     0     0
56     0     0
57     0     0
58     0     0
59     0     0

0     1     0
1     1     0.0
2     1     0.0
3     1     0.0
4     1     0.0
5     1     0.0
6     1     0.0
7     1     0.0
8     1     0.0
9     1     0.0
10     1     3.63797880709e-11
11     1     8.0035533756e-10
12     1     1.48065737449e-08
13     1     1.53086148202e-07
14     1     1.36646121973e-06
15     1     8.88867361937e-06
16     1     5.08076846018e-05
17     1     0.000234414474107
18     1     0.000963034690358
19     1     0.00336855533533
20     1     0.0106097891694
21     1     0.0294224312529
22     1     0.0743148947367
23     1     0.169626177521
24     1     0.358279444627
25     1     0.70428216015
26     1     1.32295436706
27     1     2.44523681322
28     1     4.68954598866
29     1     10
30     1     4.68954598866
31     1     2.44523681322
32     1     1.32295436706
33     1     0.70428216015
34     1     0.358279444627
35     1     0.169626177521
36     1     0.0743148947367
37     1     0.0294224312529
38     1     0.0106097891694
39     1     0.00336855533533
40     1     0.000963034690358
41     1     0.000234414474107
42     1     5.08076846018e-05
43     1     8.88867361937e-06
44     1     1.36646121973e-06
45     1     1.53086148202e-07
46     1     1.48065737449e-08
47     1     8.0035533756e-10
48     1     3.63797880709e-11
49     1     0.0
50     1     0.0
51     1     0.0
52     1     0.0
53     1     0.0
54     1     0.0
55     1     0.0
56     1     0.0
57     1     0.0
58     1     0.0
59     1     0

0     2     0
1     2     0.0
2     2     0.0
3     2     0.0
4     2     0.0
5     2     0.0
6     2     0.0
7     2     0.0
8     2     0.0
9     2     0.0
10     2     3.63797880709e-11
11     2     1.45519152284e-09
12     2     2.28465069085e-08
13     2     2.81725078821e-07
14     2     2.33398168348e-06
15     2     1.64759694599e-05
16     2     9.05363049242e-05
17     2     0.000436203554273
18     2     0.00175217384822
19     2     0.00627377536148
20     2     0.0194860203192
21     2     0.054626930505
22     2     0.136469276622
23     2     0.311496038921
24     2     0.648023366521
25     2     1.2513529323
26     2     2.25775659826
27     2     3.87107632239
28     2     6.36939332529
29     2     10
30     2     6.36939332529
31     2     3.87107632239
32     2     2.25775659826
33     2     1.2513529323
34     2     0.648023366521
35     2     0.311496038921
36     2     0.136469276622
37     2     0.054626930505
38     2     0.0194860203192
39     2     0.00627377536148
40     2     0.00175217384822
41     2     0.000436203554273
42     2     9.05363049242e-05
43     2     1.64759694599e-05
44     2     2.33398168348e-06
45     2     2.81725078821e-07
46     2     2.28465069085e-08
47     2     1.45519152284e-09
48     2     3.63797880709e-11
49     2     0.0
50     2     0.0
51     2     0.0
52     2     0.0
53     2     0.0
54     2     0.0
55     2     0.0
56     2     0.0
57     2     0.0
58     2     0.0
59     2     0

0     3     0
1     3     0.0
2     3     0.0
3     3     0.0
4     3     0.0
5     3     0.0
6     3     0.0
7     3     0.0
8     3     0.0
9     3     0.0
10     3     3.63797880709e-11
11     3     1.45519152284e-09
12     3     2.84126144834e-08
13     3     3.31201590598e-07
14     3     3.03156411974e-06
15     3     2.06829281524e-05
16     3     0.00011987543985
17     3     0.000565875670873
18     3     0.0023416915792
19     3     0.00827665004181
20     3     0.0261092867004
21     3     0.0724813947454
22     3     0.181955855223
23     3     0.410739358631
24     3     0.848592901602
25     3     1.60554256174
26     3     2.81655897808
27     3     4.59921725385
28     3     7.02984335789
29     3     10
30     3     7.02984335789
31     3     4.59921725385
32     3     2.81655897808
33     3     1.60554256174
34     3     0.848592901602
35     3     0.410739358631
36     3     0.181955855223
37     3     0.0724813947454
38     3     0.0261092867004
39     3     0.00827665004181
40     3     0.0023416915792
41     3     0.000565875670873
42     3     0.00011987543985
43     3     2.06829281524e-05
44     3     3.03156411974e-06
45     3     3.31201590598e-07
46     3     2.84126144834e-08
47     3     1.45519152284e-09
48     3     3.63797880709e-11
49     3     0.0
50     3     0.0
51     3     0.0
52     3     0.0
53     3     0.0
54     3     0.0
55     3     0.0
56     3     0.0
57     3     0.0
58     3     0.0
59     3     0

0     4     0
1     4     0.0
2     4     0.0
3     4     0.0
4     4     0.0
5     4     0.0
6     4     0.0
7     4     0.0
8     4     0.0
9     4     0.0
10     4     3.63797880709e-11
11     4     1.45519152284e-09
12     4     2.84126144834e-08
13     4     3.60887497663e-07
14     4     3.24183929479e-06
15     4     2.33293394558e-05
16     4     0.000133282264869
17     4     0.000649716239423
18     4     0.00266219707555
19     4     0.00958606484346
20     4     0.0300174385484
21     4     0.0840744189918
22     4     0.209517902986
23     4     0.473075017799
24     4     0.966903454682
25     4     1.81059324648
26     4     3.11279195987
27     4     4.95135833393
28     4     7.30214125462
29     4     10
30     4     7.30214125462
31     4     4.95135833393
32     4     3.11279195987
33     4     1.81059324648
34     4     0.966903454682
35     4     0.473075017799
36     4     0.209517902986
37     4     0.0840744189918
38     4     0.0300174385484
39     4     0.00958606484346
40     4     0.00266219707555
41     4     0.000649716239423
42     4     0.000133282264869
43     4     2.33293394558e-05
44     4     3.24183929479e-06
45     4     3.60887497663e-07
46     4     2.84126144834e-08
47     4     1.45519152284e-09
48     4     3.63797880709e-11
49     4     0.0
50     4     0.0
51     4     0.0
52     4     0.0
53     4     0.0
54     4     0.0
55     4     0.0
56     4     0.0
57     4     0.0
58     4     0.0
59     4     0

0     5     0
1     5     0.0
2     5     0.0
3     5     0.0
4     5     0.0
5     5     0.0
6     5     0.0
7     5     0.0
8     5     0.0
9     5     0.0
10     5     3.63797880709e-11
11     5     1.45519152284e-09
12     5     2.84126144834e-08
13     5     3.60887497663e-07
14     5     3.35316144628e-06
15     5     2.39873770624e-05
16     5     0.000140741431096
17     5     0.000682243262418
18     5     0.00284556648694
19     5     0.010199683893
20     5     0.0322729969048
21     5     0.0900032446953
22     5     0.225218731211
23     5     0.505722190137
24     5     1.0313990718
25     5     1.9141669909
26     5     3.25988599696
27     5     5.11061827128
28     5     7.41722776336
29     5     10
30     5     7.41722776336
31     5     5.11061827128
32     5     3.25988599696
33     5     1.9141669909
34     5     1.0313990718
35     5     0.505722190137
36     5     0.225218731211
37     5     0.0900032446953
38     5     0.0322729969048
39     5     0.010199683893
40     5     0.00284556648694
41     5     0.000682243262418
42     5     0.000140741431096
43     5     2.39873770624e-05
44     5     3.35316144628e-06
45     5     3.60887497663e-07
46     5     2.84126144834e-08
47     5     1.45519152284e-09
48     5     3.63797880709e-11
49     5     0.0
50     5     0.0
51     5     0.0
52     5     0.0
53     5     0.0
54     5     0.0
55     5     0.0
56     5     0.0
57     5     0.0
58     5     0.0
59     5     0

0     6     0
1     6     0.0
2     6     0.0
3     6     0.0
4     6     0.0
5     6     0.0
6     6     0.0
7     6     0.0
8     6     0.0
9     6     0.0
10     6     3.63797880709e-11
11     6     1.45519152284e-09
12     6     2.84126144834e-08
13     6     3.60887497663e-07
14     6     3.35316144628e-06
15     6     2.42990790866e-05
16     6     0.000142317257996
17     6     0.000698431394994
18     6     0.002907099406
19     6     0.0105133093894
20     6     0.0331955905858
21     6     0.093050529249
22     6     0.232245622974
23     6     0.5221992312
24     6     1.0609021553
25     6     1.96392579935
26     6     3.32472105205
27     6     5.18070382182
28     6     7.46377874937
29     6     10
30     6     7.46377874937
31     6     5.18070382182
32     6     3.32472105205
33     6     1.96392579935
34     6     1.0609021553
35     6     0.5221992312
36     6     0.232245622974
37     6     0.093050529249
38     6     0.0331955905858
39     6     0.0105133093894
40     6     0.002907099406
41     6     0.000698431394994
42     6     0.000142317257996
43     6     2.42990790866e-05
44     6     3.35316144628e-06
45     6     3.60887497663e-07
46     6     2.84126144834e-08
47     6     1.45519152284e-09
48     6     3.63797880709e-11
49     6     0.0
50     6     0.0
51     6     0.0
52     6     0.0
53     6     0.0
54     6     0.0
55     6     0.0
56     6     0.0
57     6     0.0
58     6     0.0
59     6     0

0     7     0
1     7     0.0
2     7     0.0
3     7     0.0
4     7     0.0
5     7     0.0
6     7     0.0
7     7     0.0
8     7     0.0
9     7     0.0
10     7     3.63797880709e-11
11     7     1.45519152284e-09
12     7     2.84126144834e-08
13     7     3.60887497663e-07
14     7     3.35316144628e-06
15     7     2.42990790866e-05
16     7     0.000142992612382
17     7     0.000701390090398
18     7     0.00293475488434
19     7     0.0106054281059
20     7     0.0336204537598
21     7     0.0941476755543
22     7     0.235489660845
23     7     0.528699779679
24     7     1.07423510752
25     7     1.98399612098
26     7     3.3526484466
27     7     5.20816283068
28     7     7.48257341926
29     7     10
30     7     7.48257341926
31     7     5.20816283068
32     7     3.3526484466
33     7     1.98399612098
34     7     1.07423510752
35     7     0.528699779679
36     7     0.235489660845
37     7     0.0941476755543
38     7     0.0336204537598
39     7     0.0106054281059
40     7     0.00293475488434
41     7     0.000701390090398
42     7     0.000142992612382
43     7     2.42990790866e-05
44     7     3.35316144628e-06
45     7     3.60887497663e-07
46     7     2.84126144834e-08
47     7     1.45519152284e-09
48     7     3.63797880709e-11
49     7     0.0
50     7     0.0
51     7     0.0
52     7     0.0
53     7     0.0
54     7     0.0
55     7     0.0
56     7     0.0
57     7     0.0
58     7     0.0
59     7     0

0     8     0
1     8     0.0
2     8     0.0
3     8     0.0
4     8     0.0
5     8     0.0
6     8     0.0
7     8     0.0
8     8     0.0
9     8     0.0
10     8     3.63797880709e-11
11     8     1.45519152284e-09
12     8     2.84126144834e-08
13     8     3.60887497663e-07
14     8     3.35316144628e-06
15     8     2.42990790866e-05
16     8     0.000142992612382
17     8     0.000702547840774
18     8     0.00293917684758
19     8     0.0106431212043
20     8     0.0337304826098
21     8     0.0946063944139
22     8     0.236523058047
23     8     0.531417474267
24     8     1.07889412327
25     8     1.99220522307
26     8     3.36265131031
27     8     5.21895403625
28     8     7.48920757629
29     8     10
30     8     7.48920757629
31     8     5.21895403625
32     8     3.36265131031
33     8     1.99220522307
34     8     1.07889412327
35     8     0.531417474267
36     8     0.236523058047
37     8     0.0946063944139
38     8     0.0337304826098
39     8     0.0106431212043
40     8     0.00293917684758
41     8     0.000702547840774
42     8     0.000142992612382
43     8     2.42990790866e-05
44     8     3.35316144628e-06
45     8     3.60887497663e-07
46     8     2.84126144834e-08
47     8     1.45519152284e-09
48     8     3.63797880709e-11
49     8     0.0
50     8     0.0
51     8     0.0
52     8     0.0
53     8     0.0
54     8     0.0
55     8     0.0
56     8     0.0
57     8     0.0
58     8     0.0
59     8     0

0     9     0
1     9     0.0
2     9     0.0
3     9     0.0
4     9     0.0
5     9     0.0
6     9     0.0
7     9     0.0
8     9     0.0
9     9     0.0
10     9     3.63797880709e-11
11     9     1.45519152284e-09
12     9     2.84126144834e-08
13     9     3.60887497663e-07
14     9     3.35316144628e-06
15     9     2.42990790866e-05
16     9     0.000142992612382
17     9     0.000702547840774
18     9     0.00294076875434
19     9     0.0106484275602
20     9     0.0337717577349
21     9     0.0947115226882
22     9     0.236918027804
23     9     0.532185030606
24     9     1.08067159788
25     9     1.99475012661
26     9     3.36639273402
27     9     5.2223952068
28     9     7.49162380132
29     9     10
30     9     7.49162380132
31     9     5.2223952068
32     9     3.36639273402
33     9     1.99475012661
34     9     1.08067159788
35     9     0.532185030606
36     9     0.236918027804
37     9     0.0947115226882
38     9     0.0337717577349
39     9     0.0106484275602
40     9     0.00294076875434
41     9     0.000702547840774
42     9     0.000142992612382
43     9     2.42990790866e-05
44     9     3.35316144628e-06
45     9     3.60887497663e-07
46     9     2.84126144834e-08
47     9     1.45519152284e-09
48     9     3.63797880709e-11
49     9     0.0
50     9     0.0
51     9     0.0
52     9     0.0
53     9     0.0
54     9     0.0
55     9     0.0
56     9     0.0
57     9     0.0
58     9     0.0
59     9     0

0     10     0
1     10     3.63797880709e-11
2     10     3.63797880709e-11
3     10     3.63797880709e-11
4     10     3.63797880709e-11
5     10     3.63797880709e-11
6     10     3.63797880709e-11
7     10     3.63797880709e-11
8     10     3.63797880709e-11
9     10     3.63797880709e-11
10     10     7.27595761418e-11
11     10     1.49157131091e-09
12     10     2.84489942715e-08
13     10     3.60923877452e-07
14     10     3.35319782607e-06
15     10     2.42991154664e-05
16     10     0.000142992648762
17     10     0.000702547877154
18     10     0.00294076879072
19     10     0.0106501963819
20     10     0.0337768872487
21     10     0.0947478972739
22     10     0.236998163273
23     10     0.532454856475
24     10     1.08111610785
25     10     1.9956424367
26     10     3.36741904324
27     10     5.22358341263
28     10     7.49230646838
29     10     10
30     10     7.49230646838
31     10     5.22358341263
32     10     3.36741904324
33     10     1.9956424367
34     10     1.08111610785
35     10     0.532454856475
36     10     0.236998163273
37     10     0.0947478972739
38     10     0.0337768872487
39     10     0.0106501963819
40     10     0.00294076879072
41     10     0.000702547877154
42     10     0.000142992648762
43     10     2.42991154664e-05
44     10     3.35319782607e-06
45     10     3.60923877452e-07
46     10     2.84489942715e-08
47     10     1.49157131091e-09
48     10     7.27595761418e-11
49     10     3.63797880709e-11
50     10     3.63797880709e-11
51     10     3.63797880709e-11
52     10     3.63797880709e-11
53     10     3.63797880709e-11
54     10     3.63797880709e-11
55     10     3.63797880709e-11
56     10     3.63797880709e-11
57     10     3.63797880709e-11
58     10     3.63797880709e-11
59     10     0

0     11     0
1     11     8.0035533756e-10
2     11     1.45519152284e-09
3     11     1.45519152284e-09
4     11     1.45519152284e-09
5     11     1.45519152284e-09
6     11     1.45519152284e-09
7     11     1.45519152284e-09
8     11     1.45519152284e-09
9     11     1.45519152284e-09
10     11     1.49157131091e-09
11     11     2.91038304567e-09
12     11     2.98678060062e-08
13     11     3.62342689186e-07
14     11     3.35461663781e-06
15     11     2.43005342782e-05
16     11     0.000142994067573
17     11     0.000702549295966
18     11     0.00294077020953
19     11     0.0106501978007
20     11     0.0337784805743
21     11     0.0947518864996
22     11     0.237023874506
23     11     0.532503176946
24     11     1.08126062565
25     11     1.99583895243
26     11     3.36775189397
27     11     5.22386927449
28     11     7.49252580081
29     11     10
30     11     7.49252580081
31     11     5.22386927449
32     11     3.36775189397
33     11     1.99583895243
34     11     1.08126062565
35     11     0.532503176946
36     11     0.237023874506
37     11     0.0947518864996
38     11     0.0337784805743
39     11     0.0106501978007
40     11     0.00294077020953
41     11     0.000702549295966
42     11     0.000142994067573
43     11     2.43005342782e-05
44     11     3.35461663781e-06
45     11     3.62342689186e-07
46     11     2.98678060062e-08
47     11     2.91038304567e-09
48     11     1.49157131091e-09
49     11     1.45519152284e-09
50     11     1.45519152284e-09
51     11     1.45519152284e-09
52     11     1.45519152284e-09
53     11     1.45519152284e-09
54     11     1.45519152284e-09
55     11     1.45519152284e-09
56     11     1.45519152284e-09
57     11     1.45519152284e-09
58     11     8.0035533756e-10
59     11     0

0     12     0
1     12     1.48065737449e-08
2     12     2.28465069085e-08
3     12     2.84126144834e-08
4     12     2.84126144834e-08
5     12     2.84126144834e-08
6     12     2.84126144834e-08
7     12     2.84126144834e-08
8     12     2.84126144834e-08
9     12     2.84126144834e-08
10     12     2.84489942715e-08
11     12     2.98678060062e-08
12     12     5.68252289668e-08
13     12     3.89300112147e-07
14     12     3.38157406077e-06
15     12     2.43274917011e-05
16     12     0.000143021024996
17     12     0.000702576253389
18     12     0.00294079716696
19     12     0.0106502247581
20     12     0.0337785075317
21     12     0.0947530712074
22     12     0.237026377763
23     12     0.532517645515
24     12     1.0812833325
25     12     1.9958983576
26     12     3.36781575799
27     12     5.22395553424
28     12     7.4925712508
29     12     10
30     12     7.4925712508
31     12     5.22395553424
32     12     3.36781575799
33     12     1.9958983576
34     12     1.0812833325
35     12     0.532517645515
36     12     0.237026377763
37     12     0.0947530712074
38     12     0.0337785075317
39     12     0.0106502247581
40     12     0.00294079716696
41     12     0.000702576253389
42     12     0.000143021024996
43     12     2.43274917011e-05
44     12     3.38157406077e-06
45     12     3.89300112147e-07
46     12     5.68252289668e-08
47     12     2.98678060062e-08
48     12     2.84489942715e-08
49     12     2.84126144834e-08
50     12     2.84126144834e-08
51     12     2.84126144834e-08
52     12     2.84126144834e-08
53     12     2.84126144834e-08
54     12     2.84126144834e-08
55     12     2.84126144834e-08
56     12     2.84126144834e-08
57     12     2.28465069085e-08
58     12     1.48065737449e-08
59     12     0

0     13     0
1     13     1.53086148202e-07
2     13     2.81725078821e-07
3     13     3.31201590598e-07
4     13     3.60887497663e-07
5     13     3.60887497663e-07
6     13     3.60887497663e-07
7     13     3.60887497663e-07
8     13     3.60887497663e-07
9     13     3.60887497663e-07
10     13     3.60923877452e-07
11     13     3.62342689186e-07
12     13     3.89300112147e-07
13     13     7.21774995327e-07
14     13     3.71404894395e-06
15     13     2.46599665843e-05
16     13     0.00014335349988
17     13     0.000702908728272
18     13     0.00294112964184
19     13     0.010650557233
20     13     0.0337788400066
21     13     0.0947534036823
22     13     0.237027385592
23     13     0.532519190165
24     13     1.08129000597
25     13     1.99590675475
26     13     3.36783406074
27     13     5.22396991204
28     13     7.49258419291
29     13     10
30     13     7.49258419291
31     13     5.22396991204
32     13     3.36783406074
33     13     1.99590675475
34     13     1.08129000597
35     13     0.532519190165
36     13     0.237027385592
37     13     0.0947534036823
38     13     0.0337788400066
39     13     0.010650557233
40     13     0.00294112964184
41     13     0.000702908728272
42     13     0.00014335349988
43     13     2.46599665843e-05
44     13     3.71404894395e-06
45     13     7.21774995327e-07
46     13     3.89300112147e-07
47     13     3.62342689186e-07
48     13     3.60923877452e-07
49     13     3.60887497663e-07
50     13     3.60887497663e-07
51     13     3.60887497663e-07
52     13     3.60887497663e-07
53     13     3.60887497663e-07
54     13     3.60887497663e-07
55     13     3.60887497663e-07
56     13     3.31201590598e-07
57     13     2.81725078821e-07
58     13     1.53086148202e-07
59     13     0

0     14     0
1     14     1.36646121973e-06
2     14     2.33398168348e-06
3     14     3.03156411974e-06
4     14     3.24183929479e-06
5     14     3.35316144628e-06
6     14     3.35316144628e-06
7     14     3.35316144628e-06
8     14     3.35316144628e-06
9     14     3.35316144628e-06
10     14     3.35319782607e-06
11     14     3.35461663781e-06
12     14     3.38157406077e-06
13     14     3.71404894395e-06
14     14     6.70632289257e-06
15     14     2.76522405329e-05
16     14     0.000146345773828
17     14     0.00070590100222
18     14     0.00294412191579
19     14     0.010653549507
20     14     0.0337818322805
21     14     0.0947563959562
22     14     0.237030377866
23     14     0.532522494141
24     14     1.0812934559
25     14     1.99591172302
26     14     3.36783880895
27     14     5.22397561457
28     14     7.49258710661
29     14     10
30     14     7.49258710661
31     14     5.22397561457
32     14     3.36783880895
33     14     1.99591172302
34     14     1.0812934559
35     14     0.532522494141
36     14     0.237030377866
37     14     0.0947563959562
38     14     0.0337818322805
39     14     0.010653549507
40     14     0.00294412191579
41     14     0.00070590100222
42     14     0.000146345773828
43     14     2.76522405329e-05
44     14     6.70632289257e-06
45     14     3.71404894395e-06
46     14     3.38157406077e-06
47     14     3.35461663781e-06
48     14     3.35319782607e-06
49     14     3.35316144628e-06
50     14     3.35316144628e-06
51     14     3.35316144628e-06
52     14     3.35316144628e-06
53     14     3.35316144628e-06
54     14     3.35316144628e-06
55     14     3.24183929479e-06
56     14     3.03156411974e-06
57     14     2.33398168348e-06
58     14     1.36646121973e-06
59     14     0

0     15     0
1     15     8.88867361937e-06
2     15     1.64759694599e-05
3     15     2.06829281524e-05
4     15     2.33293394558e-05
5     15     2.39873770624e-05
6     15     2.42990790866e-05
7     15     2.42990790866e-05
8     15     2.42990790866e-05
9     15     2.42990790866e-05
10     15     2.42991154664e-05
11     15     2.43005342782e-05
12     15     2.43274917011e-05
13     15     2.46599665843e-05
14     15     2.76522405329e-05
15     15     4.85981581733e-05
16     15     0.000167291691469
17     15     0.000726846919861
18     15     0.00296506783343
19     15     0.0106744954246
20     15     0.0338027781982
21     15     0.0947773418739
22     15     0.237051323784
23     15     0.532543440058
24     15     1.08131409012
25     15     1.99593181052
26     15     3.36785646032
27     15     5.22398975656
28     15     7.49259462882
29     15     10
30     15     7.49259462882
31     15     5.22398975656
32     15     3.36785646032
33     15     1.99593181052
34     15     1.08131409012
35     15     0.532543440058
36     15     0.237051323784
37     15     0.0947773418739
38     15     0.0338027781982
39     15     0.0106744954246
40     15     0.00296506783343
41     15     0.000726846919861
42     15     0.000167291691469
43     15     4.85981581733e-05
44     15     2.76522405329e-05
45     15     2.46599665843e-05
46     15     2.43274917011e-05
47     15     2.43005342782e-05
48     15     2.42991154664e-05
49     15     2.42990790866e-05
50     15     2.42990790866e-05
51     15     2.42990790866e-05
52     15     2.42990790866e-05
53     15     2.42990790866e-05
54     15     2.39873770624e-05
55     15     2.33293394558e-05
56     15     2.06829281524e-05
57     15     1.64759694599e-05
58     15     8.88867361937e-06
59     15     0

0     16     0
1     16     5.08076846018e-05
2     16     9.05363049242e-05
3     16     0.00011987543985
4     16     0.000133282264869
5     16     0.000140741431096
6     16     0.000142317257996
7     16     0.000142992612382
8     16     0.000142992612382
9     16     0.000142992612382
10     16     0.000142992648762
11     16     0.000142994067573
12     16     0.000143021024996
13     16     0.00014335349988
14     16     0.000146345773828
15     16     0.000167291691469
16     16     0.000285985224764
17     16     0.000845540453156
18     16     0.00308376136672
19     16     0.0107931889579
20     16     0.0339214717314
21     16     0.0948960354071
22     16     0.237170017317
23     16     0.532661146535
24     16     1.08143038651
25     16     1.99603967612
26     16     3.36795360497
27     16     5.22406016662
28     16     7.49263484751
29     16     10
30     16     7.49263484751
31     16     5.22406016662
32     16     3.36795360497
33     16     1.99603967612
34     16     1.08143038651
35     16     0.532661146535
36     16     0.237170017317
37     16     0.0948960354071
38     16     0.0339214717314
39     16     0.0107931889579
40     16     0.00308376136672
41     16     0.000845540453156
42     16     0.000285985224764
43     16     0.000167291691469
44     16     0.000146345773828
45     16     0.00014335349988
46     16     0.000143021024996
47     16     0.000142994067573
48     16     0.000142992648762
49     16     0.000142992612382
50     16     0.000142992612382
51     16     0.000142992612382
52     16     0.000142992612382
53     16     0.000142317257996
54     16     0.000140741431096
55     16     0.000133282264869
56     16     0.00011987543985
57     16     9.05363049242e-05
58     16     5.08076846018e-05
59     16     0

0     17     0
1     17     0.000234414474107
2     17     0.000436203554273
3     17     0.000565875670873
4     17     0.000649716239423
5     17     0.000682243262418
6     17     0.000698431394994
7     17     0.000701390090398
8     17     0.000702547840774
9     17     0.000702547840774
10     17     0.000702547877154
11     17     0.000702549295966
12     17     0.000702576253389
13     17     0.000702908728272
14     17     0.00070590100222
15     17     0.000726846919861
16     17     0.000845540453156
17     17     0.00140509568155
18     17     0.00364331659512
19     17     0.0113527441863
20     17     0.0344810269598
21     17     0.0954555906355
22     17     0.237727739441
23     17     0.533216048498
24     17     1.08196554735
25     17     1.99654804543
26     17     3.36838160525
27     17     5.22439171495
28     17     7.49280565047
29     17     10
30     17     7.49280565047
31     17     5.22439171495
32     17     3.36838160525
33     17     1.99654804543
34     17     1.08196554735
35     17     0.533216048498
36     17     0.237727739441
37     17     0.0954555906355
38     17     0.0344810269598
39     17     0.0113527441863
40     17     0.00364331659512
41     17     0.00140509568155
42     17     0.000845540453156
43     17     0.000726846919861
44     17     0.00070590100222
45     17     0.000702908728272
46     17     0.000702576253389
47     17     0.000702549295966
48     17     0.000702547877154
49     17     0.000702547840774
50     17     0.000702547840774
51     17     0.000702547840774
52     17     0.000701390090398
53     17     0.000698431394994
54     17     0.000682243262418
55     17     0.000649716239423
56     17     0.000565875670873
57     17     0.000436203554273
58     17     0.000234414474107
59     17     0

0     18     0
1     18     0.000963034690358
2     18     0.00175217384822
3     18     0.0023416915792
4     18     0.00266219707555
5     18     0.00284556648694
6     18     0.002907099406
7     18     0.00293475488434
8     18     0.00293917684758
9     18     0.00294076875434
10     18     0.00294076879072
11     18     0.00294077020953
12     18     0.00294079716696
13     18     0.00294112964184
14     18     0.00294412191579
15     18     0.00296506783343
16     18     0.00308376136672
17     18     0.00364331659512
18     18     0.00588153750869
19     18     0.0135909650999
20     18     0.0367192478734
21     18     0.097691061892
22     18     0.239958627935
23     18     0.535410274897
24     18     1.08410619068
25     18     1.99850114805
26     18     3.37009358409
27     18     5.22562144688
28     18     7.4934888347
29     18     10
30     18     7.4934888347
31     18     5.22562144688
32     18     3.37009358409
33     18     1.99850114805
34     18     1.08410619068
35     18     0.535410274897
36     18     0.239958627935
37     18     0.097691061892
38     18     0.0367192478734
39     18     0.0135909650999
40     18     0.00588153750869
41     18     0.00364331659512
42     18     0.00308376136672
43     18     0.00296506783343
44     18     0.00294412191579
45     18     0.00294112964184
46     18     0.00294079716696
47     18     0.00294077020953
48     18     0.00294076879072
49     18     0.00294076875434
50     18     0.00294076875434
51     18     0.00293917684758
52     18     0.00293475488434
53     18     0.002907099406
54     18     0.00284556648694
55     18     0.00266219707555
56     18     0.0023416915792
57     18     0.00175217384822
58     18     0.000963034690358
59     18     0

0     19     0
1     19     0.00336855533533
2     19     0.00627377536148
3     19     0.00827665004181
4     19     0.00958606484346
5     19     0.010199683893
6     19     0.0105133093894
7     19     0.0106054281059
8     19     0.0106431212043
9     19     0.0106484275602
10     19     0.0106501963819
11     19     0.0106501978007
12     19     0.0106502247581
13     19     0.010650557233
14     19     0.010653549507
15     19     0.0106744954246
16     19     0.0107931889579
17     19     0.0113527441863
18     19     0.0135909650999
19     19     0.021300392691
20     19     0.0444253147725
21     19     0.105391018442
22     19     0.247603591342
23     19     0.542968165828
24     19     1.09131579171
25     19     2.00522850151
26     19     3.37569569325
27     19     5.22985718795
28     19     7.49567502367
29     19     10
30     19     7.49567502367
31     19     5.22985718795
32     19     3.37569569325
33     19     2.00522850151
34     19     1.09131579171
35     19     0.542968165828
36     19     0.247603591342
37     19     0.105391018442
38     19     0.0444253147725
39     19     0.021300392691
40     19     0.0135909650999
41     19     0.0113527441863
42     19     0.0107931889579
43     19     0.0106744954246
44     19     0.010653549507
45     19     0.010650557233
46     19     0.0106502247581
47     19     0.0106501978007
48     19     0.0106501963819
49     19     0.0106501963455
50     19     0.0106484275602
51     19     0.0106431212043
52     19     0.0106054281059
53     19     0.0105133093894
54     19     0.010199683893
55     19     0.00958606484346
56     19     0.00827665004181
57     19     0.00627377536148
58     19     0.00336855533533
59     19     0

0     20     0
1     20     0.0106097891694
2     20     0.0194860203192
3     20     0.0261092867004
4     20     0.0300174385484
5     20     0.0322729969048
6     20     0.0331955905858
7     20     0.0336204537598
8     20     0.0337304826098
9     20     0.0337717577349
10     20     0.0337768872487
11     20     0.0337784805743
12     20     0.0337785075317
13     20     0.0337788400066
14     20     0.0337818322805
15     20     0.0338027781982
16     20     0.0339214717314
17     20     0.0344810269598
18     20     0.0367192478734
19     20     0.0444253147725
20     20     0.0675435154699
21     20     0.128442005298
22     20     0.270538481564
23     20     0.565380621192
24     20     1.11294459479
25     20     2.02476756516
26     20     3.39250202072
27     20     5.24188122712
28     20     7.50223359049
29     20     10
30     20     7.50223359049
31     20     5.24188122712
32     20     3.39250202072
33     20     2.02476756516
34     20     1.11294459479
35     20     0.565380621192
36     20     0.270538481564
37     20     0.128442005298
38     20     0.0675435154699
39     20     0.0444253147725
40     20     0.0367192478734
41     20     0.0344810269598
42     20     0.0339214717314
43     20     0.0338027781982
44     20     0.0337818322805
45     20     0.0337788400066
46     20     0.0337785075317
47     20     0.0337784805743
48     20     0.0337784791554
49     20     0.0337768872123
50     20     0.0337717577349
51     20     0.0337304826098
52     20     0.0336204537598
53     20     0.0331955905858
54     20     0.0322729969048
55     20     0.0300174385484
56     20     0.0261092867004
57     20     0.0194860203192
58     20     0.0106097891694
59     20     0

0     21     0
1     21     0.0294224312529
2     21     0.054626930505
3     21     0.0724813947454
4     21     0.0840744189918
5     21     0.0900032446953
6     21     0.093050529249
7     21     0.0941476755543
8     21     0.0946063944139
9     21     0.0947115226882
10     21     0.0947478972739
11     21     0.0947518864996
12     21     0.0947530712074
13     21     0.0947534036823
14     21     0.0947563959562
15     21     0.0947773418739
16     21     0.0948960354071
17     21     0.0954555906355
18     21     0.097691061892
19     21     0.105391018442
20     21     0.128442005298
21     21     0.189212788828
22     21     0.330670733601
23     21     0.624468003516
24     21     1.16889736797
25     21     2.07627964206
26     21     3.43513270505
27     21     5.27358096675
28     21     7.51863000754
29     21     10
30     21     7.51863000754
31     21     5.27358096675
32     21     3.43513270505
33     21     2.07627964206
34     21     1.16889736797
35     21     0.624468003516
36     21     0.330670733601
37     21     0.189212788828
38     21     0.128442005298
39     21     0.105391018442
40     21     0.097691061892
41     21     0.0954555906355
42     21     0.0948960354071
43     21     0.0947773418739
44     21     0.0947563959562
45     21     0.0947534036823
46     21     0.0947530712074
47     21     0.09475304425
48     21     0.0947518850808
49     21     0.0947478972375
50     21     0.0947115226882
51     21     0.0946063944139
52     21     0.0941476755543
53     21     0.093050529249
54     21     0.0900032446953
55     21     0.0840744189918
56     21     0.0724813947454
57     21     0.054626930505
58     21     0.0294224312529
59     21     0

0     22     0
1     22     0.0743148947367
2     22     0.136469276622
3     22     0.181955855223
4     22     0.209517902986
5     22     0.225218731211
6     22     0.232245622974
7     22     0.235489660845
8     22     0.236523058047
9     22     0.236918027804
10     22     0.236998163273
11     22     0.237023874506
12     22     0.237026377763
13     22     0.237027385592
14     22     0.237030377866
15     22     0.237051323784
16     22     0.237170017317
17     22     0.237727739441
18     22     0.239958627935
19     22     0.247603591342
20     22     0.270538481564
21     22     0.330670733601
22     22     0.47097932169
23     22     0.760945402653
24     22     1.29945383873
25     22     2.19351402397
26     22     3.53460430182
27     22     5.3446321073
28     22     7.55688831399
29     22     10
30     22     7.55688831399
31     22     5.3446321073
32     22     3.53460430182
33     22     2.19351402397
34     22     1.29945383873
35     22     0.760945402653
36     22     0.47097932169
37     22     0.330670733601
38     22     0.270538481564
39     22     0.247603591342
40     22     0.239958627935
41     22     0.237727739441
42     22     0.237170017317
43     22     0.237051323784
44     22     0.237030377866
45     22     0.237027385592
46     22     0.237027053117
47     22     0.237026350806
48     22     0.237023873087
49     22     0.236998163236
50     22     0.236918027804
51     22     0.236523058047
52     22     0.235489660845
53     22     0.232245622974
54     22     0.225218731211
55     22     0.209517902986
56     22     0.181955855223
57     22     0.136469276622
58     22     0.0743148947367
59     22     0

0     23     0
1     23     0.169626177521
2     23     0.311496038921
3     23     0.410739358631
4     23     0.473075017799
5     23     0.505722190137
6     23     0.5221992312
7     23     0.528699779679
8     23     0.531417474267
9     23     0.532185030606
10     23     0.532454856475
11     23     0.532503176946
12     23     0.532517645515
13     23     0.532519190165
14     23     0.532522494141
15     23     0.532543440058
16     23     0.532661146535
17     23     0.533216048498
18     23     0.535410274897
19     23     0.542968165828
20     23     0.565380621192
21     23     0.624468003516
22     23     0.760945402653
23     23     1.0443984624
24     23     1.56662434543
25     23     2.43700081715
26     23     3.73546041068
27     23     5.49219986075
28     23     7.63340492689
29     23     10
30     23     7.63340492689
31     23     5.49219986075
32     23     3.73546041068
33     23     2.43700081715
34     23     1.56662434543
35     23     1.0443984624
36     23     0.760945402653
37     23     0.624468003516
38     23     0.565380621192
39     23     0.542968165828
40     23     0.535410274897
41     23     0.533216048498
42     23     0.532661146535
43     23     0.532543440058
44     23     0.532522494141
45     23     0.532519501867
46     23     0.53251885769
47     23     0.532517618558
48     23     0.532503175527
49     23     0.532454856439
50     23     0.532185030606
51     23     0.531417474267
52     23     0.528699779679
53     23     0.5221992312
54     23     0.505722190137
55     23     0.473075017799
56     23     0.410739358631
57     23     0.311496038921
58     23     0.169626177521
59     23     0

0     24     0
1     24     0.358279444627
2     24     0.648023366521
3     24     0.848592901602
4     24     0.966903454682
5     24     1.0313990718
6     24     1.0609021553
7     24     1.07423510752
8     24     1.07889412327
9     24     1.08067159788
10     24     1.08111610785
11     24     1.08126062565
12     24     1.0812833325
13     24     1.08129000597
14     24     1.0812934559
15     24     1.08131409012
16     24     1.08143038651
17     24     1.08196554735
18     24     1.08410619068
19     24     1.09131579171
20     24     1.11294459479
21     24     1.16889736797
22     24     1.29945383873
23     24     1.56662434543
24     24     2.0627981436
25     24     2.88107044558
26     24     4.10847889856
27     24     5.7586416378
28     24     7.77550720799
29     24     10
30     24     7.77550720799
31     24     5.7586416378
32     24     4.10847889856
33     24     2.88107044558
34     24     2.0627981436
35     24     1.56662434543
36     24     1.29945383873
37     24     1.16889736797
38     24     1.11294459479
39     24     1.09131579171
40     24     1.08410619068
41     24     1.08196554735
42     24     1.08143038651
43     24     1.08131409012
44     24     1.08129356722
45     24     1.08129046363
46     24     1.08128967349
47     24     1.08128330554
48     24     1.08126062423
49     24     1.08111610782
50     24     1.08067159788
51     24     1.07889412327
52     24     1.07423510752
53     24     1.0609021553
54     24     1.0313990718
55     24     0.966903454682
56     24     0.848592901602
57     24     0.648023366521
58     24     0.358279444627
59     24     0

0     25     0
1     25     0.70428216015
2     25     1.2513529323
3     25     1.60554256174
4     25     1.81059324648
5     25     1.9141669909
6     25     1.96392579935
7     25     1.98399612098
8     25     1.99220522307
9     25     1.99475012661
10     25     1.9956424367
11     25     1.99583895243
12     25     1.9958983576
13     25     1.99590675475
14     25     1.99591172302
15     25     1.99593181052
16     25     1.99603967612
17     25     1.99654804543
18     25     1.99850114805
19     25     2.00522850151
20     25     2.02476756516
21     25     2.07627964206
22     25     2.19351402397
23     25     2.43700081715
24     25     2.88107044558
25     25     3.62118649296
26     25     4.7183345216
27     25     6.20271126623
28     25     8.00642341477
29     25     10
30     25     8.00642341477
31     25     6.20271126623
32     25     4.7183345216
33     25     3.62118649296
34     25     2.88107044558
35     25     2.43700081715
36     25     2.19351402397
37     25     2.07627964206
38     25     2.02476756516
39     25     2.00522850151
40     25     1.99850114805
41     25     1.99654804543
42     25     1.99603967612
43     25     1.99593184021
44     25     1.99591185166
45     25     1.99590887176
46     25     1.99590642227
47     25     1.99589833064
48     25     1.99583895101
49     25     1.99564243667
50     25     1.99475012661
51     25     1.99220522307
52     25     1.98399612098
53     25     1.96392579935
54     25     1.9141669909
55     25     1.81059324648
56     25     1.60554256174
57     25     1.2513529323
58     25     0.70428216015
59     25     0

0     26     0
1     26     1.32295436706
2     26     2.25775659826
3     26     2.81655897808
4     26     3.11279195987
5     26     3.25988599696
6     26     3.32472105205
7     26     3.3526484466
8     26     3.36265131031
9     26     3.36639273402
10     26     3.36741904324
11     26     3.36775189397
12     26     3.36781575799
13     26     3.36783406074
14     26     3.36783880895
15     26     3.36785646032
16     26     3.36795360497
17     26     3.36838160525
18     26     3.37009358409
19     26     3.37569569325
20     26     3.39250202072
21     26     3.43513270505
22     26     3.53460430182
23     26     3.73546041068
24     26     4.10847889856
25     26     4.7183345216
26     26     5.63311795617
27     26     6.85697385212
28     26     8.35279772495
29     26     10
30     26     8.35279772495
31     26     6.85697385212
32     26     5.63311795617
33     26     4.7183345216
34     26     4.10847889856
35     26     3.73546041068
36     26     3.53460430182
37     26     3.43513270505
38     26     3.39250202072
39     26     3.37569569325
40     26     3.37009358409
41     26     3.36838160525
42     26     3.36795361054
43     26     3.36785648567
44     26     3.36783932162
45     26     3.36783613395
46     26     3.36783376351
47     26     3.36781573104
48     26     3.36775189255
49     26     3.36741904321
50     26     3.36639273402
51     26     3.36265131031
52     26     3.3526484466
53     26     3.32472105205
54     26     3.25988599696
55     26     3.11279195987
56     26     2.81655897808
57     26     2.25775659826
58     26     1.32295436706
59     26     0

0     27     0
1     27     2.44523681322
2     27     3.87107632239
3     27     4.59921725385
4     27     4.95135833393
5     27     5.11061827128
6     27     5.18070382182
7     27     5.20816283068
8     27     5.21895403625
9     27     5.2223952068
10     27     5.22358341263
11     27     5.22386927449
12     27     5.22395553424
13     27     5.22396991204
14     27     5.22397561457
15     27     5.22398975656
16     27     5.22406016662
17     27     5.22439171495
18     27     5.22562144688
19     27     5.22985718795
20     27     5.24188122712
21     27     5.27358096675
22     27     5.3446321073
23     27     5.49219986075
24     27     5.7586416378
25     27     6.20271126623
26     27     6.85697385212
27     27     7.74215264479
28     27     8.81463013851
29     27     10
30     27     8.81463013851
31     27     7.74215264479
32     27     6.85697385212
33     27     6.20271126623
34     27     5.7586416378
35     27     5.49219986075
36     27     5.3446321073
37     27     5.27358096675
38     27     5.24188122712
39     27     5.22985718795
40     27     5.22562144688
41     27     5.2243917156
42     27     5.22406016975
43     27     5.22398983885
44     27     5.2239759668
45     27     5.22397364461
46     27     5.22396965629
47     27     5.2239555135
48     27     5.22386927307
49     27     5.22358341259
50     27     5.2223952068
51     27     5.21895403625
52     27     5.20816283068
53     27     5.18070382182
54     27     5.11061827128
55     27     4.95135833393
56     27     4.59921725385
57     27     3.87107632239
58     27     2.44523681322
59     27     0

0     28     0
1     28     4.68954598866
2     28     6.36939332529
3     28     7.02984335789
4     28     7.30214125462
5     28     7.41722776336
6     28     7.46377874937
7     28     7.48257341926
8     28     7.48920757629
9     28     7.49162380132
10     28     7.49230646838
11     28     7.49252580081
12     28     7.4925712508
13     28     7.49258419291
14     28     7.49258710661
15     28     7.49259462882
16     28     7.49263484751
17     28     7.49280565047
18     28     7.4934888347
19     28     7.49567502367
20     28     7.50223359049
21     28     7.51863000754
22     28     7.55688831399
23     28     7.63340492689
24     28     7.77550720799
25     28     8.00642341477
26     28     8.35279772495
27     28     8.81463013851
28     28     9.37909197732
29     28     10
30     28     9.37909197732
31     28     8.81463013851
32     28     8.35279772495
33     28     8.00642341477
34     28     7.77550720799
35     28     7.63340492689
36     28     7.55688831399
37     28     7.51863000754
38     28     7.50223359049
39     28     7.49567502367
40     28     7.49348883473
41     28     7.49280565065
42     28     7.49263485446
43     28     7.49259466022
44     28     7.49258753694
45     28     7.49258592463
46     28     7.49258406158
47     28     7.49257123698
48     28     7.49252580008
49     28     7.49230646834
50     28     7.49162380132
51     28     7.48920757629
52     28     7.48257341926
53     28     7.46377874937
54     28     7.41722776336
55     28     7.30214125462
56     28     7.02984335789
57     28     6.36939332529
58     28     4.68954598866
59     28     0

0     29     0
1     29     10
2     29     10
3     29     10
4     29     10
5     29     10
6     29     10
7     29     10
8     29     10
9     29     10
10     29     10
11     29     10
12     29     10
13     29     10
14     29     10
15     29     10
16     29     10
17     29     10
18     29     10
19     29     10
20     29     10
21     29     10
22     29     10
23     29     10
24     29     10
25     29     10
26     29     10
27     29     10
28     29     10
29     29     10
30     29     10
31     29     10
32     29     10
33     29     10
34     29     10
35     29     10
36     29     10
37     29     10
38     29     10
39     29     10
40     29     10
41     29     10
42     29     10
43     29     10
44     29     10
45     29     10
46     29     10
47     29     10
48     29     10
49     29     10
50     29     10
51     29     10
52     29     10
53     29     10
54     29     10
55     29     10
56     29     10
57     29     10
58     29     10
59     29     0

0     30     0
1     30     4.68954598866
2     30     6.36939332529
3     30     7.02984335789
4     30     7.30214125462
5     30     7.41722776336
6     30     7.46377874937
7     30     7.48257341926
8     30     7.48920757629
9     30     7.49162380132
10     30     7.49230646838
11     30     7.49252580081
12     30     7.4925712508
13     30     7.49258419291
14     30     7.49258710661
15     30     7.49259462882
16     30     7.49263484751
17     30     7.49280565047
18     30     7.4934888347
19     30     7.49567502367
20     30     7.50223359049
21     30     7.51863000754
22     30     7.55688831399
23     30     7.63340492689
24     30     7.77550720799
25     30     8.00642341477
26     30     8.35279772495
27     30     8.81463013851
28     30     9.37909197732
29     30     10
30     30     9.37909197732
31     30     8.81463013851
32     30     8.35279772495
33     30     8.00642341477
34     30     7.77550720799
35     30     7.63340492689
36     30     7.55688831399
37     30     7.51863000754
38     30     7.50223359049
39     30     7.49567502367
40     30     7.49348883473
41     30     7.49280565065
42     30     7.49263485446
43     30     7.49259466022
44     30     7.49258753694
45     30     7.49258592463
46     30     7.49258406158
47     30     7.49257123698
48     30     7.49252580008
49     30     7.49230646834
50     30     7.49162380132
51     30     7.48920757629
52     30     7.48257341926
53     30     7.46377874937
54     30     7.41722776336
55     30     7.30214125462
56     30     7.02984335789
57     30     6.36939332529
58     30     4.68954598866
59     30     0

0     31     0
1     31     2.44523681322
2     31     3.87107632239
3     31     4.59921725385
4     31     4.95135833393
5     31     5.11061827128
6     31     5.18070382182
7     31     5.20816283068
8     31     5.21895403625
9     31     5.2223952068
10     31     5.22358341263
11     31     5.22386927449
12     31     5.22395553424
13     31     5.22396991204
14     31     5.22397561457
15     31     5.22398975656
16     31     5.22406016662
17     31     5.22439171495
18     31     5.22562144688
19     31     5.22985718795
20     31     5.24188122712
21     31     5.27358096675
22     31     5.3446321073
23     31     5.49219986075
24     31     5.7586416378
25     31     6.20271126623
26     31     6.85697385212
27     31     7.74215264479
28     31     8.81463013851
29     31     10
30     31     8.81463013851
31     31     7.74215264479
32     31     6.85697385212
33     31     6.20271126623
34     31     5.7586416378
35     31     5.49219986075
36     31     5.3446321073
37     31     5.27358096675
38     31     5.24188122712
39     31     5.22985718795
40     31     5.22562144688
41     31     5.2243917156
42     31     5.22406016975
43     31     5.22398983885
44     31     5.2239759668
45     31     5.22397364461
46     31     5.22396965629
47     31     5.2239555135
48     31     5.22386927307
49     31     5.22358341259
50     31     5.2223952068
51     31     5.21895403625
52     31     5.20816283068
53     31     5.18070382182
54     31     5.11061827128
55     31     4.95135833393
56     31     4.59921725385
57     31     3.87107632239
58     31     2.44523681322
59     31     0

0     32     0
1     32     1.32295436706
2     32     2.25775659826
3     32     2.81655897808
4     32     3.11279195987
5     32     3.25988599696
6     32     3.32472105205
7     32     3.3526484466
8     32     3.36265131031
9     32     3.36639273402
10     32     3.36741904324
11     32     3.36775189397
12     32     3.36781575799
13     32     3.36783406074
14     32     3.36783880895
15     32     3.36785646032
16     32     3.36795360497
17     32     3.36838160525
18     32     3.37009358409
19     32     3.37569569325
20     32     3.39250202072
21     32     3.43513270505
22     32     3.53460430182
23     32     3.73546041068
24     32     4.10847889856
25     32     4.7183345216
26     32     5.63311795617
27     32     6.85697385212
28     32     8.35279772495
29     32     10
30     32     8.35279772495
31     32     6.85697385212
32     32     5.63311795617
33     32     4.7183345216
34     32     4.10847889856
35     32     3.73546041068
36     32     3.53460430182
37     32     3.43513270505
38     32     3.39250202072
39     32     3.37569569325
40     32     3.37009358409
41     32     3.36838160525
42     32     3.36795361054
43     32     3.36785648567
44     32     3.36783932162
45     32     3.36783613395
46     32     3.36783376351
47     32     3.36781573104
48     32     3.36775189255
49     32     3.36741904321
50     32     3.36639273402
51     32     3.36265131031
52     32     3.3526484466
53     32     3.32472105205
54     32     3.25988599696
55     32     3.11279195987
56     32     2.81655897808
57     32     2.25775659826
58     32     1.32295436706
59     32     0

0     33     0
1     33     0.70428216015
2     33     1.2513529323
3     33     1.60554256174
4     33     1.81059324648
5     33     1.9141669909
6     33     1.96392579935
7     33     1.98399612098
8     33     1.99220522307
9     33     1.99475012661
10     33     1.9956424367
11     33     1.99583895243
12     33     1.9958983576
13     33     1.99590675475
14     33     1.99591172302
15     33     1.99593181052
16     33     1.99603967612
17     33     1.99654804543
18     33     1.99850114805
19     33     2.00522850151
20     33     2.02476756516
21     33     2.07627964206
22     33     2.19351402397
23     33     2.43700081715
24     33     2.88107044558
25     33     3.62118649296
26     33     4.7183345216
27     33     6.20271126623
28     33     8.00642341477
29     33     10
30     33     8.00642341477
31     33     6.20271126623
32     33     4.7183345216
33     33     3.62118649296
34     33     2.88107044558
35     33     2.43700081715
36     33     2.19351402397
37     33     2.07627964206
38     33     2.02476756516
39     33     2.00522850151
40     33     1.99850114805
41     33     1.99654804543
42     33     1.99603967612
43     33     1.99593184021
44     33     1.99591185166
45     33     1.99590887176
46     33     1.99590642227
47     33     1.99589833064
48     33     1.99583895101
49     33     1.99564243667
50     33     1.99475012661
51     33     1.99220522307
52     33     1.98399612098
53     33     1.96392579935
54     33     1.9141669909
55     33     1.81059324648
56     33     1.60554256174
57     33     1.2513529323
58     33     0.70428216015
59     33     0

0     34     0
1     34     0.358279444627
2     34     0.648023366521
3     34     0.848592901602
4     34     0.966903454682
5     34     1.0313990718
6     34     1.0609021553
7     34     1.07423510752
8     34     1.07889412327
9     34     1.08067159788
10     34     1.08111610785
11     34     1.08126062565
12     34     1.0812833325
13     34     1.08129000597
14     34     1.0812934559
15     34     1.08131409012
16     34     1.08143038651
17     34     1.08196554735
18     34     1.08410619068
19     34     1.09131579171
20     34     1.11294459479
21     34     1.16889736797
22     34     1.29945383873
23     34     1.56662434543
24     34     2.0627981436
25     34     2.88107044558
26     34     4.10847889856
27     34     5.7586416378
28     34     7.77550720799
29     34     10
30     34     7.77550720799
31     34     5.7586416378
32     34     4.10847889856
33     34     2.88107044558
34     34     2.0627981436
35     34     1.56662434543
36     34     1.29945383873
37     34     1.16889736797
38     34     1.11294459479
39     34     1.09131579171
40     34     1.08410619068
41     34     1.08196554735
42     34     1.08143038651
43     34     1.08131409012
44     34     1.08129356722
45     34     1.08129046363
46     34     1.08128967349
47     34     1.08128330554
48     34     1.08126062423
49     34     1.08111610782
50     34     1.08067159788
51     34     1.07889412327
52     34     1.07423510752
53     34     1.0609021553
54     34     1.0313990718
55     34     0.966903454682
56     34     0.848592901602
57     34     0.648023366521
58     34     0.358279444627
59     34     0

0     35     0
1     35     0.169626177521
2     35     0.311496038921
3     35     0.410739358631
4     35     0.473075017799
5     35     0.505722190137
6     35     0.5221992312
7     35     0.528699779679
8     35     0.531417474267
9     35     0.532185030606
10     35     0.532454856475
11     35     0.532503176946
12     35     0.532517645515
13     35     0.532519190165
14     35     0.532522494141
15     35     0.532543440058
16     35     0.532661146535
17     35     0.533216048498
18     35     0.535410274897
19     35     0.542968165828
20     35     0.565380621192
21     35     0.624468003516
22     35     0.760945402653
23     35     1.0443984624
24     35     1.56662434543
25     35     2.43700081715
26     35     3.73546041068
27     35     5.49219986075
28     35     7.63340492689
29     35     10
30     35     7.63340492689
31     35     5.49219986075
32     35     3.73546041068
33     35     2.43700081715
34     35     1.56662434543
35     35     1.0443984624
36     35     0.760945402653
37     35     0.624468003516
38     35     0.565380621192
39     35     0.542968165828
40     35     0.535410274897
41     35     0.533216048498
42     35     0.532661146535
43     35     0.532543440058
44     35     0.532522494141
45     35     0.532519501867
46     35     0.53251885769
47     35     0.532517618558
48     35     0.532503175527
49     35     0.532454856439
50     35     0.532185030606
51     35     0.531417474267
52     35     0.528699779679
53     35     0.5221992312
54     35     0.505722190137
55     35     0.473075017799
56     35     0.410739358631
57     35     0.311496038921
58     35     0.169626177521
59     35     0

0     36     0
1     36     0.0743148947367
2     36     0.136469276622
3     36     0.181955855223
4     36     0.209517902986
5     36     0.225218731211
6     36     0.232245622974
7     36     0.235489660845
8     36     0.236523058047
9     36     0.236918027804
10     36     0.236998163273
11     36     0.237023874506
12     36     0.237026377763
13     36     0.237027385592
14     36     0.237030377866
15     36     0.237051323784
16     36     0.237170017317
17     36     0.237727739441
18     36     0.239958627935
19     36     0.247603591342
20     36     0.270538481564
21     36     0.330670733601
22     36     0.47097932169
23     36     0.760945402653
24     36     1.29945383873
25     36     2.19351402397
26     36     3.53460430182
27     36     5.3446321073
28     36     7.55688831399
29     36     10
30     36     7.55688831399
31     36     5.3446321073
32     36     3.53460430182
33     36     2.19351402397
34     36     1.29945383873
35     36     0.760945402653
36     36     0.47097932169
37     36     0.330670733601
38     36     0.270538481564
39     36     0.247603591342
40     36     0.239958627935
41     36     0.237727739441
42     36     0.237170017317
43     36     0.237051323784
44     36     0.237030377866
45     36     0.237027385592
46     36     0.237027053117
47     36     0.237026350806
48     36     0.237023873087
49     36     0.236998163236
50     36     0.236918027804
51     36     0.236523058047
52     36     0.235489660845
53     36     0.232245622974
54     36     0.225218731211
55     36     0.209517902986
56     36     0.181955855223
57     36     0.136469276622
58     36     0.0743148947367
59     36     0

0     37     0
1     37     0.0294224312529
2     37     0.054626930505
3     37     0.0724813947454
4     37     0.0840744189918
5     37     0.0900032446953
6     37     0.093050529249
7     37     0.0941476755543
8     37     0.0946063944139
9     37     0.0947115226882
10     37     0.0947478972739
11     37     0.0947518864996
12     37     0.0947530712074
13     37     0.0947534036823
14     37     0.0947563959562
15     37     0.0947773418739
16     37     0.0948960354071
17     37     0.0954555906355
18     37     0.097691061892
19     37     0.105391018442
20     37     0.128442005298
21     37     0.189212788828
22     37     0.330670733601
23     37     0.624468003516
24     37     1.16889736797
25     37     2.07627964206
26     37     3.43513270505
27     37     5.27358096675
28     37     7.51863000754
29     37     10
30     37     7.51863000754
31     37     5.27358096675
32     37     3.43513270505
33     37     2.07627964206
34     37     1.16889736797
35     37     0.624468003516
36     37     0.330670733601
37     37     0.189212788828
38     37     0.128442005298
39     37     0.105391018442
40     37     0.097691061892
41     37     0.0954555906355
42     37     0.0948960354071
43     37     0.0947773418739
44     37     0.0947563959562
45     37     0.0947534036823
46     37     0.0947530712074
47     37     0.09475304425
48     37     0.0947518850808
49     37     0.0947478972375
50     37     0.0947115226882
51     37     0.0946063944139
52     37     0.0941476755543
53     37     0.093050529249
54     37     0.0900032446953
55     37     0.0840744189918
56     37     0.0724813947454
57     37     0.054626930505
58     37     0.0294224312529
59     37     0

0     38     0
1     38     0.0106097891694
2     38     0.0194860203192
3     38     0.0261092867004
4     38     0.0300174385484
5     38     0.0322729969048
6     38     0.0331955905858
7     38     0.0336204537598
8     38     0.0337304826098
9     38     0.0337717577349
10     38     0.0337768872487
11     38     0.0337784805743
12     38     0.0337785075317
13     38     0.0337788400066
14     38     0.0337818322805
15     38     0.0338027781982
16     38     0.0339214717314
17     38     0.0344810269598
18     38     0.0367192478734
19     38     0.0444253147725
20     38     0.0675435154699
21     38     0.128442005298
22     38     0.270538481564
23     38     0.565380621192
24     38     1.11294459479
25     38     2.02476756516
26     38     3.39250202072
27     38     5.24188122712
28     38     7.50223359049
29     38     10
30     38     7.50223359049
31     38     5.24188122712
32     38     3.39250202072
33     38     2.02476756516
34     38     1.11294459479
35     38     0.565380621192
36     38     0.270538481564
37     38     0.128442005298
38     38     0.0675435154699
39     38     0.0444253147725
40     38     0.0367192478734
41     38     0.0344810269598
42     38     0.0339214717314
43     38     0.0338027781982
44     38     0.0337818322805
45     38     0.0337788400066
46     38     0.0337785075317
47     38     0.0337784805743
48     38     0.0337784791554
49     38     0.0337768872123
50     38     0.0337717577349
51     38     0.0337304826098
52     38     0.0336204537598
53     38     0.0331955905858
54     38     0.0322729969048
55     38     0.0300174385484
56     38     0.0261092867004
57     38     0.0194860203192
58     38     0.0106097891694
59     38     0

0     39     0
1     39     0.00336855533533
2     39     0.00627377536148
3     39     0.00827665004181
4     39     0.00958606484346
5     39     0.010199683893
6     39     0.0105133093894
7     39     0.0106054281059
8     39     0.0106431212043
9     39     0.0106484275602
10     39     0.0106501963819
11     39     0.0106501978007
12     39     0.0106502247581
13     39     0.010650557233
14     39     0.010653549507
15     39     0.0106744954246
16     39     0.0107931889579
17     39     0.0113527441863
18     39     0.0135909650999
19     39     0.021300392691
20     39     0.0444253147725
21     39     0.105391018442
22     39     0.247603591342
23     39     0.542968165828
24     39     1.09131579171
25     39     2.00522850151
26     39     3.37569569325
27     39     5.22985718795
28     39     7.49567502367
29     39     10
30     39     7.49567502367
31     39     5.22985718795
32     39     3.37569569325
33     39     2.00522850151
34     39     1.09131579171
35     39     0.542968165828
36     39     0.247603591342
37     39     0.105391018442
38     39     0.0444253147725
39     39     0.021300392691
40     39     0.0135909650999
41     39     0.0113527441863
42     39     0.0107931889579
43     39     0.0106744954246
44     39     0.010653549507
45     39     0.010650557233
46     39     0.0106502247581
47     39     0.0106501978007
48     39     0.0106501963819
49     39     0.0106501963455
50     39     0.0106484275602
51     39     0.0106431212043
52     39     0.0106054281059
53     39     0.0105133093894
54     39     0.010199683893
55     39     0.00958606484346
56     39     0.00827665004181
57     39     0.00627377536148
58     39     0.00336855533533
59     39     0

0     40     0
1     40     0.000963034690358
2     40     0.00175217384822
3     40     0.0023416915792
4     40     0.00266219707555
5     40     0.00284556648694
6     40     0.002907099406
7     40     0.00293475488434
8     40     0.00293917684758
9     40     0.00294076875434
10     40     0.00294076879072
11     40     0.00294077020953
12     40     0.00294079716696
13     40     0.00294112964184
14     40     0.00294412191579
15     40     0.00296506783343
16     40     0.00308376136672
17     40     0.00364331659512
18     40     0.00588153750869
19     40     0.0135909650999
20     40     0.0367192478734
21     40     0.097691061892
22     40     0.239958627935
23     40     0.535410274897
24     40     1.08410619068
25     40     1.99850114805
26     40     3.37009358409
27     40     5.22562144688
28     40     7.49348883473
29     40     10
30     40     7.49348883473
31     40     5.22562144688
32     40     3.37009358409
33     40     1.99850114805
34     40     1.08410619068
35     40     0.535410274897
36     40     0.239958627935
37     40     0.097691061892
38     40     0.0367192478734
39     40     0.0135909650999
40     40     0.00588153750869
41     40     0.00364331659512
42     40     0.00308376136672
43     40     0.00296506783343
44     40     0.00294412191579
45     40     0.00294112964184
46     40     0.00294079716696
47     40     0.00294077020953
48     40     0.00294076879072
49     40     0.00294076875434
50     40     0.00294076875434
51     40     0.00293917684758
52     40     0.00293475488434
53     40     0.002907099406
54     40     0.00284556648694
55     40     0.00266219707555
56     40     0.0023416915792
57     40     0.00175217384822
58     40     0.000963034690358
59     40     0

0     41     0
1     41     0.000234414474107
2     41     0.000436203554273
3     41     0.000565875670873
4     41     0.000649716239423
5     41     0.000682243262418
6     41     0.000698431394994
7     41     0.000701390090398
8     41     0.000702547840774
9     41     0.000702547840774
10     41     0.000702547877154
11     41     0.000702549295966
12     41     0.000702576253389
13     41     0.000702908728272
14     41     0.00070590100222
15     41     0.000726846919861
16     41     0.000845540453156
17     41     0.00140509568155
18     41     0.00364331659512
19     41     0.0113527441863
20     41     0.0344810269598
21     41     0.0954555906355
22     41     0.237727739441
23     41     0.533216048498
24     41     1.08196554735
25     41     1.99654804543
26     41     3.36838160525
27     41     5.2243917156
28     41     7.49280565065
29     41     10
30     41     7.49280565065
31     41     5.2243917156
32     41     3.36838160525
33     41     1.99654804543
34     41     1.08196554735
35     41     0.533216048498
36     41     0.237727739441
37     41     0.0954555906355
38     41     0.0344810269598
39     41     0.0113527441863
40     41     0.00364331659512
41     41     0.00140509568155
42     41     0.000845540453156
43     41     0.000726846919861
44     41     0.00070590100222
45     41     0.000702908728272
46     41     0.000702576253389
47     41     0.000702549295966
48     41     0.000702547877154
49     41     0.000702547840774
50     41     0.000702547840774
51     41     0.000702547840774
52     41     0.000701390090398
53     41     0.000698431394994
54     41     0.000682243262418
55     41     0.000649716239423
56     41     0.000565875670873
57     41     0.000436203554273
58     41     0.000234414474107
59     41     0

0     42     0
1     42     5.08076846018e-05
2     42     9.05363049242e-05
3     42     0.00011987543985
4     42     0.000133282264869
5     42     0.000140741431096
6     42     0.000142317257996
7     42     0.000142992612382
8     42     0.000142992612382
9     42     0.000142992612382
10     42     0.000142992648762
11     42     0.000142994067573
12     42     0.000143021024996
13     42     0.00014335349988
14     42     0.000146345773828
15     42     0.000167291691469
16     42     0.000285985224764
17     42     0.000845540453156
18     42     0.00308376136672
19     42     0.0107931889579
20     42     0.0339214717314
21     42     0.0948960354071
22     42     0.237170017317
23     42     0.532661146535
24     42     1.08143038651
25     42     1.99603967612
26     42     3.36795361054
27     42     5.22406016975
28     42     7.49263485446
29     42     10
30     42     7.49263485446
31     42     5.22406016975
32     42     3.36795361054
33     42     1.99603967612
34     42     1.08143038651
35     42     0.532661146535
36     42     0.237170017317
37     42     0.0948960354071
38     42     0.0339214717314
39     42     0.0107931889579
40     42     0.00308376136672
41     42     0.000845540453156
42     42     0.000285985224764
43     42     0.000167291691469
44     42     0.000146345773828
45     42     0.00014335349988
46     42     0.000143021024996
47     42     0.000142994067573
48     42     0.000142992648762
49     42     0.000142992612382
50     42     0.000142992612382
51     42     0.000142992612382
52     42     0.000142992612382
53     42     0.000142317257996
54     42     0.000140741431096
55     42     0.000133282264869
56     42     0.00011987543985
57     42     9.05363049242e-05
58     42     5.08076846018e-05
59     42     0

0     43     0
1     43     8.88867361937e-06
2     43     1.64759694599e-05
3     43     2.06829281524e-05
4     43     2.33293394558e-05
5     43     2.39873770624e-05
6     43     2.42990790866e-05
7     43     2.42990790866e-05
8     43     2.42990790866e-05
9     43     2.42990790866e-05
10     43     2.42991154664e-05
11     43     2.43005342782e-05
12     43     2.43274917011e-05
13     43     2.46599665843e-05
14     43     2.76522405329e-05
15     43     4.85981581733e-05
16     43     0.000167291691469
17     43     0.000726846919861
18     43     0.00296506783343
19     43     0.0106744954246
20     43     0.0338027781982
21     43     0.0947773418739
22     43     0.237051323784
23     43     0.532543440058
24     43     1.08131409012
25     43     1.99593184021
26     43     3.36785648567
27     43     5.22398983885
28     43     7.49259466022
29     43     10
30     43     7.49259466022
31     43     5.22398983885
32     43     3.36785648567
33     43     1.99593184021
34     43     1.08131409012
35     43     0.532543440058
36     43     0.237051323784
37     43     0.0947773418739
38     43     0.0338027781982
39     43     0.0106744954246
40     43     0.00296506783343
41     43     0.000726846919861
42     43     0.000167291691469
43     43     4.85981581733e-05
44     43     2.76522405329e-05
45     43     2.46599665843e-05
46     43     2.43274917011e-05
47     43     2.43005342782e-05
48     43     2.42991154664e-05
49     43     2.42990790866e-05
50     43     2.42990790866e-05
51     43     2.42990790866e-05
52     43     2.42990790866e-05
53     43     2.42990790866e-05
54     43     2.39873770624e-05
55     43     2.33293394558e-05
56     43     2.06829281524e-05
57     43     1.64759694599e-05
58     43     8.88867361937e-06
59     43     0

0     44     0
1     44     1.36646121973e-06
2     44     2.33398168348e-06
3     44     3.03156411974e-06
4     44     3.24183929479e-06
5     44     3.35316144628e-06
6     44     3.35316144628e-06
7     44     3.35316144628e-06
8     44     3.35316144628e-06
9     44     3.35316144628e-06
10     44     3.35319782607e-06
11     44     3.35461663781e-06
12     44     3.38157406077e-06
13     44     3.71404894395e-06
14     44     6.70632289257e-06
15     44     2.76522405329e-05
16     44     0.000146345773828
17     44     0.00070590100222
18     44     0.00294412191579
19     44     0.010653549507
20     44     0.0337818322805
21     44     0.0947563959562
22     44     0.237030377866
23     44     0.532522494141
24     44     1.08129356722
25     44     1.99591185166
26     44     3.36783932162
27     44     5.2239759668
28     44     7.49258753694
29     44     10
30     44     7.49258753694
31     44     5.2239759668
32     44     3.36783932162
33     44     1.99591185166
34     44     1.08129356722
35     44     0.532522494141
36     44     0.237030377866
37     44     0.0947563959562
38     44     0.0337818322805
39     44     0.010653549507
40     44     0.00294412191579
41     44     0.00070590100222
42     44     0.000146345773828
43     44     2.76522405329e-05
44     44     6.70632289257e-06
45     44     3.71404894395e-06
46     44     3.38157406077e-06
47     44     3.35461663781e-06
48     44     3.35319782607e-06
49     44     3.35316144628e-06
50     44     3.35316144628e-06
51     44     3.35316144628e-06
52     44     3.35316144628e-06
53     44     3.35316144628e-06
54     44     3.35316144628e-06
55     44     3.24183929479e-06
56     44     3.03156411974e-06
57     44     2.33398168348e-06
58     44     1.36646121973e-06
59     44     0

0     45     0
1     45     1.53086148202e-07
2     45     2.81725078821e-07
3     45     3.31201590598e-07
4     45     3.60887497663e-07
5     45     3.60887497663e-07
6     45     3.60887497663e-07
7     45     3.60887497663e-07
8     45     3.60887497663e-07
9     45     3.60887497663e-07
10     45     3.60923877452e-07
11     45     3.62342689186e-07
12     45     3.89300112147e-07
13     45     7.21774995327e-07
14     45     3.71404894395e-06
15     45     2.46599665843e-05
16     45     0.00014335349988
17     45     0.000702908728272
18     45     0.00294112964184
19     45     0.010650557233
20     45     0.0337788400066
21     45     0.0947534036823
22     45     0.237027385592
23     45     0.532519501867
24     45     1.08129046363
25     45     1.99590887176
26     45     3.36783613395
27     45     5.22397364461
28     45     7.49258592463
29     45     10
30     45     7.49258592463
31     45     5.22397364461
32     45     3.36783613395
33     45     1.99590887176
34     45     1.08129046363
35     45     0.532519501867
36     45     0.237027385592
37     45     0.0947534036823
38     45     0.0337788400066
39     45     0.010650557233
40     45     0.00294112964184
41     45     0.000702908728272
42     45     0.00014335349988
43     45     2.46599665843e-05
44     45     3.71404894395e-06
45     45     7.21774995327e-07
46     45     3.89300112147e-07
47     45     3.62342689186e-07
48     45     3.60923877452e-07
49     45     3.60887497663e-07
50     45     3.60887497663e-07
51     45     3.60887497663e-07
52     45     3.60887497663e-07
53     45     3.60887497663e-07
54     45     3.60887497663e-07
55     45     3.60887497663e-07
56     45     3.31201590598e-07
57     45     2.81725078821e-07
58     45     1.53086148202e-07
59     45     0

0     46     0
1     46     1.48065737449e-08
2     46     2.28465069085e-08
3     46     2.84126144834e-08
4     46     2.84126144834e-08
5     46     2.84126144834e-08
6     46     2.84126144834e-08
7     46     2.84126144834e-08
8     46     2.84126144834e-08
9     46     2.84126144834e-08
10     46     2.84489942715e-08
11     46     2.98678060062e-08
12     46     5.68252289668e-08
13     46     3.89300112147e-07
14     46     3.38157406077e-06
15     46     2.43274917011e-05
16     46     0.000143021024996
17     46     0.000702576253389
18     46     0.00294079716696
19     46     0.0106502247581
20     46     0.0337785075317
21     46     0.0947530712074
22     46     0.237027053117
23     46     0.53251885769
24     46     1.08128967349
25     46     1.99590642227
26     46     3.36783376351
27     46     5.22396965629
28     46     7.49258406158
29     46     10
30     46     7.49258406158
31     46     5.22396965629
32     46     3.36783376351
33     46     1.99590642227
34     46     1.08128967349
35     46     0.53251885769
36     46     0.237027053117
37     46     0.0947530712074
38     46     0.0337785075317
39     46     0.0106502247581
40     46     0.00294079716696
41     46     0.000702576253389
42     46     0.000143021024996
43     46     2.43274917011e-05
44     46     3.38157406077e-06
45     46     3.89300112147e-07
46     46     5.68252289668e-08
47     46     2.98678060062e-08
48     46     2.84489942715e-08
49     46     2.84126144834e-08
50     46     2.84126144834e-08
51     46     2.84126144834e-08
52     46     2.84126144834e-08
53     46     2.84126144834e-08
54     46     2.84126144834e-08
55     46     2.84126144834e-08
56     46     2.84126144834e-08
57     46     2.28465069085e-08
58     46     1.48065737449e-08
59     46     0

0     47     0
1     47     8.0035533756e-10
2     47     1.45519152284e-09
3     47     1.45519152284e-09
4     47     1.45519152284e-09
5     47     1.45519152284e-09
6     47     1.45519152284e-09
7     47     1.45519152284e-09
8     47     1.45519152284e-09
9     47     1.45519152284e-09
10     47     1.49157131091e-09
11     47     2.91038304567e-09
12     47     2.98678060062e-08
13     47     3.62342689186e-07
14     47     3.35461663781e-06
15     47     2.43005342782e-05
16     47     0.000142994067573
17     47     0.000702549295966
18     47     0.00294077020953
19     47     0.0106501978007
20     47     0.0337784805743
21     47     0.09475304425
22     47     0.237026350806
23     47     0.532517618558
24     47     1.08128330554
25     47     1.99589833064
26     47     3.36781573104
27     47     5.2239555135
28     47     7.49257123698
29     47     10
30     47     7.49257123698
31     47     5.2239555135
32     47     3.36781573104
33     47     1.99589833064
34     47     1.08128330554
35     47     0.532517618558
36     47     0.237026350806
37     47     0.09475304425
38     47     0.0337784805743
39     47     0.0106501978007
40     47     0.00294077020953
41     47     0.000702549295966
42     47     0.000142994067573
43     47     2.43005342782e-05
44     47     3.35461663781e-06
45     47     3.62342689186e-07
46     47     2.98678060062e-08
47     47     2.91038304567e-09
48     47     1.49157131091e-09
49     47     1.45519152284e-09
50     47     1.45519152284e-09
51     47     1.45519152284e-09
52     47     1.45519152284e-09
53     47     1.45519152284e-09
54     47     1.45519152284e-09
55     47     1.45519152284e-09
56     47     1.45519152284e-09
57     47     1.45519152284e-09
58     47     8.0035533756e-10
59     47     0

0     48     0
1     48     3.63797880709e-11
2     48     3.63797880709e-11
3     48     3.63797880709e-11
4     48     3.63797880709e-11
5     48     3.63797880709e-11
6     48     3.63797880709e-11
7     48     3.63797880709e-11
8     48     3.63797880709e-11
9     48     3.63797880709e-11
10     48     7.27595761418e-11
11     48     1.49157131091e-09
12     48     2.84489942715e-08
13     48     3.60923877452e-07
14     48     3.35319782607e-06
15     48     2.42991154664e-05
16     48     0.000142992648762
17     48     0.000702547877154
18     48     0.00294076879072
19     48     0.0106501963819
20     48     0.0337784791554
21     48     0.0947518850808
22     48     0.237023873087
23     48     0.532503175527
24     48     1.08126062423
25     48     1.99583895101
26     48     3.36775189255
27     48     5.22386927307
28     48     7.49252580008
29     48     10
30     48     7.49252580008
31     48     5.22386927307
32     48     3.36775189255
33     48     1.99583895101
34     48     1.08126062423
35     48     0.532503175527
36     48     0.237023873087
37     48     0.0947518850808
38     48     0.0337784791554
39     48     0.0106501963819
40     48     0.00294076879072
41     48     0.000702547877154
42     48     0.000142992648762
43     48     2.42991154664e-05
44     48     3.35319782607e-06
45     48     3.60923877452e-07
46     48     2.84489942715e-08
47     48     1.49157131091e-09
48     48     7.27595761418e-11
49     48     3.63797880709e-11
50     48     3.63797880709e-11
51     48     3.63797880709e-11
52     48     3.63797880709e-11
53     48     3.63797880709e-11
54     48     3.63797880709e-11
55     48     3.63797880709e-11
56     48     3.63797880709e-11
57     48     3.63797880709e-11
58     48     3.63797880709e-11
59     48     0

0     49     0
1     49     0.0
2     49     0.0
3     49     0.0
4     49     0.0
5     49     0.0
6     49     0.0
7     49     0.0
8     49     0.0
9     49     0.0
10     49     3.63797880709e-11
11     49     1.45519152284e-09
12     49     2.84126144834e-08
13     49     3.60887497663e-07
14     49     3.35316144628e-06
15     49     2.42990790866e-05
16     49     0.000142992612382
17     49     0.000702547840774
18     49     0.00294076875434
19     49     0.0106501963455
20     49     0.0337768872123
21     49     0.0947478972375
22     49     0.236998163236
23     49     0.532454856439
24     49     1.08111610782
25     49     1.99564243667
26     49     3.36741904321
27     49     5.22358341259
28     49     7.49230646834
29     49     10
30     49     7.49230646834
31     49     5.22358341259
32     49     3.36741904321
33     49     1.99564243667
34     49     1.08111610782
35     49     0.532454856439
36     49     0.236998163236
37     49     0.0947478972375
38     49     0.0337768872123
39     49     0.0106501963455
40     49     0.00294076875434
41     49     0.000702547840774
42     49     0.000142992612382
43     49     2.42990790866e-05
44     49     3.35316144628e-06
45     49     3.60887497663e-07
46     49     2.84126144834e-08
47     49     1.45519152284e-09
48     49     3.63797880709e-11
49     49     0.0
50     49     0.0
51     49     0.0
52     49     0.0
53     49     0.0
54     49     0.0
55     49     0.0
56     49     0.0
57     49     0.0
58     49     0.0
59     49     0

0     50     0
1     50     0.0
2     50     0.0
3     50     0.0
4     50     0.0
5     50     0.0
6     50     0.0
7     50     0.0
8     50     0.0
9     50     0.0
10     50     3.63797880709e-11
11     50     1.45519152284e-09
12     50     2.84126144834e-08
13     50     3.60887497663e-07
14     50     3.35316144628e-06
15     50     2.42990790866e-05
16     50     0.000142992612382
17     50     0.000702547840774
18     50     0.00294076875434
19     50     0.0106484275602
20     50     0.0337717577349
21     50     0.0947115226882
22     50     0.236918027804
23     50     0.532185030606
24     50     1.08067159788
25     50     1.99475012661
26     50     3.36639273402
27     50     5.2223952068
28     50     7.49162380132
29     50     10
30     50     7.49162380132
31     50     5.2223952068
32     50     3.36639273402
33     50     1.99475012661
34     50     1.08067159788
35     50     0.532185030606
36     50     0.236918027804
37     50     0.0947115226882
38     50     0.0337717577349
39     50     0.0106484275602
40     50     0.00294076875434
41     50     0.000702547840774
42     50     0.000142992612382
43     50     2.42990790866e-05
44     50     3.35316144628e-06
45     50     3.60887497663e-07
46     50     2.84126144834e-08
47     50     1.45519152284e-09
48     50     3.63797880709e-11
49     50     0.0
50     50     0.0
51     50     0.0
52     50     0.0
53     50     0.0
54     50     0.0
55     50     0.0
56     50     0.0
57     50     0.0
58     50     0.0
59     50     0

0     51     0
1     51     0.0
2     51     0.0
3     51     0.0
4     51     0.0
5     51     0.0
6     51     0.0
7     51     0.0
8     51     0.0
9     51     0.0
10     51     3.63797880709e-11
11     51     1.45519152284e-09
12     51     2.84126144834e-08
13     51     3.60887497663e-07
14     51     3.35316144628e-06
15     51     2.42990790866e-05
16     51     0.000142992612382
17     51     0.000702547840774
18     51     0.00293917684758
19     51     0.0106431212043
20     51     0.0337304826098
21     51     0.0946063944139
22     51     0.236523058047
23     51     0.531417474267
24     51     1.07889412327
25     51     1.99220522307
26     51     3.36265131031
27     51     5.21895403625
28     51     7.48920757629
29     51     10
30     51     7.48920757629
31     51     5.21895403625
32     51     3.36265131031
33     51     1.99220522307
34     51     1.07889412327
35     51     0.531417474267
36     51     0.236523058047
37     51     0.0946063944139
38     51     0.0337304826098
39     51     0.0106431212043
40     51     0.00293917684758
41     51     0.000702547840774
42     51     0.000142992612382
43     51     2.42990790866e-05
44     51     3.35316144628e-06
45     51     3.60887497663e-07
46     51     2.84126144834e-08
47     51     1.45519152284e-09
48     51     3.63797880709e-11
49     51     0.0
50     51     0.0
51     51     0.0
52     51     0.0
53     51     0.0
54     51     0.0
55     51     0.0
56     51     0.0
57     51     0.0
58     51     0.0
59     51     0

0     52     0
1     52     0.0
2     52     0.0
3     52     0.0
4     52     0.0
5     52     0.0
6     52     0.0
7     52     0.0
8     52     0.0
9     52     0.0
10     52     3.63797880709e-11
11     52     1.45519152284e-09
12     52     2.84126144834e-08
13     52     3.60887497663e-07
14     52     3.35316144628e-06
15     52     2.42990790866e-05
16     52     0.000142992612382
17     52     0.000701390090398
18     52     0.00293475488434
19     52     0.0106054281059
20     52     0.0336204537598
21     52     0.0941476755543
22     52     0.235489660845
23     52     0.528699779679
24     52     1.07423510752
25     52     1.98399612098
26     52     3.3526484466
27     52     5.20816283068
28     52     7.48257341926
29     52     10
30     52     7.48257341926
31     52     5.20816283068
32     52     3.3526484466
33     52     1.98399612098
34     52     1.07423510752
35     52     0.528699779679
36     52     0.235489660845
37     52     0.0941476755543
38     52     0.0336204537598
39     52     0.0106054281059
40     52     0.00293475488434
41     52     0.000701390090398
42     52     0.000142992612382
43     52     2.42990790866e-05
44     52     3.35316144628e-06
45     52     3.60887497663e-07
46     52     2.84126144834e-08
47     52     1.45519152284e-09
48     52     3.63797880709e-11
49     52     0.0
50     52     0.0
51     52     0.0
52     52     0.0
53     52     0.0
54     52     0.0
55     52     0.0
56     52     0.0
57     52     0.0
58     52     0.0
59     52     0

0     53     0
1     53     0.0
2     53     0.0
3     53     0.0
4     53     0.0
5     53     0.0
6     53     0.0
7     53     0.0
8     53     0.0
9     53     0.0
10     53     3.63797880709e-11
11     53     1.45519152284e-09
12     53     2.84126144834e-08
13     53     3.60887497663e-07
14     53     3.35316144628e-06
15     53     2.42990790866e-05
16     53     0.000142317257996
17     53     0.000698431394994
18     53     0.002907099406
19     53     0.0105133093894
20     53     0.0331955905858
21     53     0.093050529249
22     53     0.232245622974
23     53     0.5221992312
24     53     1.0609021553
25     53     1.96392579935
26     53     3.32472105205
27     53     5.18070382182
28     53     7.46377874937
29     53     10
30     53     7.46377874937
31     53     5.18070382182
32     53     3.32472105205
33     53     1.96392579935
34     53     1.0609021553
35     53     0.5221992312
36     53     0.232245622974
37     53     0.093050529249
38     53     0.0331955905858
39     53     0.0105133093894
40     53     0.002907099406
41     53     0.000698431394994
42     53     0.000142317257996
43     53     2.42990790866e-05
44     53     3.35316144628e-06
45     53     3.60887497663e-07
46     53     2.84126144834e-08
47     53     1.45519152284e-09
48     53     3.63797880709e-11
49     53     0.0
50     53     0.0
51     53     0.0
52     53     0.0
53     53     0.0
54     53     0.0
55     53     0.0
56     53     0.0
57     53     0.0
58     53     0.0
59     53     0

0     54     0
1     54     0.0
2     54     0.0
3     54     0.0
4     54     0.0
5     54     0.0
6     54     0.0
7     54     0.0
8     54     0.0
9     54     0.0
10     54     3.63797880709e-11
11     54     1.45519152284e-09
12     54     2.84126144834e-08
13     54     3.60887497663e-07
14     54     3.35316144628e-06
15     54     2.39873770624e-05
16     54     0.000140741431096
17     54     0.000682243262418
18     54     0.00284556648694
19     54     0.010199683893
20     54     0.0322729969048
21     54     0.0900032446953
22     54     0.225218731211
23     54     0.505722190137
24     54     1.0313990718
25     54     1.9141669909
26     54     3.25988599696
27     54     5.11061827128
28     54     7.41722776336
29     54     10
30     54     7.41722776336
31     54     5.11061827128
32     54     3.25988599696
33     54     1.9141669909
34     54     1.0313990718
35     54     0.505722190137
36     54     0.225218731211
37     54     0.0900032446953
38     54     0.0322729969048
39     54     0.010199683893
40     54     0.00284556648694
41     54     0.000682243262418
42     54     0.000140741431096
43     54     2.39873770624e-05
44     54     3.35316144628e-06
45     54     3.60887497663e-07
46     54     2.84126144834e-08
47     54     1.45519152284e-09
48     54     3.63797880709e-11
49     54     0.0
50     54     0.0
51     54     0.0
52     54     0.0
53     54     0.0
54     54     0.0
55     54     0.0
56     54     0.0
57     54     0.0
58     54     0.0
59     54     0

0     55     0
1     55     0.0
2     55     0.0
3     55     0.0
4     55     0.0
5     55     0.0
6     55     0.0
7     55     0.0
8     55     0.0
9     55     0.0
10     55     3.63797880709e-11
11     55     1.45519152284e-09
12     55     2.84126144834e-08
13     55     3.60887497663e-07
14     55     3.24183929479e-06
15     55     2.33293394558e-05
16     55     0.000133282264869
17     55     0.000649716239423
18     55     0.00266219707555
19     55     0.00958606484346
20     55     0.0300174385484
21     55     0.0840744189918
22     55     0.209517902986
23     55     0.473075017799
24     55     0.966903454682
25     55     1.81059324648
26     55     3.11279195987
27     55     4.95135833393
28     55     7.30214125462
29     55     10
30     55     7.30214125462
31     55     4.95135833393
32     55     3.11279195987
33     55     1.81059324648
34     55     0.966903454682
35     55     0.473075017799
36     55     0.209517902986
37     55     0.0840744189918
38     55     0.0300174385484
39     55     0.00958606484346
40     55     0.00266219707555
41     55     0.000649716239423
42     55     0.000133282264869
43     55     2.33293394558e-05
44     55     3.24183929479e-06
45     55     3.60887497663e-07
46     55     2.84126144834e-08
47     55     1.45519152284e-09
48     55     3.63797880709e-11
49     55     0.0
50     55     0.0
51     55     0.0
52     55     0.0
53     55     0.0
54     55     0.0
55     55     0.0
56     55     0.0
57     55     0.0
58     55     0.0
59     55     0

0     56     0
1     56     0.0
2     56     0.0
3     56     0.0
4     56     0.0
5     56     0.0
6     56     0.0
7     56     0.0
8     56     0.0
9     56     0.0
10     56     3.63797880709e-11
11     56     1.45519152284e-09
12     56     2.84126144834e-08
13     56     3.31201590598e-07
14     56     3.03156411974e-06
15     56     2.06829281524e-05
16     56     0.00011987543985
17     56     0.000565875670873
18     56     0.0023416915792
19     56     0.00827665004181
20     56     0.0261092867004
21     56     0.0724813947454
22     56     0.181955855223
23     56     0.410739358631
24     56     0.848592901602
25     56     1.60554256174
26     56     2.81655897808
27     56     4.59921725385
28     56     7.02984335789
29     56     10
30     56     7.02984335789
31     56     4.59921725385
32     56     2.81655897808
33     56     1.60554256174
34     56     0.848592901602
35     56     0.410739358631
36     56     0.181955855223
37     56     0.0724813947454
38     56     0.0261092867004
39     56     0.00827665004181
40     56     0.0023416915792
41     56     0.000565875670873
42     56     0.00011987543985
43     56     2.06829281524e-05
44     56     3.03156411974e-06
45     56     3.31201590598e-07
46     56     2.84126144834e-08
47     56     1.45519152284e-09
48     56     3.63797880709e-11
49     56     0.0
50     56     0.0
51     56     0.0
52     56     0.0
53     56     0.0
54     56     0.0
55     56     0.0
56     56     0.0
57     56     0.0
58     56     0.0
59     56     0

0     57     0
1     57     0.0
2     57     0.0
3     57     0.0
4     57     0.0
5     57     0.0
6     57     0.0
7     57     0.0
8     57     0.0
9     57     0.0
10     57     3.63797880709e-11
11     57     1.45519152284e-09
12     57     2.28465069085e-08
13     57     2.81725078821e-07
14     57     2.33398168348e-06
15     57     1.64759694599e-05
16     57     9.05363049242e-05
17     57     0.000436203554273
18     57     0.00175217384822
19     57     0.00627377536148
20     57     0.0194860203192
21     57     0.054626930505
22     57     0.136469276622
23     57     0.311496038921
24     57     0.648023366521
25     57     1.2513529323
26     57     2.25775659826
27     57     3.87107632239
28     57     6.36939332529
29     57     10
30     57     6.36939332529
31     57     3.87107632239
32     57     2.25775659826
33     57     1.2513529323
34     57     0.648023366521
35     57     0.311496038921
36     57     0.136469276622
37     57     0.054626930505
38     57     0.0194860203192
39     57     0.00627377536148
40     57     0.00175217384822
41     57     0.000436203554273
42     57     9.05363049242e-05
43     57     1.64759694599e-05
44     57     2.33398168348e-06
45     57     2.81725078821e-07
46     57     2.28465069085e-08
47     57     1.45519152284e-09
48     57     3.63797880709e-11
49     57     0.0
50     57     0.0
51     57     0.0
52     57     0.0
53     57     0.0
54     57     0.0
55     57     0.0
56     57     0.0
57     57     0.0
58     57     0.0
59     57     0

0     58     0
1     58     0.0
2     58     0.0
3     58     0.0
4     58     0.0
5     58     0.0
6     58     0.0
7     58     0.0
8     58     0.0
9     58     0.0
10     58     3.63797880709e-11
11     58     8.0035533756e-10
12     58     1.48065737449e-08
13     58     1.53086148202e-07
14     58     1.36646121973e-06
15     58     8.88867361937e-06
16     58     5.08076846018e-05
17     58     0.000234414474107
18     58     0.000963034690358
19     58     0.00336855533533
20     58     0.0106097891694
21     58     0.0294224312529
22     58     0.0743148947367
23     58     0.169626177521
24     58     0.358279444627
25     58     0.70428216015
26     58     1.32295436706
27     58     2.44523681322
28     58     4.68954598866
29     58     10
30     58     4.68954598866
31     58     2.44523681322
32     58     1.32295436706
33     58     0.70428216015
34     58     0.358279444627
35     58     0.169626177521
36     58     0.0743148947367
37     58     0.0294224312529
38     58     0.0106097891694
39     58     0.00336855533533
40     58     0.000963034690358
41     58     0.000234414474107
42     58     5.08076846018e-05
43     58     8.88867361937e-06
44     58     1.36646121973e-06
45     58     1.53086148202e-07
46     58     1.48065737449e-08
47     58     8.0035533756e-10
48     58     3.63797880709e-11
49     58     0.0
50     58     0.0
51     58     0.0
52     58     0.0
53     58     0.0
54     58     0.0
55     58     0.0
56     58     0.0
57     58     0.0
58     58     0.0
59     58     0

0     59     0
1     59     0
2     59     0
3     59     0
4     59     0
5     59     0
6     59     0
7     59     0
8     59     0
9     59     0
10     59     0
11     59     0
12     59     0
13     59     0
14     59     0
15     59     0
16     59     0
17     59     0
18     59     0
19     59     0
20     59     0
21     59     0
22     59     0
23     59     0
24     59     0
25     59     0
26     59     0
27     59     0
28     59     0
29     59     0
30     59     0
31     59     0
32     59     0
33     59     0
34     59     0
35     59     0
36     59     0
37     59     0
38     59     0
39     59     0
40     59     0
41     59     0
42     59     0
43     59     0
44     59     0
45     59     0
46     59     0
47     59     0
48     59     0
49     59     0
50     59     0
51     59     0
52     59     0
53     59     0
54     59     0
55     59     0
56     59     0
57     59     0
58     59     0
59     59     0

