0     0     0
1     0     0
2     0     0
3     0     0
4     0     0
5     0     0
6     0     0
7     0     0
8     0     0
9     0     0
10     0     0
11     0     0
12     0     0
13     0     0
14     0     0
15     0     0
16     0     0
17     0     0
18     0     0
19     0     0
20     0     0
21     0     0
22     0     0
23     0     0
24     0     0
25     0     0
26     0     0
27     0     0
28     0     0
29     0     0
30     0     0
31     0     0
32     0     0
33     0     0
34     0     0
35     0     0
36     0     0
37     0     0
38     0     0
39     0     0
40     0     0
41     0     0
42     0     0
43     0     0
44     0     0
45     0     0
46     0     0
47     0     0
48     0     0
49     0     0
50     0     0
51     0     0
52     0     0
53     0     0
54     0     0
55     0     0
56     0     0
57     0     0
58     0     0
59     0     0

0     1     0
1     1     0.0
2     1     0.0
3     1     0.0
4     1     0.0
5     1     0.0
6     1     0.0
7     1     0.0
8     1     0.0
9     1     0.0
10     1     0.0
11     1     0.0
12     1     0.0
13     1     0.0
14     1     9.31322574615e-09
15     1     1.67638063431e-07
16     1     2.44937837124e-06
17     1     2.03773379326e-05
18     1     0.000142836943269
19     1     0.000738110393286
20     1     0.00329180620611
21     1     0.0119516998529
22     1     0.0381716433913
23     1     0.104812178761
24     1     0.258419653401
25     1     0.572071410716
26     1     1.17752135731
27     1     2.31707466766
28     1     4.6143465396
29     1     10
30     1     4.6143465396
31     1     2.31707466766
32     1     1.17752135731
33     1     0.572071410716
34     1     0.258419653401
35     1     0.104812178761
36     1     0.0381716433913
37     1     0.0119516998529
38     1     0.00329180620611
39     1     0.000738110393286
40     1     0.000142836943269
41     1     2.03773379326e-05
42     1     2.44937837124e-06
43     1     1.67638063431e-07
44     1     9.31322574615e-09
45     1     0.0
46     1     0.0
47     1     0.0
48     1     0.0
49     1     0.0
50     1     0.0
51     1     0.0
52     1     0.0
53     1     0.0
54     1     0.0
55     1     0.0
56     1     0.0
57     1     0.0
58     1     0.0
59     1     0

0     2     0
1     2     0.0
2     2     0.0
3     2     0.0
4     2     0.0
5     2     0.0
6     2     0.0
7     2     0.0
8     2     0.0
9     2     0.0
10     2     0.0
11     2     0.0
12     2     0.0
13     2     0.0
14     2     9.31322574615e-09
15     2     2.98023223877e-07
16     2     3.78116965294e-06
17     2     3.68058681488e-05
18     2     0.000243131071329
19     2     0.00134319067001
20     2     0.00581668689847
21     2     0.0217679142952
22     2     0.0683142803609
23     2     0.189291536808
24     2     0.4585971497
25     2     1.00165441632
26     2     1.98091411963
27     2     3.62878769636
28     2     6.22601225972
29     2     10
30     2     6.22601225972
31     2     3.62878769636
32     2     1.98091411963
33     2     1.00165441632
34     2     0.4585971497
35     2     0.189291536808
36     2     0.0683142803609
37     2     0.0217679142952
38     2     0.00581668689847
39     2     0.00134319067001
40     2     0.000243131071329
41     2     3.68058681488e-05
42     2     3.78116965294e-06
43     2     2.98023223877e-07
44     2     9.31322574615e-09
45     2     0.0
46     2     0.0
47     2     0.0
48     2     0.0
49     2     0.0
50     2     0.0
51     2     0.0
52     2     0.0
53     2     0.0
54     2     0.0
55     2     0.0
56     2     0.0
57     2     0.0
58     2     0.0
59     2     0

0     3     0
1     3     0.0
2     3     0.0
3     3     0.0
4     3     0.0
5     3     0.0
6     3     0.0
7     3     0.0
8     3     0.0
9     3     0.0
10     3     0.0
11     3     0.0
12     3     0.0
13     3     0.0
14     3     9.31322574615e-09
15     3     2.98023223877e-07
16     3     4.62867319584e-06
17     3     4.31016087532e-05
18     3     0.00031023286283
19     3     0.00167148187757
20     3     0.0075423810631
21     3     0.0278040021658
22     3     0.0888091977686
23     3     0.242977719754
24     3     0.588627243415
25     3     1.26069005579
26     3     2.43564254604
27     3     4.26348773763
28     3     6.83231634088
29     3     10
30     3     6.83231634088
31     3     4.26348773763
32     3     2.43564254604
33     3     1.26069005579
34     3     0.588627243415
35     3     0.242977719754
36     3     0.0888091977686
37     3     0.0278040021658
38     3     0.0075423810631
39     3     0.00167148187757
40     3     0.00031023286283
41     3     4.31016087532e-05
42     3     4.62867319584e-06
43     3     2.98023223877e-07
44     3     9.31322574615e-09
45     3     0.0
46     3     0.0
47     3     0.0
48     3     0.0
49     3     0.0
50     3     0.0
51     3     0.0
52     3     0.0
53     3     0.0
54     3     0.0
55     3     0.0
56     3     0.0
57     3     0.0
58     3     0.0
59     3     0

0     4     0
1     4     0.0
2     4     0.0
3     4     0.0
4     4     0.0
5     4     0.0
6     4     0.0
7     4     0.0
8     4     0.0
9     4     0.0
10     4     0.0
11     4     0.0
12     4     0.0
13     4     0.0
14     4     9.31322574615e-09
15     4     2.98023223877e-07
16     4     4.62867319584e-06
17     4     4.64916229248e-05
18     4     0.000330209732056
19     4     0.00185802578926
20     4     0.00830180943012
21     4     0.0313019752502
22     4     0.0991961359978
23     4     0.273619145155
24     4     0.65644480288
25     4     1.39883637428
26     4     2.65559414402
27     4     4.54952344298
28     4     7.06449182704
29     4     10
30     4     7.06449182704
31     4     4.54952344298
32     4     2.65559414402
33     4     1.39883637428
34     4     0.65644480288
35     4     0.273619145155
36     4     0.0991961359978
37     4     0.0313019752502
38     4     0.00830180943012
39     4     0.00185802578926
40     4     0.000330209732056
41     4     4.64916229248e-05
42     4     4.62867319584e-06
43     4     2.98023223877e-07
44     4     9.31322574615e-09
45     4     0.0
46     4     0.0
47     4     0.0
48     4     0.0
49     4     0.0
50     4     0.0
51     4     0.0
52     4     0.0
53     4     0.0
54     4     0.0
55     4     0.0
56     4     0.0
57     4     0.0
58     4     0.0
59     4     0

0     5     0
1     5     0.0
2     5     0.0
3     5     0.0
4     5     0.0
5     5     0.0
6     5     0.0
7     5     0.0
8     5     0.0
9     5     0.0
10     5     0.0
11     5     0.0
12     5     0.0
13     5     0.0
14     5     9.31322574615e-09
15     5     2.98023223877e-07
16     5     4.62867319584e-06
17     5     4.64916229248e-05
18     5     0.000339532271028
19     5     0.00190330669284
20     5     0.00867522321641
21     5     0.0325862318277
22     5     0.104381749406
23     5     0.28666825965
24     5     0.68949370645
25     5     1.45915370435
26     5     2.75465642102
27     5     4.6650117822
28     5     7.15417890809
29     5     10
30     5     7.15417890809
31     5     4.6650117822
32     5     2.75465642102
33     5     1.45915370435
34     5     0.68949370645
35     5     0.28666825965
36     5     0.104381749406
37     5     0.0325862318277
38     5     0.00867522321641
39     5     0.00190330669284
40     5     0.000339532271028
41     5     4.64916229248e-05
42     5     4.62867319584e-06
43     5     2.98023223877e-07
44     5     9.31322574615e-09
45     5     0.0
46     5     0.0
47     5     0.0
48     5     0.0
49     5     0.0
50     5     0.0
51     5     0.0
52     5     0.0
53     5     0.0
54     5     0.0
55     5     0.0
56     5     0.0
57     5     0.0
58     5     0.0
59     5     0

0     6     0
1     6     0.0
2     6     0.0
3     6     0.0
4     6     0.0
5     6     0.0
6     6     0.0
7     6     0.0
8     6     0.0
9     6     0.0
10     6     0.0
11     6     0.0
12     6     0.0
13     6     0.0
14     6     9.31322574615e-09
15     6     2.98023223877e-07
16     6     4.62867319584e-06
17     6     4.64916229248e-05
18     6     0.000339532271028
19     6     0.00192195177078
20     6     0.00875113531947
21     6     0.0331410765648
22     6     0.105997417122
23     6     0.292362868786
24     6     0.701481029391
25     6     1.48470237851
26     6     2.79150616378
27     6     4.71035271883
28     6     7.18562383205
29     6     10
30     6     7.18562383205
31     6     4.71035271883
32     6     2.79150616378
33     6     1.48470237851
34     6     0.701481029391
35     6     0.292362868786
36     6     0.105997417122
37     6     0.0331410765648
38     6     0.00875113531947
39     6     0.00192195177078
40     6     0.000339532271028
41     6     4.64916229248e-05
42     6     4.62867319584e-06
43     6     2.98023223877e-07
44     6     9.31322574615e-09
45     6     0.0
46     6     0.0
47     6     0.0
48     6     0.0
49     6     0.0
50     6     0.0
51     6     0.0
52     6     0.0
53     6     0.0
54     6     0.0
55     6     0.0
56     6     0.0
57     6     0.0
58     6     0.0
59     6     0

0     7     0
1     7     0.0
2     7     0.0
3     7     0.0
4     7     0.0
5     7     0.0
6     7     0.0
7     7     0.0
8     7     0.0
9     7     0.0
10     7     0.0
11     7     0.0
12     7     0.0
13     7     0.0
14     7     9.31322574615e-09
15     7     2.98023223877e-07
16     7     4.62867319584e-06
17     7     4.64916229248e-05
18     7     0.000339532271028
19     7     0.00192195177078
20     7     0.00877910293639
21     7     0.0332369655371
22     7     0.106618544087
23     7     0.293882954866
24     7     0.706113846973
25     7     1.49265874177
26     7     2.80531114899
27     7     4.72490048036
28     7     7.19673593529
29     7     10
30     7     7.19673593529
31     7     4.72490048036
32     7     2.80531114899
33     7     1.49265874177
34     7     0.706113846973
35     7     0.293882954866
36     7     0.106618544087
37     7     0.0332369655371
38     7     0.00877910293639
39     7     0.00192195177078
40     7     0.000339532271028
41     7     4.64916229248e-05
42     7     4.62867319584e-06
43     7     2.98023223877e-07
44     7     9.31322574615e-09
45     7     0.0
46     7     0.0
47     7     0.0
48     7     0.0
49     7     0.0
50     7     0.0
51     7     0.0
52     7     0.0
53     7     0.0
54     7     0.0
55     7     0.0
56     7     0.0
57     7     0.0
58     7     0.0
59     7     0

0     8     0
1     8     0.0
2     8     0.0
3     8     0.0
4     8     0.0
5     8     0.0
6     8     0.0
7     8     0.0
8     8     0.0
9     8     0.0
10     8     0.0
11     8     0.0
12     8     0.0
13     8     0.0
14     8     9.31322574615e-09
15     8     2.98023223877e-07
16     8     4.62867319584e-06
17     8     4.64916229248e-05
18     8     0.000339532271028
19     8     0.00192195177078
20     8     0.00877910293639
21     8     0.0332689285278
22     8     0.106710437685
23     8     0.294408500195
24     8     0.707176718861
25     8     1.49541378021
26     8     2.80900815502
27     8     4.72980052233
28     8     7.1998190321
29     8     10
30     8     7.1998190321
31     8     4.72980052233
32     8     2.80900815502
33     8     1.49541378021
34     8     0.707176718861
35     8     0.294408500195
36     8     0.106710437685
37     8     0.0332689285278
38     8     0.00877910293639
39     8     0.00192195177078
40     8     0.000339532271028
41     8     4.64916229248e-05
42     8     4.62867319584e-06
43     8     2.98023223877e-07
44     8     9.31322574615e-09
45     8     0.0
46     8     0.0
47     8     0.0
48     8     0.0
49     8     0.0
50     8     0.0
51     8     0.0
52     8     0.0
53     8     0.0
54     8     0.0
55     8     0.0
56     8     0.0
57     8     0.0
58     8     0.0
59     8     0

0     9     0
1     9     0.0
2     9     0.0
3     9     0.0
4     9     0.0
5     9     0.0
6     9     0.0
7     9     0.0
8     9     0.0
9     9     0.0
10     9     0.0
11     9     0.0
12     9     0.0
13     9     0.0
14     9     9.31322574615e-09
15     9     2.98023223877e-07
16     9     4.62867319584e-06
17     9     4.64916229248e-05
18     9     0.000339532271028
19     9     0.00192195177078
20     9     0.00877910293639
21     9     0.0332689285278
22     9     0.106738405302
23     9     0.294475089759
24     9     0.707510178909
25     9     1.49595510215
26     9     2.81016704626
27     9     4.73092043772
28     9     7.20076664351
29     9     10
30     9     7.20076664351
31     9     4.73092043772
32     9     2.81016704626
33     9     1.49595510215
34     9     0.707510178909
35     9     0.294475089759
36     9     0.106738405302
37     9     0.0332689285278
38     9     0.00877910293639
39     9     0.00192195177078
40     9     0.000339532271028
41     9     4.64916229248e-05
42     9     4.62867319584e-06
43     9     2.98023223877e-07
44     9     9.31322574615e-09
45     9     0.0
46     9     0.0
47     9     0.0
48     9     0.0
49     9     0.0
50     9     0.0
51     9     0.0
52     9     0.0
53     9     0.0
54     9     0.0
55     9     0.0
56     9     0.0
57     9     0.0
58     9     0.0
59     9     0

0     10     0
1     10     0.0
2     10     0.0
3     10     0.0
4     10     0.0
5     10     0.0
6     10     0.0
7     10     0.0
8     10     0.0
9     10     0.0
10     10     0.0
11     10     0.0
12     10     0.0
13     10     0.0
14     10     9.31322574615e-09
15     10     2.98023223877e-07
16     10     4.62867319584e-06
17     10     4.64916229248e-05
18     10     0.000339532271028
19     10     0.00192195177078
20     10     0.00877910293639
21     10     0.0332689285278
22     10     0.106738405302
23     10     0.294493734837
24     10     0.707546137273
25     10     1.4961104095
26     10     2.81035967171
27     10     4.73124116659
28     10     7.2009473294
29     10     10
30     10     7.2009473294
31     10     4.73124116659
32     10     2.81035967171
33     10     1.4961104095
34     10     0.707546137273
35     10     0.294493734837
36     10     0.106738405302
37     10     0.0332689285278
38     10     0.00877910293639
39     10     0.00192195177078
40     10     0.000339532271028
41     10     4.64916229248e-05
42     10     4.62867319584e-06
43     10     2.98023223877e-07
44     10     9.31322574615e-09
45     10     0.0
46     10     0.0
47     10     0.0
48     10     0.0
49     10     0.0
50     10     0.0
51     10     0.0
52     10     0.0
53     10     0.0
54     10     0.0
55     10     0.0
56     10     0.0
57     10     0.0
58     10     0.0
59     10     0

0     11     0
1     11     0.0
2     11     0.0
3     11     0.0
4     11     0.0
5     11     0.0
6     11     0.0
7     11     0.0
8     11     0.0
9     11     0.0
10     11     0.0
11     11     0.0
12     11     0.0
13     11     0.0
14     11     9.31322574615e-09
15     11     2.98023223877e-07
16     11     4.62867319584e-06
17     11     4.64916229248e-05
18     11     0.000339532271028
19     11     0.00192195177078
20     11     0.00877910293639
21     11     0.0332689285278
22     11     0.106738405302
23     11     0.294493734837
24     11     0.707555459812
25     11     1.49612445384
26     11     2.81041054986
27     11     4.73128510639
28     11     7.20099498518
29     11     10
30     11     7.20099498518
31     11     4.73128510639
32     11     2.81041054986
33     11     1.49612445384
34     11     0.707555459812
35     11     0.294493734837
36     11     0.106738405302
37     11     0.0332689285278
38     11     0.00877910293639
39     11     0.00192195177078
40     11     0.000339532271028
41     11     4.64916229248e-05
42     11     4.62867319584e-06
43     11     2.98023223877e-07
44     11     9.31322574615e-09
45     11     0.0
46     11     0.0
47     11     0.0
48     11     0.0
49     11     0.0
50     11     0.0
51     11     0.0
52     11     0.0
53     11     0.0
54     11     0.0
55     11     0.0
56     11     0.0
57     11     0.0
58     11     0.0
59     11     0

0     12     0
1     12     0.0
2     12     0.0
3     12     0.0
4     12     0.0
5     12     0.0
6     12     0.0
7     12     0.0
8     12     0.0
9     12     0.0
10     12     0.0
11     12     0.0
12     12     0.0
13     12     0.0
14     12     9.31322574615e-09
15     12     2.98023223877e-07
16     12     4.62867319584e-06
17     12     4.64916229248e-05
18     12     0.000339532271028
19     12     0.00192195177078
20     12     0.00877910293639
21     12     0.0332689285278
22     12     0.106738405302
23     12     0.294493734837
24     12     0.707555459812
25     12     1.49612784386
26     12     2.81041430309
27     12     4.73129585385
28     12     7.20100009814
29     12     10
30     12     7.20100009814
31     12     4.73129585385
32     12     2.81041430309
33     12     1.49612784386
34     12     0.707555459812
35     12     0.294493734837
36     12     0.106738405302
37     12     0.0332689285278
38     12     0.00877910293639
39     12     0.00192195177078
40     12     0.000339532271028
41     12     4.64916229248e-05
42     12     4.62867319584e-06
43     12     2.98023223877e-07
44     12     9.31322574615e-09
45     12     0.0
46     12     0.0
47     12     0.0
48     12     0.0
49     12     0.0
50     12     0.0
51     12     0.0
52     12     0.0
53     12     0.0
54     12     0.0
55     12     0.0
56     12     0.0
57     12     0.0
58     12     0.0
59     12     0

0     13     0
1     13     0.0
2     13     0.0
3     13     0.0
4     13     0.0
5     13     0.0
6     13     0.0
7     13     0.0
8     13     0.0
9     13     0.0
10     13     0.0
11     13     0.0
12     13     0.0
13     13     0.0
14     13     9.31322574615e-09
15     13     2.98023223877e-07
16     13     4.62867319584e-06
17     13     4.64916229248e-05
18     13     0.000339532271028
19     13     0.00192195177078
20     13     0.00877910293639
21     13     0.0332689285278
22     13     0.106738405302
23     13     0.294493734837
24     13     0.707555459812
25     13     1.49612784386
26     13     2.8104151506
27     13     4.73129646853
28     13     7.20100126229
29     13     10
30     13     7.20100126229
31     13     4.73129646853
32     13     2.8104151506
33     13     1.49612784386
34     13     0.707555459812
35     13     0.294493734837
36     13     0.106738405302
37     13     0.0332689285278
38     13     0.00877910293639
39     13     0.00192195177078
40     13     0.000339532271028
41     13     4.64916229248e-05
42     13     4.62867319584e-06
43     13     2.98023223877e-07
44     13     9.31322574615e-09
45     13     0.0
46     13     0.0
47     13     0.0
48     13     0.0
49     13     0.0
50     13     0.0
51     13     0.0
52     13     0.0
53     13     0.0
54     13     0.0
55     13     0.0
56     13     0.0
57     13     0.0
58     13     0.0
59     13     0

0     14     0
1     14     9.31322574615e-09
2     14     9.31322574615e-09
3     14     9.31322574615e-09
4     14     9.31322574615e-09
5     14     9.31322574615e-09
6     14     9.31322574615e-09
7     14     9.31322574615e-09
8     14     9.31322574615e-09
9     14     9.31322574615e-09
10     14     9.31322574615e-09
11     14     9.31322574615e-09
12     14     9.31322574615e-09
13     14     9.31322574615e-09
14     14     1.86264514923e-08
15     14     3.07336449623e-07
16     14     4.63798642159e-06
17     14     4.65009361506e-05
18     14     0.000339541584253
19     14     0.00192196108401
20     14     0.00877911224961
21     14     0.0332689378411
22     14     0.106738414615
23     14     0.29449374415
24     14     0.707555469126
25     14     1.49612785317
26     14     2.81041515991
27     14     4.73129660822
28     14     7.20100131817
29     14     10
30     14     7.20100131817
31     14     4.73129660822
32     14     2.81041515991
33     14     1.49612785317
34     14     0.707555469126
35     14     0.29449374415
36     14     0.106738414615
37     14     0.0332689378411
38     14     0.00877911224961
39     14     0.00192196108401
40     14     0.000339541584253
41     14     4.65009361506e-05
42     14     4.63798642159e-06
43     14     3.07336449623e-07
44     14     1.86264514923e-08
45     14     9.31322574615e-09
46     14     9.31322574615e-09
47     14     9.31322574615e-09
48     14     9.31322574615e-09
49     14     9.31322574615e-09
50     14     9.31322574615e-09
51     14     9.31322574615e-09
52     14     9.31322574615e-09
53     14     9.31322574615e-09
54     14     9.31322574615e-09
55     14     9.31322574615e-09
56     14     9.31322574615e-09
57     14     9.31322574615e-09
58     14     9.31322574615e-09
59     14     0

0     15     0
1     15     1.67638063431e-07
2     15     2.98023223877e-07
3     15     2.98023223877e-07
4     15     2.98023223877e-07
5     15     2.98023223877e-07
6     15     2.98023223877e-07
7     15     2.98023223877e-07
8     15     2.98023223877e-07
9     15     2.98023223877e-07
10     15     2.98023223877e-07
11     15     2.98023223877e-07
12     15     2.98023223877e-07
13     15     2.98023223877e-07
14     15     3.07336449623e-07
15     15     5.96046447754e-07
16     15     4.92669641972e-06
17     15     4.67896461487e-05
18     15     0.000339830294251
19     15     0.00192224979401
20     15     0.00877940095961
21     15     0.0332692265511
22     15     0.106738703325
23     15     0.29449403286
24     15     0.707555757836
25     15     1.49612814188
26     15     2.81041544862
27     15     4.73129689693
28     15     7.2010014765
29     15     10
30     15     7.2010014765
31     15     4.73129689693
32     15     2.81041544862
33     15     1.49612814188
34     15     0.707555757836
35     15     0.29449403286
36     15     0.106738703325
37     15     0.0332692265511
38     15     0.00877940095961
39     15     0.00192224979401
40     15     0.000339830294251
41     15     4.67896461487e-05
42     15     4.92669641972e-06
43     15     5.96046447754e-07
44     15     3.07336449623e-07
45     15     2.98023223877e-07
46     15     2.98023223877e-07
47     15     2.98023223877e-07
48     15     2.98023223877e-07
49     15     2.98023223877e-07
50     15     2.98023223877e-07
51     15     2.98023223877e-07
52     15     2.98023223877e-07
53     15     2.98023223877e-07
54     15     2.98023223877e-07
55     15     2.98023223877e-07
56     15     2.98023223877e-07
57     15     2.98023223877e-07
58     15     1.67638063431e-07
59     15     0

0     16     0
1     16     2.44937837124e-06
2     16     3.78116965294e-06
3     16     4.62867319584e-06
4     16     4.62867319584e-06
5     16     4.62867319584e-06
6     16     4.62867319584e-06
7     16     4.62867319584e-06
8     16     4.62867319584e-06
9     16     4.62867319584e-06
10     16     4.62867319584e-06
11     16     4.62867319584e-06
12     16     4.62867319584e-06
13     16     4.62867319584e-06
14     16     4.63798642159e-06
15     16     4.92669641972e-06
16     16     9.25734639168e-06
17     16     5.11202961206e-05
18     16     0.000344160944223
19     16     0.00192658044398
20     16     0.00878373160958
21     16     0.033273557201
22     16     0.106743033975
23     16     0.29449836351
24     16     0.707560088485
25     16     1.49613247253
26     16     2.81041977927
27     16     4.7313002497
28     16     7.20100371167
29     16     10
30     16     7.20100371167
31     16     4.7313002497
32     16     2.81041977927
33     16     1.49613247253
34     16     0.707560088485
35     16     0.29449836351
36     16     0.106743033975
37     16     0.033273557201
38     16     0.00878373160958
39     16     0.00192658044398
40     16     0.000344160944223
41     16     5.11202961206e-05
42     16     9.25734639168e-06
43     16     4.92669641972e-06
44     16     4.63798642159e-06
45     16     4.62867319584e-06
46     16     4.62867319584e-06
47     16     4.62867319584e-06
48     16     4.62867319584e-06
49     16     4.62867319584e-06
50     16     4.62867319584e-06
51     16     4.62867319584e-06
52     16     4.62867319584e-06
53     16     4.62867319584e-06
54     16     4.62867319584e-06
55     16     4.62867319584e-06
56     16     4.62867319584e-06
57     16     3.78116965294e-06
58     16     2.44937837124e-06
59     16     0

0     17     0
1     17     2.03773379326e-05
2     17     3.68058681488e-05
3     17     4.31016087532e-05
4     17     4.64916229248e-05
5     17     4.64916229248e-05
6     17     4.64916229248e-05
7     17     4.64916229248e-05
8     17     4.64916229248e-05
9     17     4.64916229248e-05
10     17     4.64916229248e-05
11     17     4.64916229248e-05
12     17     4.64916229248e-05
13     17     4.64916229248e-05
14     17     4.65009361506e-05
15     17     4.67896461487e-05
16     17     5.11202961206e-05
17     17     9.29832458496e-05
18     17     0.000386023893952
19     17     0.00196844339371
20     17     0.00882559455931
21     17     0.0333154201508
22     17     0.106784896925
23     17     0.29454022646
24     17     0.707601951435
25     17     1.49617433548
26     17     2.8104574047
27     17     4.73133265972
28     17     7.20102047548
29     17     10
30     17     7.20102047548
31     17     4.73133265972
32     17     2.8104574047
33     17     1.49617433548
34     17     0.707601951435
35     17     0.29454022646
36     17     0.106784896925
37     17     0.0333154201508
38     17     0.00882559455931
39     17     0.00196844339371
40     17     0.000386023893952
41     17     9.29832458496e-05
42     17     5.11202961206e-05
43     17     4.67896461487e-05
44     17     4.65009361506e-05
45     17     4.64916229248e-05
46     17     4.64916229248e-05
47     17     4.64916229248e-05
48     17     4.64916229248e-05
49     17     4.64916229248e-05
50     17     4.64916229248e-05
51     17     4.64916229248e-05
52     17     4.64916229248e-05
53     17     4.64916229248e-05
54     17     4.64916229248e-05
55     17     4.64916229248e-05
56     17     4.31016087532e-05
57     17     3.68058681488e-05
58     17     2.03773379326e-05
59     17     0

0     18     0
1     18     0.000142836943269
2     18     0.000243131071329
3     18     0.00031023286283
4     18     0.000330209732056
5     18     0.000339532271028
6     18     0.000339532271028
7     18     0.000339532271028
8     18     0.000339532271028
9     18     0.000339532271028
10     18     0.000339532271028
11     18     0.000339532271028
12     18     0.000339532271028
13     18     0.000339532271028
14     18     0.000339541584253
15     18     0.000339830294251
16     18     0.000344160944223
17     18     0.000386023893952
18     18     0.000679064542055
19     18     0.00226148404181
20     18     0.00911863520741
21     18     0.0336084607989
22     18     0.107077937573
23     18     0.294833267108
24     18     0.707894992083
25     18     1.49645466357
26     18     2.81072078273
27     18     4.73152823746
28     18     7.20113782212
29     18     10
30     18     7.20113782212
31     18     4.73152823746
32     18     2.81072078273
33     18     1.49645466357
34     18     0.707894992083
35     18     0.294833267108
36     18     0.107077937573
37     18     0.0336084607989
38     18     0.00911863520741
39     18     0.00226148404181
40     18     0.000679064542055
41     18     0.000386023893952
42     18     0.000344160944223
43     18     0.000339830294251
44     18     0.000339541584253
45     18     0.000339532271028
46     18     0.000339532271028
47     18     0.000339532271028
48     18     0.000339532271028
49     18     0.000339532271028
50     18     0.000339532271028
51     18     0.000339532271028
52     18     0.000339532271028
53     18     0.000339532271028
54     18     0.000339532271028
55     18     0.000330209732056
56     18     0.00031023286283
57     18     0.000243131071329
58     18     0.000142836943269
59     18     0

0     19     0
1     19     0.000738110393286
2     19     0.00134319067001
3     19     0.00167148187757
4     19     0.00185802578926
5     19     0.00190330669284
6     19     0.00192195177078
7     19     0.00192195177078
8     19     0.00192195177078
9     19     0.00192195177078
10     19     0.00192195177078
11     19     0.00192195177078
12     19     0.00192195177078
13     19     0.00192195177078
14     19     0.00192196108401
15     19     0.00192224979401
16     19     0.00192658044398
17     19     0.00196844339371
18     19     0.00226148404181
19     19     0.00384390354156
20     19     0.0107010547072
21     19     0.0351908802986
22     19     0.108660357073
23     19     0.296415686607
24     19     0.709449443966
25     19     1.49796843529
26     19     2.81203115359
27     19     4.73258435726
28     19     7.2016854398
29     19     10
30     19     7.2016854398
31     19     4.73258435726
32     19     2.81203115359
33     19     1.49796843529
34     19     0.709449443966
35     19     0.296415686607
36     19     0.108660357073
37     19     0.0351908802986
38     19     0.0107010547072
39     19     0.00384390354156
40     19     0.00226148404181
41     19     0.00196844339371
42     19     0.00192658044398
43     19     0.00192224979401
44     19     0.00192196108401
45     19     0.00192195177078
46     19     0.00192195177078
47     19     0.00192195177078
48     19     0.00192195177078
49     19     0.00192195177078
50     19     0.00192195177078
51     19     0.00192195177078
52     19     0.00192195177078
53     19     0.00192195177078
54     19     0.00190330669284
55     19     0.00185802578926
56     19     0.00167148187757
57     19     0.00134319067001
58     19     0.000738110393286
59     19     0

0     20     0
1     20     0.00329180620611
2     20     0.00581668689847
3     20     0.0075423810631
4     20     0.00830180943012
5     20     0.00867522321641
6     20     0.00875113531947
7     20     0.00877910293639
8     20     0.00877910293639
9     20     0.00877910293639
10     20     0.00877910293639
11     20     0.00877910293639
12     20     0.00877910293639
13     20     0.00877910293639
14     20     0.00877911224961
15     20     0.00877940095961
16     20     0.00878373160958
17     20     0.00882559455931
18     20     0.00911863520741
19     20     0.0107010547072
20     20     0.0175582058728
21     20     0.0420480314642
22     20     0.115517508239
23     20     0.303226225078
24     20     0.716185402125
25     20     1.50425691158
26     20     2.81770942733
27     20     4.73673712462
28     20     7.20405844972
29     20     10
30     20     7.20405844972
31     20     4.73673712462
32     20     2.81770942733
33     20     1.50425691158
34     20     0.716185402125
35     20     0.303226225078
36     20     0.115517508239
37     20     0.0420480314642
38     20     0.0175582058728
39     20     0.0107010547072
40     20     0.00911863520741
41     20     0.00882559455931
42     20     0.00878373160958
43     20     0.00877940095961
44     20     0.00877911224961
45     20     0.00877910293639
46     20     0.00877910293639
47     20     0.00877910293639
48     20     0.00877910293639
49     20     0.00877910293639
50     20     0.00877910293639
51     20     0.00877910293639
52     20     0.00877910293639
53     20     0.00875113531947
54     20     0.00867522321641
55     20     0.00830180943012
56     20     0.0075423810631
57     20     0.00581668689847
58     20     0.00329180620611
59     20     0

0     21     0
1     21     0.0119516998529
2     21     0.0217679142952
3     21     0.0278040021658
4     21     0.0313019752502
5     21     0.0325862318277
6     21     0.0331410765648
7     21     0.0332369655371
8     21     0.0332689285278
9     21     0.0332689285278
10     21     0.0332689285278
11     21     0.0332689285278
12     21     0.0332689285278
13     21     0.0332689285278
14     21     0.0332689378411
15     21     0.0332692265511
16     21     0.033273557201
17     21     0.0333154201508
18     21     0.0336084607989
19     21     0.0351908802986
20     21     0.0420480314642
21     21     0.0665378570557
22     21     0.139947403222
23     21     0.327549576759
24     21     0.739762950689
25     21     1.52671575546
26     21     2.83681215718
27     21     4.75156843662
28     21     7.21177073196
29     21     10
30     21     7.21177073196
31     21     4.75156843662
32     21     2.83681215718
33     21     1.52671575546
34     21     0.739762950689
35     21     0.327549576759
36     21     0.139947403222
37     21     0.0665378570557
38     21     0.0420480314642
39     21     0.0351908802986
40     21     0.0336084607989
41     21     0.0333154201508
42     21     0.033273557201
43     21     0.0332692265511
44     21     0.0332689378411
45     21     0.0332689285278
46     21     0.0332689285278
47     21     0.0332689285278
48     21     0.0332689285278
49     21     0.0332689285278
50     21     0.0332689285278
51     21     0.0332689285278
52     21     0.0332369655371
53     21     0.0331410765648
54     21     0.0325862318277
55     21     0.0313019752502
56     21     0.0278040021658
57     21     0.0217679142952
58     21     0.0119516998529
59     21     0

0     22     0
1     22     0.0381716433913
2     22     0.0683142803609
3     22     0.0888091977686
4     22     0.0991961359978
5     22     0.104381749406
6     22     0.105997417122
7     22     0.106618544087
8     22     0.106710437685
9     22     0.106738405302
10     22     0.106738405302
11     22     0.106738405302
12     22     0.106738405302
13     22     0.106738405302
14     22     0.106738414615
15     22     0.106738703325
16     22     0.106743033975
17     22     0.106784896925
18     22     0.107077937573
19     22     0.108660357073
20     22     0.115517508239
21     22     0.139947403222
22     22     0.213237088174
23     22     0.399880371988
24     22     0.810495596379
25     22     1.59185487777
26     22     2.89412034675
27     22     4.79321476072
28     22     7.23490757868
29     22     10
30     22     7.23490757868
31     22     4.79321476072
32     22     2.89412034675
33     22     1.59185487777
34     22     0.810495596379
35     22     0.399880371988
36     22     0.213237088174
37     22     0.139947403222
38     22     0.115517508239
39     22     0.108660357073
40     22     0.107077937573
41     22     0.106784896925
42     22     0.106743033975
43     22     0.106738703325
44     22     0.106738414615
45     22     0.106738405302
46     22     0.106738405302
47     22     0.106738405302
48     22     0.106738405302
49     22     0.106738405302
50     22     0.106738405302
51     22     0.106710437685
52     22     0.106618544087
53     22     0.105997417122
54     22     0.104381749406
55     22     0.0991961359978
56     22     0.0888091977686
57     22     0.0683142803609
58     22     0.0381716433913
59     22     0

0     23     0
1     23     0.104812178761
2     23     0.189291536808
3     23     0.242977719754
4     23     0.273619145155
5     23     0.28666825965
6     23     0.292362868786
7     23     0.293882954866
8     23     0.294408500195
9     23     0.294475089759
10     23     0.294493734837
11     23     0.294493734837
12     23     0.294493734837
13     23     0.294493734837
14     23     0.29449374415
15     23     0.29449403286
16     23     0.29449836351
17     23     0.29454022646
18     23     0.294833267108
19     23     0.296415686607
20     23     0.303226225078
21     23     0.327549576759
22     23     0.399880371988
23     23     0.584725737572
24     23     0.988149289042
25     23     1.75832152367
26     23     3.03448388353
27     23     4.89964425564
28     23     7.29043601081
29     23     10
30     23     7.29043601081
31     23     4.89964425564
32     23     3.03448388353
33     23     1.75832152367
34     23     0.988149289042
35     23     0.584725737572
36     23     0.399880371988
37     23     0.327549576759
38     23     0.303226225078
39     23     0.296415686607
40     23     0.294833267108
41     23     0.29454022646
42     23     0.29449836351
43     23     0.29449403286
44     23     0.29449374415
45     23     0.294493734837
46     23     0.294493734837
47     23     0.294493734837
48     23     0.294493734837
49     23     0.294493734837
50     23     0.294475089759
51     23     0.294408500195
52     23     0.293882954866
53     23     0.292362868786
54     23     0.28666825965
55     23     0.273619145155
56     23     0.242977719754
57     23     0.189291536808
58     23     0.104812178761
59     23     0

0     24     0
1     24     0.258419653401
2     24     0.4585971497
3     24     0.588627243415
4     24     0.65644480288
5     24     0.68949370645
6     24     0.701481029391
7     24     0.706113846973
8     24     0.707176718861
9     24     0.707510178909
10     24     0.707546137273
11     24     0.707555459812
12     24     0.707555459812
13     24     0.707555459812
14     24     0.707555469126
15     24     0.707555757836
16     24     0.707560088485
17     24     0.707601951435
18     24     0.707894992083
19     24     0.709449443966
20     24     0.716185402125
21     24     0.739762950689
22     24     0.810495596379
23     24     0.988149289042
24     24     1.3789874129
25     24     2.11559850723
26     24     3.34328366444
27     24     5.1236089319
28     24     7.4125985615
29     24     10
30     24     7.4125985615
31     24     5.1236089319
32     24     3.34328366444
33     24     2.11559850723
34     24     1.3789874129
35     24     0.988149289042
36     24     0.810495596379
37     24     0.739762950689
38     24     0.716185402125
39     24     0.709449443966
40     24     0.707894992083
41     24     0.707601951435
42     24     0.707560088485
43     24     0.707555757836
44     24     0.707555469126
45     24     0.707555459812
46     24     0.707555459812
47     24     0.707555459812
48     24     0.707555459812
49     24     0.707546137273
50     24     0.707510178909
51     24     0.707176718861
52     24     0.706113846973
53     24     0.701481029391
54     24     0.68949370645
55     24     0.65644480288
56     24     0.588627243415
57     24     0.4585971497
58     24     0.258419653401
59     24     0

0     25     0
1     25     0.572071410716
2     25     1.00165441632
3     25     1.26069005579
4     25     1.39883637428
5     25     1.45915370435
6     25     1.48470237851
7     25     1.49265874177
8     25     1.49541378021
9     25     1.49595510215
10     25     1.4961104095
11     25     1.49612445384
12     25     1.49612784386
13     25     1.49612784386
14     25     1.49612785317
15     25     1.49612814188
16     25     1.49613247253
17     25     1.49617433548
18     25     1.49645466357
19     25     1.49796843529
20     25     1.50425691158
21     25     1.52671575546
22     25     1.59185487777
23     25     1.75832152367
24     25     2.11559850723
25     25     2.79767274857
26     25     3.9162841998
27     25     5.55117785931
28     25     7.63656323776
29     25     10
30     25     7.63656323776
31     25     5.55117785931
32     25     3.9162841998
33     25     2.79767274857
34     25     2.11559850723
35     25     1.75832152367
36     25     1.59185487777
37     25     1.52671575546
38     25     1.50425691158
39     25     1.49796843529
40     25     1.49645466357
41     25     1.49617433548
42     25     1.49613247253
43     25     1.49612814188
44     25     1.49612785317
45     25     1.49612784386
46     25     1.49612784386
47     25     1.49612784386
48     25     1.49612445384
49     25     1.4961104095
50     25     1.49595510215
51     25     1.49541378021
52     25     1.49265874177
53     25     1.48470237851
54     25     1.45915370435
55     25     1.39883637428
56     25     1.26069005579
57     25     1.00165441632
58     25     0.572071410716
59     25     0

0     26     0
1     26     1.17752135731
2     26     1.98091411963
3     26     2.43564254604
4     26     2.65559414402
5     26     2.75465642102
6     26     2.79150616378
7     26     2.80531114899
8     26     2.80900815502
9     26     2.81016704626
10     26     2.81035967171
11     26     2.81041054986
12     26     2.81041430309
13     26     2.8104151506
14     26     2.81041515991
15     26     2.81041544862
16     26     2.81041977927
17     26     2.8104574047
18     26     2.81072078273
19     26     2.81203115359
20     26     2.81770942733
21     26     2.83681215718
22     26     2.89412034675
23     26     3.03448388353
24     26     3.34328366444
25     26     3.9162841998
26     26     4.87128509209
27     26     6.24440185726
28     26     8.00983769819
29     26     10
30     26     8.00983769819
31     26     6.24440185726
32     26     4.87128509209
33     26     3.9162841998
34     26     3.34328366444
35     26     3.03448388353
36     26     2.89412034675
37     26     2.83681215718
38     26     2.81770942733
39     26     2.81203115359
40     26     2.81072078273
41     26     2.8104574047
42     26     2.81041977927
43     26     2.81041544862
44     26     2.81041515991
45     26     2.8104151506
46     26     2.8104151506
47     26     2.81041430309
48     26     2.81041054986
49     26     2.81035967171
50     26     2.81016704626
51     26     2.80900815502
52     26     2.80531114899
53     26     2.79150616378
54     26     2.75465642102
55     26     2.65559414402
56     26     2.43564254604
57     26     1.98091411963
58     26     1.17752135731
59     26     0

0     27     0
1     27     2.31707466766
2     27     3.62878769636
3     27     4.26348773763
4     27     4.54952344298
5     27     4.6650117822
6     27     4.71035271883
7     27     4.72490048036
8     27     4.72980052233
9     27     4.73092043772
10     27     4.73124116659
11     27     4.73128510639
12     27     4.73129585385
13     27     4.73129646853
14     27     4.73129660822
15     27     4.73129689693
16     27     4.7313002497
17     27     4.73133265972
18     27     4.73152823746
19     27     4.73258435726
20     27     4.73673712462
21     27     4.75156843662
22     27     4.79321476072
23     27     4.89964425564
24     27     5.1236089319
25     27     5.55117785931
26     27     6.24440185726
27     27     7.25757539272
28     27     8.54308692738
29     27     10
30     27     8.54308692738
31     27     7.25757539272
32     27     6.24440185726
33     27     5.55117785931
34     27     5.1236089319
35     27     4.89964425564
36     27     4.79321476072
37     27     4.75156843662
38     27     4.73673712462
39     27     4.73258435726
40     27     4.73152823746
41     27     4.73133265972
42     27     4.7313002497
43     27     4.73129689693
44     27     4.73129660822
45     27     4.73129659891
46     27     4.73129646853
47     27     4.73129585385
48     27     4.73128510639
49     27     4.73124116659
50     27     4.73092043772
51     27     4.72980052233
52     27     4.72490048036
53     27     4.71035271883
54     27     4.6650117822
55     27     4.54952344298
56     27     4.26348773763
57     27     3.62878769636
58     27     2.31707466766
59     27     0

0     28     0
1     28     4.6143465396
2     28     6.22601225972
3     28     6.83231634088
4     28     7.06449182704
5     28     7.15417890809
6     28     7.18562383205
7     28     7.19673593529
8     28     7.1998190321
9     28     7.20076664351
10     28     7.2009473294
11     28     7.20099498518
12     28     7.20100009814
13     28     7.20100126229
14     28     7.20100131817
15     28     7.2010014765
16     28     7.20100371167
17     28     7.20102047548
18     28     7.20113782212
19     28     7.2016854398
20     28     7.20405844972
21     28     7.21177073196
22     28     7.23490757868
23     28     7.29043601081
24     28     7.4125985615
25     28     7.63656323776
26     28     8.00983769819
27     28     8.54308692738
28     28     9.2286930792
29     28     10
30     28     9.2286930792
31     28     8.54308692738
32     28     8.00983769819
33     28     7.63656323776
34     28     7.4125985615
35     28     7.29043601081
36     28     7.23490757868
37     28     7.21177073196
38     28     7.20405844972
39     28     7.2016854398
40     28     7.20113782212
41     28     7.20102047548
42     28     7.20100371167
43     28     7.2010014765
44     28     7.20100132748
45     28     7.20100130886
46     28     7.20100126229
47     28     7.20100009814
48     28     7.20099498518
49     28     7.2009473294
50     28     7.20076664351
51     28     7.1998190321
52     28     7.19673593529
53     28     7.18562383205
54     28     7.15417890809
55     28     7.06449182704
56     28     6.83231634088
57     28     6.22601225972
58     28     4.6143465396
59     28     0

0     29     0
1     29     10
2     29     10
3     29     10
4     29     10
5     29     10
6     29     10
7     29     10
8     29     10
9     29     10
10     29     10
11     29     10
12     29     10
13     29     10
14     29     10
15     29     10
16     29     10
17     29     10
18     29     10
19     29     10
20     29     10
21     29     10
22     29     10
23     29     10
24     29     10
25     29     10
26     29     10
27     29     10
28     29     10
29     29     10
30     29     10
31     29     10
32     29     10
33     29     10
34     29     10
35     29     10
36     29     10
37     29     10
38     29     10
39     29     10
40     29     10
41     29     10
42     29     10
43     29     10
44     29     10
45     29     10
46     29     10
47     29     10
48     29     10
49     29     10
50     29     10
51     29     10
52     29     10
53     29     10
54     29     10
55     29     10
56     29     10
57     29     10
58     29     10
59     29     0

0     30     0
1     30     4.6143465396
2     30     6.22601225972
3     30     6.83231634088
4     30     7.06449182704
5     30     7.15417890809
6     30     7.18562383205
7     30     7.19673593529
8     30     7.1998190321
9     30     7.20076664351
10     30     7.2009473294
11     30     7.20099498518
12     30     7.20100009814
13     30     7.20100126229
14     30     7.20100131817
15     30     7.2010014765
16     30     7.20100371167
17     30     7.20102047548
18     30     7.20113782212
19     30     7.2016854398
20     30     7.20405844972
21     30     7.21177073196
22     30     7.23490757868
23     30     7.29043601081
24     30     7.4125985615
25     30     7.63656323776
26     30     8.00983769819
27     30     8.54308692738
28     30     9.2286930792
29     30     10
30     30     9.2286930792
31     30     8.54308692738
32     30     8.00983769819
33     30     7.63656323776
34     30     7.4125985615
35     30     7.29043601081
36     30     7.23490757868
37     30     7.21177073196
38     30     7.20405844972
39     30     7.2016854398
40     30     7.20113782212
41     30     7.20102047548
42     30     7.20100371167
43     30     7.2010014765
44     30     7.20100132748
45     30     7.20100130886
46     30     7.20100126229
47     30     7.20100009814
48     30     7.20099498518
49     30     7.2009473294
50     30     7.20076664351
51     30     7.1998190321
52     30     7.19673593529
53     30     7.18562383205
54     30     7.15417890809
55     30     7.06449182704
56     30     6.83231634088
57     30     6.22601225972
58     30     4.6143465396
59     30     0

0     31     0
1     31     2.31707466766
2     31     3.62878769636
3     31     4.26348773763
4     31     4.54952344298
5     31     4.6650117822
6     31     4.71035271883
7     31     4.72490048036
8     31     4.72980052233
9     31     4.73092043772
10     31     4.73124116659
11     31     4.73128510639
12     31     4.73129585385
13     31     4.73129646853
14     31     4.73129660822
15     31     4.73129689693
16     31     4.7313002497
17     31     4.73133265972
18     31     4.73152823746
19     31     4.73258435726
20     31     4.73673712462
21     31     4.75156843662
22     31     4.79321476072
23     31     4.89964425564
24     31     5.1236089319
25     31     5.55117785931
26     31     6.24440185726
27     31     7.25757539272
28     31     8.54308692738
29     31     10
30     31     8.54308692738
31     31     7.25757539272
32     31     6.24440185726
33     31     5.55117785931
34     31     5.1236089319
35     31     4.89964425564
36     31     4.79321476072
37     31     4.75156843662
38     31     4.73673712462
39     31     4.73258435726
40     31     4.73152823746
41     31     4.73133265972
42     31     4.7313002497
43     31     4.73129689693
44     31     4.73129660822
45     31     4.73129659891
46     31     4.73129646853
47     31     4.73129585385
48     31     4.73128510639
49     31     4.73124116659
50     31     4.73092043772
51     31     4.72980052233
52     31     4.72490048036
53     31     4.71035271883
54     31     4.6650117822
55     31     4.54952344298
56     31     4.26348773763
57     31     3.62878769636
58     31     2.31707466766
59     31     0

0     32     0
1     32     1.17752135731
2     32     1.98091411963
3     32     2.43564254604
4     32     2.65559414402
5     32     2.75465642102
6     32     2.79150616378
7     32     2.80531114899
8     32     2.80900815502
9     32     2.81016704626
10     32     2.81035967171
11     32     2.81041054986
12     32     2.81041430309
13     32     2.8104151506
14     32     2.81041515991
15     32     2.81041544862
16     32     2.81041977927
17     32     2.8104574047
18     32     2.81072078273
19     32     2.81203115359
20     32     2.81770942733
21     32     2.83681215718
22     32     2.89412034675
23     32     3.03448388353
24     32     3.34328366444
25     32     3.9162841998
26     32     4.87128509209
27     32     6.24440185726
28     32     8.00983769819
29     32     10
30     32     8.00983769819
31     32     6.24440185726
32     32     4.87128509209
33     32     3.9162841998
34     32     3.34328366444
35     32     3.03448388353
36     32     2.89412034675
37     32     2.83681215718
38     32     2.81770942733
39     32     2.81203115359
40     32     2.81072078273
41     32     2.8104574047
42     32     2.81041977927
43     32     2.81041544862
44     32     2.81041515991
45     32     2.8104151506
46     32     2.8104151506
47     32     2.81041430309
48     32     2.81041054986
49     32     2.81035967171
50     32     2.81016704626
51     32     2.80900815502
52     32     2.80531114899
53     32     2.79150616378
54     32     2.75465642102
55     32     2.65559414402
56     32     2.43564254604
57     32     1.98091411963
58     32     1.17752135731
59     32     0

0     33     0
1     33     0.572071410716
2     33     1.00165441632
3     33     1.26069005579
4     33     1.39883637428
5     33     1.45915370435
6     33     1.48470237851
7     33     1.49265874177
8     33     1.49541378021
9     33     1.49595510215
10     33     1.4961104095
11     33     1.49612445384
12     33     1.49612784386
13     33     1.49612784386
14     33     1.49612785317
15     33     1.49612814188
16     33     1.49613247253
17     33     1.49617433548
18     33     1.49645466357
19     33     1.49796843529
20     33     1.50425691158
21     33     1.52671575546
22     33     1.59185487777
23     33     1.75832152367
24     33     2.11559850723
25     33     2.79767274857
26     33     3.9162841998
27     33     5.55117785931
28     33     7.63656323776
29     33     10
30     33     7.63656323776
31     33     5.55117785931
32     33     3.9162841998
33     33     2.79767274857
34     33     2.11559850723
35     33     1.75832152367
36     33     1.59185487777
37     33     1.52671575546
38     33     1.50425691158
39     33     1.49796843529
40     33     1.49645466357
41     33     1.49617433548
42     33     1.49613247253
43     33     1.49612814188
44     33     1.49612785317
45     33     1.49612784386
46     33     1.49612784386
47     33     1.49612784386
48     33     1.49612445384
49     33     1.4961104095
50     33     1.49595510215
51     33     1.49541378021
52     33     1.49265874177
53     33     1.48470237851
54     33     1.45915370435
55     33     1.39883637428
56     33     1.26069005579
57     33     1.00165441632
58     33     0.572071410716
59     33     0

0     34     0
1     34     0.258419653401
2     34     0.4585971497
3     34     0.588627243415
4     34     0.65644480288
5     34     0.68949370645
6     34     0.701481029391
7     34     0.706113846973
8     34     0.707176718861
9     34     0.707510178909
10     34     0.707546137273
11     34     0.707555459812
12     34     0.707555459812
13     34     0.707555459812
14     34     0.707555469126
15     34     0.707555757836
16     34     0.707560088485
17     34     0.707601951435
18     34     0.707894992083
19     34     0.709449443966
20     34     0.716185402125
21     34     0.739762950689
22     34     0.810495596379
23     34     0.988149289042
24     34     1.3789874129
25     34     2.11559850723
26     34     3.34328366444
27     34     5.1236089319
28     34     7.4125985615
29     34     10
30     34     7.4125985615
31     34     5.1236089319
32     34     3.34328366444
33     34     2.11559850723
34     34     1.3789874129
35     34     0.988149289042
36     34     0.810495596379
37     34     0.739762950689
38     34     0.716185402125
39     34     0.709449443966
40     34     0.707894992083
41     34     0.707601951435
42     34     0.707560088485
43     34     0.707555757836
44     34     0.707555469126
45     34     0.707555459812
46     34     0.707555459812
47     34     0.707555459812
48     34     0.707555459812
49     34     0.707546137273
50     34     0.707510178909
51     34     0.707176718861
52     34     0.706113846973
53     34     0.701481029391
54     34     0.68949370645
55     34     0.65644480288
56     34     0.588627243415
57     34     0.4585971497
58     34     0.258419653401
59     34     0

0     35     0
1     35     0.104812178761
2     35     0.189291536808
3     35     0.242977719754
4     35     0.273619145155
5     35     0.28666825965
6     35     0.292362868786
7     35     0.293882954866
8     35     0.294408500195
9     35     0.294475089759
10     35     0.294493734837
11     35     0.294493734837
12     35     0.294493734837
13     35     0.294493734837
14     35     0.29449374415
15     35     0.29449403286
16     35     0.29449836351
17     35     0.29454022646
18     35     0.294833267108
19     35     0.296415686607
20     35     0.303226225078
21     35     0.327549576759
22     35     0.399880371988
23     35     0.584725737572
24     35     0.988149289042
25     35     1.75832152367
26     35     3.03448388353
27     35     4.89964425564
28     35     7.29043601081
29     35     10
30     35     7.29043601081
31     35     4.89964425564
32     35     3.03448388353
33     35     1.75832152367
34     35     0.988149289042
35     35     0.584725737572
36     35     0.399880371988
37     35     0.327549576759
38     35     0.303226225078
39     35     0.296415686607
40     35     0.294833267108
41     35     0.29454022646
42     35     0.29449836351
43     35     0.29449403286
44     35     0.29449374415
45     35     0.294493734837
46     35     0.294493734837
47     35     0.294493734837
48     35     0.294493734837
49     35     0.294493734837
50     35     0.294475089759
51     35     0.294408500195
52     35     0.293882954866
53     35     0.292362868786
54     35     0.28666825965
55     35     0.273619145155
56     35     0.242977719754
57     35     0.189291536808
58     35     0.104812178761
59     35     0

0     36     0
1     36     0.0381716433913
2     36     0.0683142803609
3     36     0.0888091977686
4     36     0.0991961359978
5     36     0.104381749406
6     36     0.105997417122
7     36     0.106618544087
8     36     0.106710437685
9     36     0.106738405302
10     36     0.106738405302
11     36     0.106738405302
12     36     0.106738405302
13     36     0.106738405302
14     36     0.106738414615
15     36     0.106738703325
16     36     0.106743033975
17     36     0.106784896925
18     36     0.107077937573
19     36     0.108660357073
20     36     0.115517508239
21     36     0.139947403222
22     36     0.213237088174
23     36     0.399880371988
24     36     0.810495596379
25     36     1.59185487777
26     36     2.89412034675
27     36     4.79321476072
28     36     7.23490757868
29     36     10
30     36     7.23490757868
31     36     4.79321476072
32     36     2.89412034675
33     36     1.59185487777
34     36     0.810495596379
35     36     0.399880371988
36     36     0.213237088174
37     36     0.139947403222
38     36     0.115517508239
39     36     0.108660357073
40     36     0.107077937573
41     36     0.106784896925
42     36     0.106743033975
43     36     0.106738703325
44     36     0.106738414615
45     36     0.106738405302
46     36     0.106738405302
47     36     0.106738405302
48     36     0.106738405302
49     36     0.106738405302
50     36     0.106738405302
51     36     0.106710437685
52     36     0.106618544087
53     36     0.105997417122
54     36     0.104381749406
55     36     0.0991961359978
56     36     0.0888091977686
57     36     0.0683142803609
58     36     0.0381716433913
59     36     0

0     37     0
1     37     0.0119516998529
2     37     0.0217679142952
3     37     0.0278040021658
4     37     0.0313019752502
5     37     0.0325862318277
6     37     0.0331410765648
7     37     0.0332369655371
8     37     0.0332689285278
9     37     0.0332689285278
10     37     0.0332689285278
11     37     0.0332689285278
12     37     0.0332689285278
13     37     0.0332689285278
14     37     0.0332689378411
15     37     0.0332692265511
16     37     0.033273557201
17     37     0.0333154201508
18     37     0.0336084607989
19     37     0.0351908802986
20     37     0.0420480314642
21     37     0.0665378570557
22     37     0.139947403222
23     37     0.327549576759
24     37     0.739762950689
25     37     1.52671575546
26     37     2.83681215718
27     37     4.75156843662
28     37     7.21177073196
29     37     10
30     37     7.21177073196
31     37     4.75156843662
32     37     2.83681215718
33     37     1.52671575546
34     37     0.739762950689
35     37     0.327549576759
36     37     0.139947403222
37     37     0.0665378570557
38     37     0.0420480314642
39     37     0.0351908802986
40     37     0.0336084607989
41     37     0.0333154201508
42     37     0.033273557201
43     37     0.0332692265511
44     37     0.0332689378411
45     37     0.0332689285278
46     37     0.0332689285278
47     37     0.0332689285278
48     37     0.0332689285278
49     37     0.0332689285278
50     37     0.0332689285278
51     37     0.0332689285278
52     37     0.0332369655371
53     37     0.0331410765648
54     37     0.0325862318277
55     37     0.0313019752502
56     37     0.0278040021658
57     37     0.0217679142952
58     37     0.0119516998529
59     37     0

0     38     0
1     38     0.00329180620611
2     38     0.00581668689847
3     38     0.0075423810631
4     38     0.00830180943012
5     38     0.00867522321641
6     38     0.00875113531947
7     38     0.00877910293639
8     38     0.00877910293639
9     38     0.00877910293639
10     38     0.00877910293639
11     38     0.00877910293639
12     38     0.00877910293639
13     38     0.00877910293639
14     38     0.00877911224961
15     38     0.00877940095961
16     38     0.00878373160958
17     38     0.00882559455931
18     38     0.00911863520741
19     38     0.0107010547072
20     38     0.0175582058728
21     38     0.0420480314642
22     38     0.115517508239
23     38     0.303226225078
24     38     0.716185402125
25     38     1.50425691158
26     38     2.81770942733
27     38     4.73673712462
28     38     7.20405844972
29     38     10
30     38     7.20405844972
31     38     4.73673712462
32     38     2.81770942733
33     38     1.50425691158
34     38     0.716185402125
35     38     0.303226225078
36     38     0.115517508239
37     38     0.0420480314642
38     38     0.0175582058728
39     38     0.0107010547072
40     38     0.00911863520741
41     38     0.00882559455931
42     38     0.00878373160958
43     38     0.00877940095961
44     38     0.00877911224961
45     38     0.00877910293639
46     38     0.00877910293639
47     38     0.00877910293639
48     38     0.00877910293639
49     38     0.00877910293639
50     38     0.00877910293639
51     38     0.00877910293639
52     38     0.00877910293639
53     38     0.00875113531947
54     38     0.00867522321641
55     38     0.00830180943012
56     38     0.0075423810631
57     38     0.00581668689847
58     38     0.00329180620611
59     38     0

0     39     0
1     39     0.000738110393286
2     39     0.00134319067001
3     39     0.00167148187757
4     39     0.00185802578926
5     39     0.00190330669284
6     39     0.00192195177078
7     39     0.00192195177078
8     39     0.00192195177078
9     39     0.00192195177078
10     39     0.00192195177078
11     39     0.00192195177078
12     39     0.00192195177078
13     39     0.00192195177078
14     39     0.00192196108401
15     39     0.00192224979401
16     39     0.00192658044398
17     39     0.00196844339371
18     39     0.00226148404181
19     39     0.00384390354156
20     39     0.0107010547072
21     39     0.0351908802986
22     39     0.108660357073
23     39     0.296415686607
24     39     0.709449443966
25     39     1.49796843529
26     39     2.81203115359
27     39     4.73258435726
28     39     7.2016854398
29     39     10
30     39     7.2016854398
31     39     4.73258435726
32     39     2.81203115359
33     39     1.49796843529
34     39     0.709449443966
35     39     0.296415686607
36     39     0.108660357073
37     39     0.0351908802986
38     39     0.0107010547072
39     39     0.00384390354156
40     39     0.00226148404181
41     39     0.00196844339371
42     39     0.00192658044398
43     39     0.00192224979401
44     39     0.00192196108401
45     39     0.00192195177078
46     39     0.00192195177078
47     39     0.00192195177078
48     39     0.00192195177078
49     39     0.00192195177078
50     39     0.00192195177078
51     39     0.00192195177078
52     39     0.00192195177078
53     39     0.00192195177078
54     39     0.00190330669284
55     39     0.00185802578926
56     39     0.00167148187757
57     39     0.00134319067001
58     39     0.000738110393286
59     39     0

0     40     0
1     40     0.000142836943269
2     40     0.000243131071329
3     40     0.00031023286283
4     40     0.000330209732056
5     40     0.000339532271028
6     40     0.000339532271028
7     40     0.000339532271028
8     40     0.000339532271028
9     40     0.000339532271028
10     40     0.000339532271028
11     40     0.000339532271028
12     40     0.000339532271028
13     40     0.000339532271028
14     40     0.000339541584253
15     40     0.000339830294251
16     40     0.000344160944223
17     40     0.000386023893952
18     40     0.000679064542055
19     40     0.00226148404181
20     40     0.00911863520741
21     40     0.0336084607989
22     40     0.107077937573
23     40     0.294833267108
24     40     0.707894992083
25     40     1.49645466357
26     40     2.81072078273
27     40     4.73152823746
28     40     7.20113782212
29     40     10
30     40     7.20113782212
31     40     4.73152823746
32     40     2.81072078273
33     40     1.49645466357
34     40     0.707894992083
35     40     0.294833267108
36     40     0.107077937573
37     40     0.0336084607989
38     40     0.00911863520741
39     40     0.00226148404181
40     40     0.000679064542055
41     40     0.000386023893952
42     40     0.000344160944223
43     40     0.000339830294251
44     40     0.000339541584253
45     40     0.000339532271028
46     40     0.000339532271028
47     40     0.000339532271028
48     40     0.000339532271028
49     40     0.000339532271028
50     40     0.000339532271028
51     40     0.000339532271028
52     40     0.000339532271028
53     40     0.000339532271028
54     40     0.000339532271028
55     40     0.000330209732056
56     40     0.00031023286283
57     40     0.000243131071329
58     40     0.000142836943269
59     40     0

0     41     0
1     41     2.03773379326e-05
2     41     3.68058681488e-05
3     41     4.31016087532e-05
4     41     4.64916229248e-05
5     41     4.64916229248e-05
6     41     4.64916229248e-05
7     41     4.64916229248e-05
8     41     4.64916229248e-05
9     41     4.64916229248e-05
10     41     4.64916229248e-05
11     41     4.64916229248e-05
12     41     4.64916229248e-05
13     41     4.64916229248e-05
14     41     4.65009361506e-05
15     41     4.67896461487e-05
16     41     5.11202961206e-05
17     41     9.29832458496e-05
18     41     0.000386023893952
19     41     0.00196844339371
20     41     0.00882559455931
21     41     0.0333154201508
22     41     0.106784896925
23     41     0.29454022646
24     41     0.707601951435
25     41     1.49617433548
26     41     2.8104574047
27     41     4.73133265972
28     41     7.20102047548
29     41     10
30     41     7.20102047548
31     41     4.73133265972
32     41     2.8104574047
33     41     1.49617433548
34     41     0.707601951435
35     41     0.29454022646
36     41     0.106784896925
37     41     0.0333154201508
38     41     0.00882559455931
39     41     0.00196844339371
40     41     0.000386023893952
41     41     9.29832458496e-05
42     41     5.11202961206e-05
43     41     4.67896461487e-05
44     41     4.65009361506e-05
45     41     4.64916229248e-05
46     41     4.64916229248e-05
47     41     4.64916229248e-05
48     41     4.64916229248e-05
49     41     4.64916229248e-05
50     41     4.64916229248e-05
51     41     4.64916229248e-05
52     41     4.64916229248e-05
53     41     4.64916229248e-05
54     41     4.64916229248e-05
55     41     4.64916229248e-05
56     41     4.31016087532e-05
57     41     3.68058681488e-05
58     41     2.03773379326e-05
59     41     0

0     42     0
1     42     2.44937837124e-06
2     42     3.78116965294e-06
3     42     4.62867319584e-06
4     42     4.62867319584e-06
5     42     4.62867319584e-06
6     42     4.62867319584e-06
7     42     4.62867319584e-06
8     42     4.62867319584e-06
9     42     4.62867319584e-06
10     42     4.62867319584e-06
11     42     4.62867319584e-06
12     42     4.62867319584e-06
13     42     4.62867319584e-06
14     42     4.63798642159e-06
15     42     4.92669641972e-06
16     42     9.25734639168e-06
17     42     5.11202961206e-05
18     42     0.000344160944223
19     42     0.00192658044398
20     42     0.00878373160958
21     42     0.033273557201
22     42     0.106743033975
23     42     0.29449836351
24     42     0.707560088485
25     42     1.49613247253
26     42     2.81041977927
27     42     4.7313002497
28     42     7.20100371167
29     42     10
30     42     7.20100371167
31     42     4.7313002497
32     42     2.81041977927
33     42     1.49613247253
34     42     0.707560088485
35     42     0.29449836351
36     42     0.106743033975
37     42     0.033273557201
38     42     0.00878373160958
39     42     0.00192658044398
40     42     0.000344160944223
41     42     5.11202961206e-05
42     42     9.25734639168e-06
43     42     4.92669641972e-06
44     42     4.63798642159e-06
45     42     4.62867319584e-06
46     42     4.62867319584e-06
47     42     4.62867319584e-06
48     42     4.62867319584e-06
49     42     4.62867319584e-06
50     42     4.62867319584e-06
51     42     4.62867319584e-06
52     42     4.62867319584e-06
53     42     4.62867319584e-06
54     42     4.62867319584e-06
55     42     4.62867319584e-06
56     42     4.62867319584e-06
57     42     3.78116965294e-06
58     42     2.44937837124e-06
59     42     0

0     43     0
1     43     1.67638063431e-07
2     43     2.98023223877e-07
3     43     2.98023223877e-07
4     43     2.98023223877e-07
5     43     2.98023223877e-07
6     43     2.98023223877e-07
7     43     2.98023223877e-07
8     43     2.98023223877e-07
9     43     2.98023223877e-07
10     43     2.98023223877e-07
11     43     2.98023223877e-07
12     43     2.98023223877e-07
13     43     2.98023223877e-07
14     43     3.07336449623e-07
15     43     5.96046447754e-07
16     43     4.92669641972e-06
17     43     4.67896461487e-05
18     43     0.000339830294251
19     43     0.00192224979401
20     43     0.00877940095961
21     43     0.0332692265511
22     43     0.106738703325
23     43     0.29449403286
24     43     0.707555757836
25     43     1.49612814188
26     43     2.81041544862
27     43     4.73129689693
28     43     7.2010014765
29     43     10
30     43     7.2010014765
31     43     4.73129689693
32     43     2.81041544862
33     43     1.49612814188
34     43     0.707555757836
35     43     0.29449403286
36     43     0.106738703325
37     43     0.0332692265511
38     43     0.00877940095961
39     43     0.00192224979401
40     43     0.000339830294251
41     43     4.67896461487e-05
42     43     4.92669641972e-06
43     43     5.96046447754e-07
44     43     3.07336449623e-07
45     43     2.98023223877e-07
46     43     2.98023223877e-07
47     43     2.98023223877e-07
48     43     2.98023223877e-07
49     43     2.98023223877e-07
50     43     2.98023223877e-07
51     43     2.98023223877e-07
52     43     2.98023223877e-07
53     43     2.98023223877e-07
54     43     2.98023223877e-07
55     43     2.98023223877e-07
56     43     2.98023223877e-07
57     43     2.98023223877e-07
58     43     1.67638063431e-07
59     43     0

0     44     0
1     44     9.31322574615e-09
2     44     9.31322574615e-09
3     44     9.31322574615e-09
4     44     9.31322574615e-09
5     44     9.31322574615e-09
6     44     9.31322574615e-09
7     44     9.31322574615e-09
8     44     9.31322574615e-09
9     44     9.31322574615e-09
10     44     9.31322574615e-09
11     44     9.31322574615e-09
12     44     9.31322574615e-09
13     44     9.31322574615e-09
14     44     1.86264514923e-08
15     44     3.07336449623e-07
16     44     4.63798642159e-06
17     44     4.65009361506e-05
18     44     0.000339541584253
19     44     0.00192196108401
20     44     0.00877911224961
21     44     0.0332689378411
22     44     0.106738414615
23     44     0.29449374415
24     44     0.707555469126
25     44     1.49612785317
26     44     2.81041515991
27     44     4.73129660822
28     44     7.20100132748
29     44     10
30     44     7.20100132748
31     44     4.73129660822
32     44     2.81041515991
33     44     1.49612785317
34     44     0.707555469126
35     44     0.29449374415
36     44     0.106738414615
37     44     0.0332689378411
38     44     0.00877911224961
39     44     0.00192196108401
40     44     0.000339541584253
41     44     4.65009361506e-05
42     44     4.63798642159e-06
43     44     3.07336449623e-07
44     44     1.86264514923e-08
45     44     9.31322574615e-09
46     44     9.31322574615e-09
47     44     9.31322574615e-09
48     44     9.31322574615e-09
49     44     9.31322574615e-09
50     44     9.31322574615e-09
51     44     9.31322574615e-09
52     44     9.31322574615e-09
53     44     9.31322574615e-09
54     44     9.31322574615e-09
55     44     9.31322574615e-09
56     44     9.31322574615e-09
57     44     9.31322574615e-09
58     44     9.31322574615e-09
59     44     0

0     45     0
1     45     0.0
2     45     0.0
3     45     0.0
4     45     0.0
5     45     0.0
6     45     0.0
7     45     0.0
8     45     0.0
9     45     0.0
10     45     0.0
11     45     0.0
12     45     0.0
13     45     0.0
14     45     9.31322574615e-09
15     45     2.98023223877e-07
16     45     4.62867319584e-06
17     45     4.64916229248e-05
18     45     0.000339532271028
19     45     0.00192195177078
20     45     0.00877910293639
21     45     0.0332689285278
22     45     0.106738405302
23     45     0.294493734837
24     45     0.707555459812
25     45     1.49612784386
26     45     2.8104151506
27     45     4.73129659891
28     45     7.20100130886
29     45     10
30     45     7.20100130886
31     45     4.73129659891
32     45     2.8104151506
33     45     1.49612784386
34     45     0.707555459812
35     45     0.294493734837
36     45     0.106738405302
37     45     0.0332689285278
38     45     0.00877910293639
39     45     0.00192195177078
40     45     0.000339532271028
41     45     4.64916229248e-05
42     45     4.62867319584e-06
43     45     2.98023223877e-07
44     45     9.31322574615e-09
45     45     0.0
46     45     0.0
47     45     0.0
48     45     0.0
49     45     0.0
50     45     0.0
51     45     0.0
52     45     0.0
53     45     0.0
54     45     0.0
55     45     0.0
56     45     0.0
57     45     0.0
58     45     0.0
59     45     0

0     46     0
1     46     0.0
2     46     0.0
3     46     0.0
4     46     0.0
5     46     0.0
6     46     0.0
7     46     0.0
8     46     0.0
9     46     0.0
10     46     0.0
11     46     0.0
12     46     0.0
13     46     0.0
14     46     9.31322574615e-09
15     46     2.98023223877e-07
16     46     4.62867319584e-06
17     46     4.64916229248e-05
18     46     0.000339532271028
19     46     0.00192195177078
20     46     0.00877910293639
21     46     0.0332689285278
22     46     0.106738405302
23     46     0.294493734837
24     46     0.707555459812
25     46     1.49612784386
26     46     2.8104151506
27     46     4.73129646853
28     46     7.20100126229
29     46     10
30     46     7.20100126229
31     46     4.73129646853
32     46     2.8104151506
33     46     1.49612784386
34     46     0.707555459812
35     46     0.294493734837
36     46     0.106738405302
37     46     0.0332689285278
38     46     0.00877910293639
39     46     0.00192195177078
40     46     0.000339532271028
41     46     4.64916229248e-05
42     46     4.62867319584e-06
43     46     2.98023223877e-07
44     46     9.31322574615e-09
45     46     0.0
46     46     0.0
47     46     0.0
48     46     0.0
49     46     0.0
50     46     0.0
51     46     0.0
52     46     0.0
53     46     0.0
54     46     0.0
55     46     0.0
56     46     0.0
57     46     0.0
58     46     0.0
59     46     0

0     47     0
1     47     0.0
2     47     0.0
3     47     0.0
4     47     0.0
5     47     0.0
6     47     0.0
7     47     0.0
8     47     0.0
9     47     0.0
10     47     0.0
11     47     0.0
12     47     0.0
13     47     0.0
14     47     9.31322574615e-09
15     47     2.98023223877e-07
16     47     4.62867319584e-06
17     47     4.64916229248e-05
18     47     0.000339532271028
19     47     0.00192195177078
20     47     0.00877910293639
21     47     0.0332689285278
22     47     0.106738405302
23     47     0.294493734837
24     47     0.707555459812
25     47     1.49612784386
26     47     2.81041430309
27     47     4.73129585385
28     47     7.20100009814
29     47     10
30     47     7.20100009814
31     47     4.73129585385
32     47     2.81041430309
33     47     1.49612784386
34     47     0.707555459812
35     47     0.294493734837
36     47     0.106738405302
37     47     0.0332689285278
38     47     0.00877910293639
39     47     0.00192195177078
40     47     0.000339532271028
41     47     4.64916229248e-05
42     47     4.62867319584e-06
43     47     2.98023223877e-07
44     47     9.31322574615e-09
45     47     0.0
46     47     0.0
47     47     0.0
48     47     0.0
49     47     0.0
50     47     0.0
51     47     0.0
52     47     0.0
53     47     0.0
54     47     0.0
55     47     0.0
56     47     0.0
57     47     0.0
58     47     0.0
59     47     0

0     48     0
1     48     0.0
2     48     0.0
3     48     0.0
4     48     0.0
5     48     0.0
6     48     0.0
7     48     0.0
8     48     0.0
9     48     0.0
10     48     0.0
11     48     0.0
12     48     0.0
13     48     0.0
14     48     9.31322574615e-09
15     48     2.98023223877e-07
16     48     4.62867319584e-06
17     48     4.64916229248e-05
18     48     0.000339532271028
19     48     0.00192195177078
20     48     0.00877910293639
21     48     0.0332689285278
22     48     0.106738405302
23     48     0.294493734837
24     48     0.707555459812
25     48     1.49612445384
26     48     2.81041054986
27     48     4.73128510639
28     48     7.20099498518
29     48     10
30     48     7.20099498518
31     48     4.73128510639
32     48     2.81041054986
33     48     1.49612445384
34     48     0.707555459812
35     48     0.294493734837
36     48     0.106738405302
37     48     0.0332689285278
38     48     0.00877910293639
39     48     0.00192195177078
40     48     0.000339532271028
41     48     4.64916229248e-05
42     48     4.62867319584e-06
43     48     2.98023223877e-07
44     48     9.31322574615e-09
45     48     0.0
46     48     0.0
47     48     0.0
48     48     0.0
49     48     0.0
50     48     0.0
51     48     0.0
52     48     0.0
53     48     0.0
54     48     0.0
55     48     0.0
56     48     0.0
57     48     0.0
58     48     0.0
59     48     0

0     49     0
1     49     0.0
2     49     0.0
3     49     0.0
4     49     0.0
5     49     0.0
6     49     0.0
7     49     0.0
8     49     0.0
9     49     0.0
10     49     0.0
11     49     0.0
12     49     0.0
13     49     0.0
14     49     9.31322574615e-09
15     49     2.98023223877e-07
16     49     4.62867319584e-06
17     49     4.64916229248e-05
18     49     0.000339532271028
19     49     0.00192195177078
20     49     0.00877910293639
21     49     0.0332689285278
22     49     0.106738405302
23     49     0.294493734837
24     49     0.707546137273
25     49     1.4961104095
26     49     2.81035967171
27     49     4.73124116659
28     49     7.2009473294
29     49     10
30     49     7.2009473294
31     49     4.73124116659
32     49     2.81035967171
33     49     1.4961104095
34     49     0.707546137273
35     49     0.294493734837
36     49     0.106738405302
37     49     0.0332689285278
38     49     0.00877910293639
39     49     0.00192195177078
40     49     0.000339532271028
41     49     4.64916229248e-05
42     49     4.62867319584e-06
43     49     2.98023223877e-07
44     49     9.31322574615e-09
45     49     0.0
46     49     0.0
47     49     0.0
48     49     0.0
49     49     0.0
50     49     0.0
51     49     0.0
52     49     0.0
53     49     0.0
54     49     0.0
55     49     0.0
56     49     0.0
57     49     0.0
58     49     0.0
59     49     0

0     50     0
1     50     0.0
2     50     0.0
3     50     0.0
4     50     0.0
5     50     0.0
6     50     0.0
7     50     0.0
8     50     0.0
9     50     0.0
10     50     0.0
11     50     0.0
12     50     0.0
13     50     0.0
14     50     9.31322574615e-09
15     50     2.98023223877e-07
16     50     4.62867319584e-06
17     50     4.64916229248e-05
18     50     0.000339532271028
19     50     0.00192195177078
20     50     0.00877910293639
21     50     0.0332689285278
22     50     0.106738405302
23     50     0.294475089759
24     50     0.707510178909
25     50     1.49595510215
26     50     2.81016704626
27     50     4.73092043772
28     50     7.20076664351
29     50     10
30     50     7.20076664351
31     50     4.73092043772
32     50     2.81016704626
33     50     1.49595510215
34     50     0.707510178909
35     50     0.294475089759
36     50     0.106738405302
37     50     0.0332689285278
38     50     0.00877910293639
39     50     0.00192195177078
40     50     0.000339532271028
41     50     4.64916229248e-05
42     50     4.62867319584e-06
43     50     2.98023223877e-07
44     50     9.31322574615e-09
45     50     0.0
46     50     0.0
47     50     0.0
48     50     0.0
49     50     0.0
50     50     0.0
51     50     0.0
52     50     0.0
53     50     0.0
54     50     0.0
55     50     0.0
56     50     0.0
57     50     0.0
58     50     0.0
59     50     0

0     51     0
1     51     0.0
2     51     0.0
3     51     0.0
4     51     0.0
5     51     0.0
6     51     0.0
7     51     0.0
8     51     0.0
9     51     0.0
10     51     0.0
11     51     0.0
12     51     0.0
13     51     0.0
14     51     9.31322574615e-09
15     51     2.98023223877e-07
16     51     4.62867319584e-06
17     51     4.64916229248e-05
18     51     0.000339532271028
19     51     0.00192195177078
20     51     0.00877910293639
21     51     0.0332689285278
22     51     0.106710437685
23     51     0.294408500195
24     51     0.707176718861
25     51     1.49541378021
26     51     2.80900815502
27     51     4.72980052233
28     51     7.1998190321
29     51     10
30     51     7.1998190321
31     51     4.72980052233
32     51     2.80900815502
33     51     1.49541378021
34     51     0.707176718861
35     51     0.294408500195
36     51     0.106710437685
37     51     0.0332689285278
38     51     0.00877910293639
39     51     0.00192195177078
40     51     0.000339532271028
41     51     4.64916229248e-05
42     51     4.62867319584e-06
43     51     2.98023223877e-07
44     51     9.31322574615e-09
45     51     0.0
46     51     0.0
47     51     0.0
48     51     0.0
49     51     0.0
50     51     0.0
51     51     0.0
52     51     0.0
53     51     0.0
54     51     0.0
55     51     0.0
56     51     0.0
57     51     0.0
58     51     0.0
59     51     0

0     52     0
1     52     0.0
2     52     0.0
3     52     0.0
4     52     0.0
5     52     0.0
6     52     0.0
7     52     0.0
8     52     0.0
9     52     0.0
10     52     0.0
11     52     0.0
12     52     0.0
13     52     0.0
14     52     9.31322574615e-09
15     52     2.98023223877e-07
16     52     4.62867319584e-06
17     52     4.64916229248e-05
18     52     0.000339532271028
19     52     0.00192195177078
20     52     0.00877910293639
21     52     0.0332369655371
22     52     0.106618544087
23     52     0.293882954866
24     52     0.706113846973
25     52     1.49265874177
26     52     2.80531114899
27     52     4.72490048036
28     52     7.19673593529
29     52     10
30     52     7.19673593529
31     52     4.72490048036
32     52     2.80531114899
33     52     1.49265874177
34     52     0.706113846973
35     52     0.293882954866
36     52     0.106618544087
37     52     0.0332369655371
38     52     0.00877910293639
39     52     0.00192195177078
40     52     0.000339532271028
41     52     4.64916229248e-05
42     52     4.62867319584e-06
43     52     2.98023223877e-07
44     52     9.31322574615e-09
45     52     0.0
46     52     0.0
47     52     0.0
48     52     0.0
49     52     0.0
50     52     0.0
51     52     0.0
52     52     0.0
53     52     0.0
54     52     0.0
55     52     0.0
56     52     0.0
57     52     0.0
58     52     0.0
59     52     0

0     53     0
1     53     0.0
2     53     0.0
3     53     0.0
4     53     0.0
5     53     0.0
6     53     0.0
7     53     0.0
8     53     0.0
9     53     0.0
10     53     0.0
11     53     0.0
12     53     0.0
13     53     0.0
14     53     9.31322574615e-09
15     53     2.98023223877e-07
16     53     4.62867319584e-06
17     53     4.64916229248e-05
18     53     0.000339532271028
19     53     0.00192195177078
20     53     0.00875113531947
21     53     0.0331410765648
22     53     0.105997417122
23     53     0.292362868786
24     53     0.701481029391
25     53     1.48470237851
26     53     2.79150616378
27     53     4.71035271883
28     53     7.18562383205
29     53     10
30     53     7.18562383205
31     53     4.71035271883
32     53     2.79150616378
33     53     1.48470237851
34     53     0.701481029391
35     53     0.292362868786
36     53     0.105997417122
37     53     0.0331410765648
38     53     0.00875113531947
39     53     0.00192195177078
40     53     0.000339532271028
41     53     4.64916229248e-05
42     53     4.62867319584e-06
43     53     2.98023223877e-07
44     53     9.31322574615e-09
45     53     0.0
46     53     0.0
47     53     0.0
48     53     0.0
49     53     0.0
50     53     0.0
51     53     0.0
52     53     0.0
53     53     0.0
54     53     0.0
55     53     0.0
56     53     0.0
57     53     0.0
58     53     0.0
59     53     0

0     54     0
1     54     0.0
2     54     0.0
3     54     0.0
4     54     0.0
5     54     0.0
6     54     0.0
7     54     0.0
8     54     0.0
9     54     0.0
10     54     0.0
11     54     0.0
12     54     0.0
13     54     0.0
14     54     9.31322574615e-09
15     54     2.98023223877e-07
16     54     4.62867319584e-06
17     54     4.64916229248e-05
18     54     0.000339532271028
19     54     0.00190330669284
20     54     0.00867522321641
21     54     0.0325862318277
22     54     0.104381749406
23     54     0.28666825965
24     54     0.68949370645
25     54     1.45915370435
26     54     2.75465642102
27     54     4.6650117822
28     54     7.15417890809
29     54     10
30     54     7.15417890809
31     54     4.6650117822
32     54     2.75465642102
33     54     1.45915370435
34     54     0.68949370645
35     54     0.28666825965
36     54     0.104381749406
37     54     0.0325862318277
38     54     0.00867522321641
39     54     0.00190330669284
40     54     0.000339532271028
41     54     4.64916229248e-05
42     54     4.62867319584e-06
43     54     2.98023223877e-07
44     54     9.31322574615e-09
45     54     0.0
46     54     0.0
47     54     0.0
48     54     0.0
49     54     0.0
50     54     0.0
51     54     0.0
52     54     0.0
53     54     0.0
54     54     0.0
55     54     0.0
56     54     0.0
57     54     0.0
58     54     0.0
59     54     0

0     55     0
1     55     0.0
2     55     0.0
3     55     0.0
4     55     0.0
5     55     0.0
6     55     0.0
7     55     0.0
8     55     0.0
9     55     0.0
10     55     0.0
11     55     0.0
12     55     0.0
13     55     0.0
14     55     9.31322574615e-09
15     55     2.98023223877e-07
16     55     4.62867319584e-06
17     55     4.64916229248e-05
18     55     0.000330209732056
19     55     0.00185802578926
20     55     0.00830180943012
21     55     0.0313019752502
22     55     0.0991961359978
23     55     0.273619145155
24     55     0.65644480288
25     55     1.39883637428
26     55     2.65559414402
27     55     4.54952344298
28     55     7.06449182704
29     55     10
30     55     7.06449182704
31     55     4.54952344298
32     55     2.65559414402
33     55     1.39883637428
34     55     0.65644480288
35     55     0.273619145155
36     55     0.0991961359978
37     55     0.0313019752502
38     55     0.00830180943012
39     55     0.00185802578926
40     55     0.000330209732056
41     55     4.64916229248e-05
42     55     4.62867319584e-06
43     55     2.98023223877e-07
44     55     9.31322574615e-09
45     55     0.0
46     55     0.0
47     55     0.0
48     55     0.0
49     55     0.0
50     55     0.0
51     55     0.0
52     55     0.0
53     55     0.0
54     55     0.0
55     55     0.0
56     55     0.0
57     55     0.0
58     55     0.0
59     55     0

0     56     0
1     56     0.0
2     56     0.0
3     56     0.0
4     56     0.0
5     56     0.0
6     56     0.0
7     56     0.0
8     56     0.0
9     56     0.0
10     56     0.0
11     56     0.0
12     56     0.0
13     56     0.0
14     56     9.31322574615e-09
15     56     2.98023223877e-07
16     56     4.62867319584e-06
17     56     4.31016087532e-05
18     56     0.00031023286283
19     56     0.00167148187757
20     56     0.0075423810631
21     56     0.0278040021658
22     56     0.0888091977686
23     56     0.242977719754
24     56     0.588627243415
25     56     1.26069005579
26     56     2.43564254604
27     56     4.26348773763
28     56     6.83231634088
29     56     10
30     56     6.83231634088
31     56     4.26348773763
32     56     2.43564254604
33     56     1.26069005579
34     56     0.588627243415
35     56     0.242977719754
36     56     0.0888091977686
37     56     0.0278040021658
38     56     0.0075423810631
39     56     0.00167148187757
40     56     0.00031023286283
41     56     4.31016087532e-05
42     56     4.62867319584e-06
43     56     2.98023223877e-07
44     56     9.31322574615e-09
45     56     0.0
46     56     0.0
47     56     0.0
48     56     0.0
49     56     0.0
50     56     0.0
51     56     0.0
52     56     0.0
53     56     0.0
54     56     0.0
55     56     0.0
56     56     0.0
57     56     0.0
58     56     0.0
59     56     0

0     57     0
1     57     0.0
2     57     0.0
3     57     0.0
4     57     0.0
5     57     0.0
6     57     0.0
7     57     0.0
8     57     0.0
9     57     0.0
10     57     0.0
11     57     0.0
12     57     0.0
13     57     0.0
14     57     9.31322574615e-09
15     57     2.98023223877e-07
16     57     3.78116965294e-06
17     57     3.68058681488e-05
18     57     0.000243131071329
19     57     0.00134319067001
20     57     0.00581668689847
21     57     0.0217679142952
22     57     0.0683142803609
23     57     0.189291536808
24     57     0.4585971497
25     57     1.00165441632
26     57     1.98091411963
27     57     3.62878769636
28     57     6.22601225972
29     57     10
30     57     6.22601225972
31     57     3.62878769636
32     57     1.98091411963
33     57     1.00165441632
34     57     0.4585971497
35     57     0.189291536808
36     57     0.0683142803609
37     57     0.0217679142952
38     57     0.00581668689847
39     57     0.00134319067001
40     57     0.000243131071329
41     57     3.68058681488e-05
42     57     3.78116965294e-06
43     57     2.98023223877e-07
44     57     9.31322574615e-09
45     57     0.0
46     57     0.0
47     57     0.0
48     57     0.0
49     57     0.0
50     57     0.0
51     57     0.0
52     57     0.0
53     57     0.0
54     57     0.0
55     57     0.0
56     57     0.0
57     57     0.0
58     57     0.0
59     57     0

0     58     0
1     58     0.0
2     58     0.0
3     58     0.0
4     58     0.0
5     58     0.0
6     58     0.0
7     58     0.0
8     58     0.0
9     58     0.0
10     58     0.0
11     58     0.0
12     58     0.0
13     58     0.0
14     58     9.31322574615e-09
15     58     1.67638063431e-07
16     58     2.44937837124e-06
17     58     2.03773379326e-05
18     58     0.000142836943269
19     58     0.000738110393286
20     58     0.00329180620611
21     58     0.0119516998529
22     58     0.0381716433913
23     58     0.104812178761
24     58     0.258419653401
25     58     0.572071410716
26     58     1.17752135731
27     58     2.31707466766
28     58     4.6143465396
29     58     10
30     58     4.6143465396
31     58     2.31707466766
32     58     1.17752135731
33     58     0.572071410716
34     58     0.258419653401
35     58     0.104812178761
36     58     0.0381716433913
37     58     0.0119516998529
38     58     0.00329180620611
39     58     0.000738110393286
40     58     0.000142836943269
41     58     2.03773379326e-05
42     58     2.44937837124e-06
43     58     1.67638063431e-07
44     58     9.31322574615e-09
45     58     0.0
46     58     0.0
47     58     0.0
48     58     0.0
49     58     0.0
50     58     0.0
51     58     0.0
52     58     0.0
53     58     0.0
54     58     0.0
55     58     0.0
56     58     0.0
57     58     0.0
58     58     0.0
59     58     0

0     59     0
1     59     0
2     59     0
3     59     0
4     59     0
5     59     0
6     59     0
7     59     0
8     59     0
9     59     0
10     59     0
11     59     0
12     59     0
13     59     0
14     59     0
15     59     0
16     59     0
17     59     0
18     59     0
19     59     0
20     59     0
21     59     0
22     59     0
23     59     0
24     59     0
25     59     0
26     59     0
27     59     0
28     59     0
29     59     0
30     59     0
31     59     0
32     59     0
33     59     0
34     59     0
35     59     0
36     59     0
37     59     0
38     59     0
39     59     0
40     59     0
41     59     0
42     59     0
43     59     0
44     59     0
45     59     0
46     59     0
47     59     0
48     59     0
49     59     0
50     59     0
51     59     0
52     59     0
53     59     0
54     59     0
55     59     0
56     59     0
57     59     0
58     59     0
59     59     0

