0     0     0
1     0     0
2     0     0
3     0     0
4     0     0
5     0     0
6     0     0
7     0     0
8     0     0
9     0     0
10     0     0
11     0     0
12     0     0
13     0     0
14     0     0
15     0     0
16     0     0
17     0     0
18     0     0
19     0     0
20     0     0
21     0     0
22     0     0
23     0     0
24     0     0
25     0     0
26     0     0
27     0     0
28     0     0
29     0     0
30     0     0
31     0     0
32     0     0
33     0     0
34     0     0
35     0     0
36     0     0
37     0     0
38     0     0
39     0     0
40     0     0
41     0     0
42     0     0
43     0     0
44     0     0
45     0     0
46     0     0
47     0     0
48     0     0
49     0     0
50     0     0
51     0     0
52     0     0
53     0     0
54     0     0
55     0     0
56     0     0
57     0     0
58     0     0
59     0     0

0     1     0
1     1     0.0
2     1     0.0
3     1     0.0
4     1     0.0
5     1     0.0
6     1     0.0
7     1     0.0
8     1     0.0
9     1     0.0
10     1     0.0
11     1     0.0
12     1     0.0
13     1     0.0
14     1     0.0
15     1     0.0
16     1     1.49011611938e-07
17     1     2.38418579102e-06
18     1     3.02493572235e-05
19     1     0.000221133232117
20     1     0.00134170055389
21     1     0.00604629516602
22     1     0.0232869386673
23     1     0.073544383049
24     1     0.203761607409
25     1     0.492084026337
26     1     1.08286961913
27     1     2.22908854485
28     1     4.56121206284
29     1     10
30     1     4.56121206284
31     1     2.22908854485
32     1     1.08286961913
33     1     0.492084026337
34     1     0.203761607409
35     1     0.073544383049
36     1     0.0232869386673
37     1     0.00604629516602
38     1     0.00134170055389
39     1     0.000221133232117
40     1     3.02493572235e-05
41     1     2.38418579102e-06
42     1     1.49011611938e-07
43     1     0.0
44     1     0.0
45     1     0.0
46     1     0.0
47     1     0.0
48     1     0.0
49     1     0.0
50     1     0.0
51     1     0.0
52     1     0.0
53     1     0.0
54     1     0.0
55     1     0.0
56     1     0.0
57     1     0.0
58     1     0.0
59     1     0

0     2     0
1     2     0.0
2     2     0.0
3     2     0.0
4     2     0.0
5     2     0.0
6     2     0.0
7     2     0.0
8     2     0.0
9     2     0.0
10     2     0.0
11     2     0.0
12     2     0.0
13     2     0.0
14     2     0.0
15     2     0.0
16     2     1.49011611938e-07
17     2     4.17232513428e-06
18     2     4.66406345367e-05
19     2     0.000393986701965
20     2     0.00227242708206
21     2     0.010838508606
22     2     0.0407043099403
23     2     0.131118893623
24     2     0.356067866087
25     2     0.852344632149
26     2     1.80227562785
27     2     3.46424221992
28     2     6.12545669079
29     2     10
30     2     6.12545669079
31     2     3.46424221992
32     2     1.80227562785
33     2     0.852344632149
34     2     0.356067866087
35     2     0.131118893623
36     2     0.0407043099403
37     2     0.010838508606
38     2     0.00227242708206
39     2     0.000393986701965
40     2     4.66406345367e-05
41     2     4.17232513428e-06
42     2     1.49011611938e-07
43     2     0.0
44     2     0.0
45     2     0.0
46     2     0.0
47     2     0.0
48     2     0.0
49     2     0.0
50     2     0.0
51     2     0.0
52     2     0.0
53     2     0.0
54     2     0.0
55     2     0.0
56     2     0.0
57     2     0.0
58     2     0.0
59     2     0

0     3     0
1     3     0.0
2     3     0.0
3     3     0.0
4     3     0.0
5     3     0.0
6     3     0.0
7     3     0.0
8     3     0.0
9     3     0.0
10     3     0.0
11     3     0.0
12     3     0.0
13     3     0.0
14     3     0.0
15     3     0.0
16     3     1.49011611938e-07
17     3     4.17232513428e-06
18     3     5.64754009247e-05
19     3     0.000459551811218
20     3     0.00286161899567
21     3     0.0133693218231
22     3     0.0518673658371
23     3     0.164687037468
24     3     0.450346022844
25     3     1.05757057667
26     3     2.19358548522
27     3     4.03838038445
28     3     6.69576644897
29     3     10
30     3     6.69576644897
31     3     4.03838038445
32     3     2.19358548522
33     3     1.05757057667
34     3     0.450346022844
35     3     0.164687037468
36     3     0.0518673658371
37     3     0.0133693218231
38     3     0.00286161899567
39     3     0.000459551811218
40     3     5.64754009247e-05
41     3     4.17232513428e-06
42     3     1.49011611938e-07
43     3     0.0
44     3     0.0
45     3     0.0
46     3     0.0
47     3     0.0
48     3     0.0
49     3     0.0
50     3     0.0
51     3     0.0
52     3     0.0
53     3     0.0
54     3     0.0
55     3     0.0
56     3     0.0
57     3     0.0
58     3     0.0
59     3     0

0     4     0
1     4     0.0
2     4     0.0
3     4     0.0
4     4     0.0
5     4     0.0
6     4     0.0
7     4     0.0
8     4     0.0
9     4     0.0
10     4     0.0
11     4     0.0
12     4     0.0
13     4     0.0
14     4     0.0
15     4     0.0
16     4     1.49011611938e-07
17     4     4.17232513428e-06
18     4     5.64754009247e-05
19     4     0.000492334365845
20     4     0.00303372740746
21     4     0.0147044658661
22     4     0.0565768778324
23     4     0.182482004166
24     4     0.494530946016
25     4     1.16060554981
26     4     2.36975178123
27     4     4.28442239761
28     4     6.90261259675
29     4     10
30     4     6.90261259675
31     4     4.28442239761
32     4     2.36975178123
33     4     1.16060554981
34     4     0.494530946016
35     4     0.182482004166
36     4     0.0565768778324
37     4     0.0147044658661
38     4     0.00303372740746
39     4     0.000492334365845
40     4     5.64754009247e-05
41     4     4.17232513428e-06
42     4     1.49011611938e-07
43     4     0.0
44     4     0.0
45     4     0.0
46     4     0.0
47     4     0.0
48     4     0.0
49     4     0.0
50     4     0.0
51     4     0.0
52     4     0.0
53     4     0.0
54     4     0.0
55     4     0.0
56     4     0.0
57     4     0.0
58     4     0.0
59     4     0

0     5     0
1     5     0.0
2     5     0.0
3     5     0.0
4     5     0.0
5     5     0.0
6     5     0.0
7     5     0.0
8     5     0.0
9     5     0.0
10     5     0.0
11     5     0.0
12     5     0.0
13     5     0.0
14     5     0.0
15     5     0.0
16     5     1.49011611938e-07
17     5     4.17232513428e-06
18     5     5.64754009247e-05
19     5     0.000492334365845
20     5     0.00310748815536
21     5     0.0150191783905
22     5     0.0586953759193
23     5     0.1886510849
24     5     0.514335185289
25     5     1.20035469532
26     5     2.44372710586
27     5     4.37542974949
28     5     6.977635324
29     5     10
30     5     6.977635324
31     5     4.37542974949
32     5     2.44372710586
33     5     1.20035469532
34     5     0.514335185289
35     5     0.1886510849
36     5     0.0586953759193
37     5     0.0150191783905
38     5     0.00310748815536
39     5     0.000492334365845
40     5     5.64754009247e-05
41     5     4.17232513428e-06
42     5     1.49011611938e-07
43     5     0.0
44     5     0.0
45     5     0.0
46     5     0.0
47     5     0.0
48     5     0.0
49     5     0.0
50     5     0.0
51     5     0.0
52     5     0.0
53     5     0.0
54     5     0.0
55     5     0.0
56     5     0.0
57     5     0.0
58     5     0.0
59     5     0

0     6     0
1     6     0.0
2     6     0.0
3     6     0.0
4     6     0.0
5     6     0.0
6     6     0.0
7     6     0.0
8     6     0.0
9     6     0.0
10     6     0.0
11     6     0.0
12     6     0.0
13     6     0.0
14     6     0.0
15     6     0.0
16     6     1.49011611938e-07
17     6     4.17232513428e-06
18     6     5.64754009247e-05
19     6     0.000492334365845
20     6     0.00310748815536
21     6     0.0151371955872
22     6     0.0591084361076
23     6     0.191061496735
24     6     0.520069748163
25     6     1.21572315693
26     6     2.4676091969
27     6     4.40840899944
28     6     7.00120270252
29     6     10
30     6     7.00120270252
31     6     4.40840899944
32     6     2.4676091969
33     6     1.21572315693
34     6     0.520069748163
35     6     0.191061496735
36     6     0.0591084361076
37     6     0.0151371955872
38     6     0.00310748815536
39     6     0.000492334365845
40     6     5.64754009247e-05
41     6     4.17232513428e-06
42     6     1.49011611938e-07
43     6     0.0
44     6     0.0
45     6     0.0
46     6     0.0
47     6     0.0
48     6     0.0
49     6     0.0
50     6     0.0
51     6     0.0
52     6     0.0
53     6     0.0
54     6     0.0
55     6     0.0
56     6     0.0
57     6     0.0
58     6     0.0
59     6     0

0     7     0
1     7     0.0
2     7     0.0
3     7     0.0
4     7     0.0
5     7     0.0
6     7     0.0
7     7     0.0
8     7     0.0
9     7     0.0
10     7     0.0
11     7     0.0
12     7     0.0
13     7     0.0
14     7     0.0
15     7     0.0
16     7     1.49011611938e-07
17     7     4.17232513428e-06
18     7     5.64754009247e-05
19     7     0.000492334365845
20     7     0.00310748815536
21     7     0.0151371955872
22     7     0.0592461228371
23     7     0.19145488739
24     7     0.522045642138
25     7     1.21946573257
26     7     2.4757181108
27     7     4.41738188267
28     7     7.00880020857
29     7     10
30     7     7.00880020857
31     7     4.41738188267
32     7     2.4757181108
33     7     1.21946573257
34     7     0.522045642138
35     7     0.19145488739
36     7     0.0592461228371
37     7     0.0151371955872
38     7     0.00310748815536
39     7     0.000492334365845
40     7     5.64754009247e-05
41     7     4.17232513428e-06
42     7     1.49011611938e-07
43     7     0.0
44     7     0.0
45     7     0.0
46     7     0.0
47     7     0.0
48     7     0.0
49     7     0.0
50     7     0.0
51     7     0.0
52     7     0.0
53     7     0.0
54     7     0.0
55     7     0.0
56     7     0.0
57     7     0.0
58     7     0.0
59     7     0

0     8     0
1     8     0.0
2     8     0.0
3     8     0.0
4     8     0.0
5     8     0.0
6     8     0.0
7     8     0.0
8     8     0.0
9     8     0.0
10     8     0.0
11     8     0.0
12     8     0.0
13     8     0.0
14     8     0.0
15     8     0.0
16     8     1.49011611938e-07
17     8     4.17232513428e-06
18     8     5.64754009247e-05
19     8     0.000492334365845
20     8     0.00310748815536
21     8     0.0151371955872
22     8     0.0592461228371
23     8     0.191572904587
24     8     0.522316098213
25     8     1.22061729431
26     8     2.4773734808
27     8     4.42010045052
28     8     7.01052814722
29     8     10
30     8     7.01052814722
31     8     4.42010045052
32     8     2.4773734808
33     8     1.22061729431
34     8     0.522316098213
35     8     0.191572904587
36     8     0.0592461228371
37     8     0.0151371955872
38     8     0.00310748815536
39     8     0.000492334365845
40     8     5.64754009247e-05
41     8     4.17232513428e-06
42     8     1.49011611938e-07
43     8     0.0
44     8     0.0
45     8     0.0
46     8     0.0
47     8     0.0
48     8     0.0
49     8     0.0
50     8     0.0
51     8     0.0
52     8     0.0
53     8     0.0
54     8     0.0
55     8     0.0
56     8     0.0
57     8     0.0
58     8     0.0
59     8     0

0     9     0
1     9     0.0
2     9     0.0
3     9     0.0
4     9     0.0
5     9     0.0
6     9     0.0
7     9     0.0
8     9     0.0
9     9     0.0
10     9     0.0
11     9     0.0
12     9     0.0
13     9     0.0
14     9     0.0
15     9     0.0
16     9     1.49011611938e-07
17     9     4.17232513428e-06
18     9     5.64754009247e-05
19     9     0.000492334365845
20     9     0.00310748815536
21     9     0.0151371955872
22     9     0.0592461228371
23     9     0.191572904587
24     9     0.522389858961
25     9     1.22074842453
26     9     2.47783318162
27     9     4.42055761814
28     9     7.01100200415
29     9     10
30     9     7.01100200415
31     9     4.42055761814
32     9     2.47783318162
33     9     1.22074842453
34     9     0.522389858961
35     9     0.191572904587
36     9     0.0592461228371
37     9     0.0151371955872
38     9     0.00310748815536
39     9     0.000492334365845
40     9     5.64754009247e-05
41     9     4.17232513428e-06
42     9     1.49011611938e-07
43     9     0.0
44     9     0.0
45     9     0.0
46     9     0.0
47     9     0.0
48     9     0.0
49     9     0.0
50     9     0.0
51     9     0.0
52     9     0.0
53     9     0.0
54     9     0.0
55     9     0.0
56     9     0.0
57     9     0.0
58     9     0.0
59     9     0

0     10     0
1     10     0.0
2     10     0.0
3     10     0.0
4     10     0.0
5     10     0.0
6     10     0.0
7     10     0.0
8     10     0.0
9     10     0.0
10     10     0.0
11     10     0.0
12     10     0.0
13     10     0.0
14     10     0.0
15     10     0.0
16     10     1.49011611938e-07
17     10     4.17232513428e-06
18     10     5.64754009247e-05
19     10     0.000492334365845
20     10     0.00310748815536
21     10     0.0151371955872
22     10     0.0592461228371
23     10     0.191572904587
24     10     0.522389858961
25     10     1.22078120708
26     10     2.47787579894
27     10     4.42067325115
28     10     7.01106488705
29     10     10
30     10     7.01106488705
31     10     4.42067325115
32     10     2.47787579894
33     10     1.22078120708
34     10     0.522389858961
35     10     0.191572904587
36     10     0.0592461228371
37     10     0.0151371955872
38     10     0.00310748815536
39     10     0.000492334365845
40     10     5.64754009247e-05
41     10     4.17232513428e-06
42     10     1.49011611938e-07
43     10     0.0
44     10     0.0
45     10     0.0
46     10     0.0
47     10     0.0
48     10     0.0
49     10     0.0
50     10     0.0
51     10     0.0
52     10     0.0
53     10     0.0
54     10     0.0
55     10     0.0
56     10     0.0
57     10     0.0
58     10     0.0
59     10     0

0     11     0
1     11     0.0
2     11     0.0
3     11     0.0
4     11     0.0
5     11     0.0
6     11     0.0
7     11     0.0
8     11     0.0
9     11     0.0
10     11     0.0
11     11     0.0
12     11     0.0
13     11     0.0
14     11     0.0
15     11     0.0
16     11     1.49011611938e-07
17     11     4.17232513428e-06
18     11     5.64754009247e-05
19     11     0.000492334365845
20     11     0.00310748815536
21     11     0.0151371955872
22     11     0.0592461228371
23     11     0.191572904587
24     11     0.522389858961
25     11     1.22078120708
26     11     2.47788563371
27     11     4.4206815958
28     11     7.01107949018
29     11     10
30     11     7.01107949018
31     11     4.4206815958
32     11     2.47788563371
33     11     1.22078120708
34     11     0.522389858961
35     11     0.191572904587
36     11     0.0592461228371
37     11     0.0151371955872
38     11     0.00310748815536
39     11     0.000492334365845
40     11     5.64754009247e-05
41     11     4.17232513428e-06
42     11     1.49011611938e-07
43     11     0.0
44     11     0.0
45     11     0.0
46     11     0.0
47     11     0.0
48     11     0.0
49     11     0.0
50     11     0.0
51     11     0.0
52     11     0.0
53     11     0.0
54     11     0.0
55     11     0.0
56     11     0.0
57     11     0.0
58     11     0.0
59     11     0

0     12     0
1     12     0.0
2     12     0.0
3     12     0.0
4     12     0.0
5     12     0.0
6     12     0.0
7     12     0.0
8     12     0.0
9     12     0.0
10     12     0.0
11     12     0.0
12     12     0.0
13     12     0.0
14     12     0.0
15     12     0.0
16     12     1.49011611938e-07
17     12     4.17232513428e-06
18     12     5.64754009247e-05
19     12     0.000492334365845
20     12     0.00310748815536
21     12     0.0151371955872
22     12     0.0592461228371
23     12     0.191572904587
24     12     0.522389858961
25     12     1.22078120708
26     12     2.47788563371
27     12     4.42068338394
28     12     7.01108023524
29     12     10
30     12     7.01108023524
31     12     4.42068338394
32     12     2.47788563371
33     12     1.22078120708
34     12     0.522389858961
35     12     0.191572904587
36     12     0.0592461228371
37     12     0.0151371955872
38     12     0.00310748815536
39     12     0.000492334365845
40     12     5.64754009247e-05
41     12     4.17232513428e-06
42     12     1.49011611938e-07
43     12     0.0
44     12     0.0
45     12     0.0
46     12     0.0
47     12     0.0
48     12     0.0
49     12     0.0
50     12     0.0
51     12     0.0
52     12     0.0
53     12     0.0
54     12     0.0
55     12     0.0
56     12     0.0
57     12     0.0
58     12     0.0
59     12     0

0     13     0
1     13     0.0
2     13     0.0
3     13     0.0
4     13     0.0
5     13     0.0
6     13     0.0
7     13     0.0
8     13     0.0
9     13     0.0
10     13     0.0
11     13     0.0
12     13     0.0
13     13     0.0
14     13     0.0
15     13     0.0
16     13     1.49011611938e-07
17     13     4.17232513428e-06
18     13     5.64754009247e-05
19     13     0.000492334365845
20     13     0.00310748815536
21     13     0.0151371955872
22     13     0.0592461228371
23     13     0.191572904587
24     13     0.522389858961
25     13     1.22078120708
26     13     2.47788563371
27     13     4.42068338394
28     13     7.01108038425
29     13     10
30     13     7.01108038425
31     13     4.42068338394
32     13     2.47788563371
33     13     1.22078120708
34     13     0.522389858961
35     13     0.191572904587
36     13     0.0592461228371
37     13     0.0151371955872
38     13     0.00310748815536
39     13     0.000492334365845
40     13     5.64754009247e-05
41     13     4.17232513428e-06
42     13     1.49011611938e-07
43     13     0.0
44     13     0.0
45     13     0.0
46     13     0.0
47     13     0.0
48     13     0.0
49     13     0.0
50     13     0.0
51     13     0.0
52     13     0.0
53     13     0.0
54     13     0.0
55     13     0.0
56     13     0.0
57     13     0.0
58     13     0.0
59     13     0

0     14     0
1     14     0.0
2     14     0.0
3     14     0.0
4     14     0.0
5     14     0.0
6     14     0.0
7     14     0.0
8     14     0.0
9     14     0.0
10     14     0.0
11     14     0.0
12     14     0.0
13     14     0.0
14     14     0.0
15     14     0.0
16     14     1.49011611938e-07
17     14     4.17232513428e-06
18     14     5.64754009247e-05
19     14     0.000492334365845
20     14     0.00310748815536
21     14     0.0151371955872
22     14     0.0592461228371
23     14     0.191572904587
24     14     0.522389858961
25     14     1.22078120708
26     14     2.47788563371
27     14     4.42068338394
28     14     7.01108038425
29     14     10
30     14     7.01108038425
31     14     4.42068338394
32     14     2.47788563371
33     14     1.22078120708
34     14     0.522389858961
35     14     0.191572904587
36     14     0.0592461228371
37     14     0.0151371955872
38     14     0.00310748815536
39     14     0.000492334365845
40     14     5.64754009247e-05
41     14     4.17232513428e-06
42     14     1.49011611938e-07
43     14     0.0
44     14     0.0
45     14     0.0
46     14     0.0
47     14     0.0
48     14     0.0
49     14     0.0
50     14     0.0
51     14     0.0
52     14     0.0
53     14     0.0
54     14     0.0
55     14     0.0
56     14     0.0
57     14     0.0
58     14     0.0
59     14     0

0     15     0
1     15     0.0
2     15     0.0
3     15     0.0
4     15     0.0
5     15     0.0
6     15     0.0
7     15     0.0
8     15     0.0
9     15     0.0
10     15     0.0
11     15     0.0
12     15     0.0
13     15     0.0
14     15     0.0
15     15     0.0
16     15     1.49011611938e-07
17     15     4.17232513428e-06
18     15     5.64754009247e-05
19     15     0.000492334365845
20     15     0.00310748815536
21     15     0.0151371955872
22     15     0.0592461228371
23     15     0.191572904587
24     15     0.522389858961
25     15     1.22078120708
26     15     2.47788563371
27     15     4.42068338394
28     15     7.01108038425
29     15     10
30     15     7.01108038425
31     15     4.42068338394
32     15     2.47788563371
33     15     1.22078120708
34     15     0.522389858961
35     15     0.191572904587
36     15     0.0592461228371
37     15     0.0151371955872
38     15     0.00310748815536
39     15     0.000492334365845
40     15     5.64754009247e-05
41     15     4.17232513428e-06
42     15     1.49011611938e-07
43     15     0.0
44     15     0.0
45     15     0.0
46     15     0.0
47     15     0.0
48     15     0.0
49     15     0.0
50     15     0.0
51     15     0.0
52     15     0.0
53     15     0.0
54     15     0.0
55     15     0.0
56     15     0.0
57     15     0.0
58     15     0.0
59     15     0

0     16     0
1     16     1.49011611938e-07
2     16     1.49011611938e-07
3     16     1.49011611938e-07
4     16     1.49011611938e-07
5     16     1.49011611938e-07
6     16     1.49011611938e-07
7     16     1.49011611938e-07
8     16     1.49011611938e-07
9     16     1.49011611938e-07
10     16     1.49011611938e-07
11     16     1.49011611938e-07
12     16     1.49011611938e-07
13     16     1.49011611938e-07
14     16     1.49011611938e-07
15     16     1.49011611938e-07
16     16     2.98023223877e-07
17     16     4.32133674622e-06
18     16     5.66244125366e-05
19     16     0.000492483377457
20     16     0.00310763716698
21     16     0.0151373445988
22     16     0.0592462718487
23     16     0.191573053598
24     16     0.522390007973
25     16     1.2207813561
26     16     2.47788578272
27     16     4.42068353295
28     16     7.01108053327
29     16     10
30     16     7.01108053327
31     16     4.42068353295
32     16     2.47788578272
33     16     1.2207813561
34     16     0.522390007973
35     16     0.191573053598
36     16     0.0592462718487
37     16     0.0151373445988
38     16     0.00310763716698
39     16     0.000492483377457
40     16     5.66244125366e-05
41     16     4.32133674622e-06
42     16     2.98023223877e-07
43     16     1.49011611938e-07
44     16     1.49011611938e-07
45     16     1.49011611938e-07
46     16     1.49011611938e-07
47     16     1.49011611938e-07
48     16     1.49011611938e-07
49     16     1.49011611938e-07
50     16     1.49011611938e-07
51     16     1.49011611938e-07
52     16     1.49011611938e-07
53     16     1.49011611938e-07
54     16     1.49011611938e-07
55     16     1.49011611938e-07
56     16     1.49011611938e-07
57     16     1.49011611938e-07
58     16     1.49011611938e-07
59     16     0

0     17     0
1     17     2.38418579102e-06
2     17     4.17232513428e-06
3     17     4.17232513428e-06
4     17     4.17232513428e-06
5     17     4.17232513428e-06
6     17     4.17232513428e-06
7     17     4.17232513428e-06
8     17     4.17232513428e-06
9     17     4.17232513428e-06
10     17     4.17232513428e-06
11     17     4.17232513428e-06
12     17     4.17232513428e-06
13     17     4.17232513428e-06
14     17     4.17232513428e-06
15     17     4.17232513428e-06
16     17     4.32133674622e-06
17     17     8.34465026855e-06
18     17     6.0647726059e-05
19     17     0.000496506690979
20     17     0.0031116604805
21     17     0.0151413679123
22     17     0.0592502951622
23     17     0.191577076912
24     17     0.522394031286
25     17     1.22078537941
26     17     2.47788980603
27     17     4.42068755627
28     17     7.01108261943
29     17     10
30     17     7.01108261943
31     17     4.42068755627
32     17     2.47788980603
33     17     1.22078537941
34     17     0.522394031286
35     17     0.191577076912
36     17     0.0592502951622
37     17     0.0151413679123
38     17     0.0031116604805
39     17     0.000496506690979
40     17     6.0647726059e-05
41     17     8.34465026855e-06
42     17     4.32133674622e-06
43     17     4.17232513428e-06
44     17     4.17232513428e-06
45     17     4.17232513428e-06
46     17     4.17232513428e-06
47     17     4.17232513428e-06
48     17     4.17232513428e-06
49     17     4.17232513428e-06
50     17     4.17232513428e-06
51     17     4.17232513428e-06
52     17     4.17232513428e-06
53     17     4.17232513428e-06
54     17     4.17232513428e-06
55     17     4.17232513428e-06
56     17     4.17232513428e-06
57     17     4.17232513428e-06
58     17     2.38418579102e-06
59     17     0

0     18     0
1     18     3.02493572235e-05
2     18     4.66406345367e-05
3     18     5.64754009247e-05
4     18     5.64754009247e-05
5     18     5.64754009247e-05
6     18     5.64754009247e-05
7     18     5.64754009247e-05
8     18     5.64754009247e-05
9     18     5.64754009247e-05
10     18     5.64754009247e-05
11     18     5.64754009247e-05
12     18     5.64754009247e-05
13     18     5.64754009247e-05
14     18     5.64754009247e-05
15     18     5.64754009247e-05
16     18     5.66244125366e-05
17     18     6.0647726059e-05
18     18     0.000112950801849
19     18     0.000548809766769
20     18     0.00316396355629
21     18     0.0151936709881
22     18     0.059302598238
23     18     0.191629379988
24     18     0.522446334362
25     18     1.22083768249
26     18     2.47794210911
27     18     4.42072823644
28     18     7.01110973954
29     18     10
30     18     7.01110973954
31     18     4.42072823644
32     18     2.47794210911
33     18     1.22083768249
34     18     0.522446334362
35     18     0.191629379988
36     18     0.059302598238
37     18     0.0151936709881
38     18     0.00316396355629
39     18     0.000548809766769
40     18     0.000112950801849
41     18     6.0647726059e-05
42     18     5.66244125366e-05
43     18     5.64754009247e-05
44     18     5.64754009247e-05
45     18     5.64754009247e-05
46     18     5.64754009247e-05
47     18     5.64754009247e-05
48     18     5.64754009247e-05
49     18     5.64754009247e-05
50     18     5.64754009247e-05
51     18     5.64754009247e-05
52     18     5.64754009247e-05
53     18     5.64754009247e-05
54     18     5.64754009247e-05
55     18     5.64754009247e-05
56     18     5.64754009247e-05
57     18     4.66406345367e-05
58     18     3.02493572235e-05
59     18     0

0     19     0
1     19     0.000221133232117
2     19     0.000393986701965
3     19     0.000459551811218
4     19     0.000492334365845
5     19     0.000492334365845
6     19     0.000492334365845
7     19     0.000492334365845
8     19     0.000492334365845
9     19     0.000492334365845
10     19     0.000492334365845
11     19     0.000492334365845
12     19     0.000492334365845
13     19     0.000492334365845
14     19     0.000492334365845
15     19     0.000492334365845
16     19     0.000492483377457
17     19     0.000496506690979
18     19     0.000548809766769
19     19     0.000984668731689
20     19     0.00359982252121
21     19     0.015629529953
22     19     0.0597384572029
23     19     0.192065238953
24     19     0.522882193327
25     19     1.22127354145
26     19     2.47833535075
27     19     4.42106723785
28     19     7.01128602028
29     19     10
30     19     7.01128602028
31     19     4.42106723785
32     19     2.47833535075
33     19     1.22127354145
34     19     0.522882193327
35     19     0.192065238953
36     19     0.0597384572029
37     19     0.015629529953
38     19     0.00359982252121
39     19     0.000984668731689
40     19     0.000548809766769
41     19     0.000496506690979
42     19     0.000492483377457
43     19     0.000492334365845
44     19     0.000492334365845
45     19     0.000492334365845
46     19     0.000492334365845
47     19     0.000492334365845
48     19     0.000492334365845
49     19     0.000492334365845
50     19     0.000492334365845
51     19     0.000492334365845
52     19     0.000492334365845
53     19     0.000492334365845
54     19     0.000492334365845
55     19     0.000492334365845
56     19     0.000459551811218
57     19     0.000393986701965
58     19     0.000221133232117
59     19     0

0     20     0
1     20     0.00134170055389
2     20     0.00227242708206
3     20     0.00286161899567
4     20     0.00303372740746
5     20     0.00310748815536
6     20     0.00310748815536
7     20     0.00310748815536
8     20     0.00310748815536
9     20     0.00310748815536
10     20     0.00310748815536
11     20     0.00310748815536
12     20     0.00310748815536
13     20     0.00310748815536
14     20     0.00310748815536
15     20     0.00310748815536
16     20     0.00310763716698
17     20     0.0031116604805
18     20     0.00316396355629
19     20     0.00359982252121
20     20     0.00621497631073
21     20     0.0182446837425
22     20     0.0623536109924
23     20     0.194680392742
24     20     0.525497347116
25     20     1.22378215194
26     20     2.48069480062
27     20     4.42283004522
28     20     7.0123437047
29     20     10
30     20     7.0123437047
31     20     4.42283004522
32     20     2.48069480062
33     20     1.22378215194
34     20     0.525497347116
35     20     0.194680392742
36     20     0.0623536109924
37     20     0.0182446837425
38     20     0.00621497631073
39     20     0.00359982252121
40     20     0.00316396355629
41     20     0.0031116604805
42     20     0.00310763716698
43     20     0.00310748815536
44     20     0.00310748815536
45     20     0.00310748815536
46     20     0.00310748815536
47     20     0.00310748815536
48     20     0.00310748815536
49     20     0.00310748815536
50     20     0.00310748815536
51     20     0.00310748815536
52     20     0.00310748815536
53     20     0.00310748815536
54     20     0.00310748815536
55     20     0.00303372740746
56     20     0.00286161899567
57     20     0.00227242708206
58     20     0.00134170055389
59     20     0

0     21     0
1     21     0.00604629516602
2     21     0.010838508606
3     21     0.0133693218231
4     21     0.0147044658661
5     21     0.0150191783905
6     21     0.0151371955872
7     21     0.0151371955872
8     21     0.0151371955872
9     21     0.0151371955872
10     21     0.0151371955872
11     21     0.0151371955872
12     21     0.0151371955872
13     21     0.0151371955872
14     21     0.0151371955872
15     21     0.0151371955872
16     21     0.0151373445988
17     21     0.0151413679123
18     21     0.0151936709881
19     21     0.015629529953
20     21     0.0182446837425
21     21     0.0302743911743
22     21     0.0743833184242
23     21     0.206710100174
24     21     0.537335276604
25     21     1.23532176018
26     21     2.49074280262
27     21     4.43093895912
28     21     7.01657444239
29     21     10
30     21     7.01657444239
31     21     4.43093895912
32     21     2.49074280262
33     21     1.23532176018
34     21     0.537335276604
35     21     0.206710100174
36     21     0.0743833184242
37     21     0.0302743911743
38     21     0.0182446837425
39     21     0.015629529953
40     21     0.0151936709881
41     21     0.0151413679123
42     21     0.0151373445988
43     21     0.0151371955872
44     21     0.0151371955872
45     21     0.0151371955872
46     21     0.0151371955872
47     21     0.0151371955872
48     21     0.0151371955872
49     21     0.0151371955872
50     21     0.0151371955872
51     21     0.0151371955872
52     21     0.0151371955872
53     21     0.0151371955872
54     21     0.0150191783905
55     21     0.0147044658661
56     21     0.0133693218231
57     21     0.010838508606
58     21     0.00604629516602
59     21     0

0     22     0
1     22     0.0232869386673
2     22     0.0407043099403
3     22     0.0518673658371
4     22     0.0565768778324
5     22     0.0586953759193
6     22     0.0591084361076
7     22     0.0592461228371
8     22     0.0592461228371
9     22     0.0592461228371
10     22     0.0592461228371
11     22     0.0592461228371
12     22     0.0592461228371
13     22     0.0592461228371
14     22     0.0592461228371
15     22     0.0592461228371
16     22     0.0592462718487
17     22     0.0592502951622
18     22     0.059302598238
19     22     0.0597384572029
20     22     0.0623536109924
21     22     0.0743833184242
22     22     0.118492245674
23     22     0.250563323498
24     22     0.580741018057
25     22     1.27604261041
26     22     2.52758547664
27     22     4.45808619261
28     22     7.03208714724
29     22     10
30     22     7.03208714724
31     22     4.45808619261
32     22     2.52758547664
33     22     1.27604261041
34     22     0.580741018057
35     22     0.250563323498
36     22     0.118492245674
37     22     0.0743833184242
38     22     0.0623536109924
39     22     0.0597384572029
40     22     0.059302598238
41     22     0.0592502951622
42     22     0.0592462718487
43     22     0.0592461228371
44     22     0.0592461228371
45     22     0.0592461228371
46     22     0.0592461228371
47     22     0.0592461228371
48     22     0.0592461228371
49     22     0.0592461228371
50     22     0.0592461228371
51     22     0.0592461228371
52     22     0.0592461228371
53     22     0.0591084361076
54     22     0.0586953759193
55     22     0.0565768778324
56     22     0.0518673658371
57     22     0.0407043099403
58     22     0.0232869386673
59     22     0

0     23     0
1     23     0.073544383049
2     23     0.131118893623
3     23     0.164687037468
4     23     0.182482004166
5     23     0.1886510849
6     23     0.191061496735
7     23     0.19145488739
8     23     0.191572904587
9     23     0.191572904587
10     23     0.191572904587
11     23     0.191572904587
12     23     0.191572904587
13     23     0.191572904587
14     23     0.191572904587
15     23     0.191572904587
16     23     0.191573053598
17     23     0.191577076912
18     23     0.191629379988
19     23     0.192065238953
20     23     0.194680392742
21     23     0.206710100174
22     23     0.250563323498
23     23     0.382122993469
24     23     0.708720833063
25     23     1.39820516109
26     23     2.63229623437
27     23     4.53952789307
28     23     7.07474708557
29     23     10
30     23     7.07474708557
31     23     4.53952789307
32     23     2.63229623437
33     23     1.39820516109
34     23     0.708720833063
35     23     0.382122993469
36     23     0.250563323498
37     23     0.206710100174
38     23     0.194680392742
39     23     0.192065238953
40     23     0.191629379988
41     23     0.191577076912
42     23     0.191573053598
43     23     0.191572904587
44     23     0.191572904587
45     23     0.191572904587
46     23     0.191572904587
47     23     0.191572904587
48     23     0.191572904587
49     23     0.191572904587
50     23     0.191572904587
51     23     0.191572904587
52     23     0.19145488739
53     23     0.191061496735
54     23     0.1886510849
55     23     0.182482004166
56     23     0.164687037468
57     23     0.131118893623
58     23     0.073544383049
59     23     0

0     24     0
1     24     0.203761607409
2     24     0.356067866087
3     24     0.450346022844
4     24     0.494530946016
5     24     0.514335185289
6     24     0.520069748163
7     24     0.522045642138
8     24     0.522316098213
9     24     0.522389858961
10     24     0.522389858961
11     24     0.522389858961
12     24     0.522389858961
13     24     0.522389858961
14     24     0.522389858961
15     24     0.522389858961
16     24     0.522390007973
17     24     0.522394031286
18     24     0.522446334362
19     24     0.522882193327
20     24     0.525497347116
21     24     0.537335276604
22     24     0.580741018057
23     24     0.708720833063
24     24     1.02867037058
25     24     1.69488564134
26     24     2.8940731287
27     24     4.73149761558
28     24     7.18139693141
29     24     10
30     24     7.18139693141
31     24     4.73149761558
32     24     2.8940731287
33     24     1.69488564134
34     24     1.02867037058
35     24     0.708720833063
36     24     0.580741018057
37     24     0.537335276604
38     24     0.525497347116
39     24     0.522882193327
40     24     0.522446334362
41     24     0.522394031286
42     24     0.522390007973
43     24     0.522389858961
44     24     0.522389858961
45     24     0.522389858961
46     24     0.522389858961
47     24     0.522389858961
48     24     0.522389858961
49     24     0.522389858961
50     24     0.522389858961
51     24     0.522316098213
52     24     0.522045642138
53     24     0.520069748163
54     24     0.514335185289
55     24     0.494530946016
56     24     0.450346022844
57     24     0.356067866087
58     24     0.203761607409
59     24     0

0     25     0
1     25     0.492084026337
2     25     0.852344632149
3     25     1.05757057667
4     25     1.16060554981
5     25     1.20035469532
6     25     1.21572315693
7     25     1.21946573257
8     25     1.22061729431
9     25     1.22074842453
10     25     1.22078120708
11     25     1.22078120708
12     25     1.22078120708
13     25     1.22078120708
14     25     1.22078120708
15     25     1.22078120708
16     25     1.2207813561
17     25     1.22078537941
18     25     1.22083768249
19     25     1.22127354145
20     25     1.22378215194
21     25     1.23532176018
22     25     1.27604261041
23     25     1.39820516109
24     25     1.69488564134
25     25     2.32121109962
26     25     3.42732235789
27     25     5.13676702976
28     25     7.39469662309
29     25     10
30     25     7.39469662309
31     25     5.13676702976
32     25     3.42732235789
33     25     2.32121109962
34     25     1.69488564134
35     25     1.39820516109
36     25     1.27604261041
37     25     1.23532176018
38     25     1.22378215194
39     25     1.22127354145
40     25     1.22083768249
41     25     1.22078537941
42     25     1.2207813561
43     25     1.22078120708
44     25     1.22078120708
45     25     1.22078120708
46     25     1.22078120708
47     25     1.22078120708
48     25     1.22078120708
49     25     1.22078120708
50     25     1.22074842453
51     25     1.22061729431
52     25     1.21946573257
53     25     1.21572315693
54     25     1.20035469532
55     25     1.16060554981
56     25     1.05757057667
57     25     0.852344632149
58     25     0.492084026337
59     25     0

0     26     0
1     26     1.08286961913
2     26     1.80227562785
3     26     2.19358548522
4     26     2.36975178123
5     26     2.44372710586
6     26     2.4676091969
7     26     2.4757181108
8     26     2.4773734808
9     26     2.47783318162
10     26     2.47787579894
11     26     2.47788563371
12     26     2.47788563371
13     26     2.47788563371
14     26     2.47788563371
15     26     2.47788563371
16     26     2.47788578272
17     26     2.47788980603
18     26     2.47794210911
19     26     2.47833535075
20     26     2.48069480062
21     26     2.49074280262
22     26     2.52758547664
23     26     2.63229623437
24     26     2.8940731287
25     26     3.42732235789
26     26     4.38717097044
27     26     5.8406560123
28     26     7.77863606811
29     26     10
30     26     7.77863606811
31     26     5.8406560123
32     26     4.38717097044
33     26     3.42732235789
34     26     2.8940731287
35     26     2.63229623437
36     26     2.52758547664
37     26     2.49074280262
38     26     2.48069480062
39     26     2.47833535075
40     26     2.47794210911
41     26     2.47788980603
42     26     2.47788578272
43     26     2.47788563371
44     26     2.47788563371
45     26     2.47788563371
46     26     2.47788563371
47     26     2.47788563371
48     26     2.47788563371
49     26     2.47787579894
50     26     2.47783318162
51     26     2.4773734808
52     26     2.4757181108
53     26     2.4676091969
54     26     2.44372710586
55     26     2.36975178123
56     26     2.19358548522
57     26     1.80227562785
58     26     1.08286961913
59     26     0

0     27     0
1     27     2.22908854485
2     27     3.46424221992
3     27     4.03838038445
4     27     4.28442239761
5     27     4.37542974949
6     27     4.40840899944
7     27     4.41738188267
8     27     4.42010045052
9     27     4.42055761814
10     27     4.42067325115
11     27     4.4206815958
12     27     4.42068338394
13     27     4.42068338394
14     27     4.42068338394
15     27     4.42068338394
16     27     4.42068353295
17     27     4.42068755627
18     27     4.42072823644
19     27     4.42106723785
20     27     4.42283004522
21     27     4.43093895912
22     27     4.45808619261
23     27     4.53952789307
24     27     4.73149761558
25     27     5.13676702976
26     27     5.8406560123
27     27     6.92848443985
28     27     8.35454523563
29     27     10
30     27     8.35454523563
31     27     6.92848443985
32     27     5.8406560123
33     27     5.13676702976
34     27     4.73149761558
35     27     4.53952789307
36     27     4.45808619261
37     27     4.43093895912
38     27     4.42283004522
39     27     4.42106723785
40     27     4.42072823644
41     27     4.42068755627
42     27     4.42068353295
43     27     4.42068338394
44     27     4.42068338394
45     27     4.42068338394
46     27     4.42068338394
47     27     4.42068338394
48     27     4.4206815958
49     27     4.42067325115
50     27     4.42055761814
51     27     4.42010045052
52     27     4.41738188267
53     27     4.40840899944
54     27     4.37542974949
55     27     4.28442239761
56     27     4.03838038445
57     27     3.46424221992
58     27     2.22908854485
59     27     0

0     28     0
1     28     4.56121206284
2     28     6.12545669079
3     28     6.69576644897
4     28     6.90261259675
5     28     6.977635324
6     28     7.00120270252
7     28     7.00880020857
8     28     7.01052814722
9     28     7.01100200415
10     28     7.01106488705
11     28     7.01107949018
12     28     7.01108023524
13     28     7.01108038425
14     28     7.01108038425
15     28     7.01108038425
16     28     7.01108053327
17     28     7.01108261943
18     28     7.01110973954
19     28     7.01128602028
20     28     7.0123437047
21     28     7.01657444239
22     28     7.03208714724
23     28     7.07474708557
24     28     7.18139693141
25     28     7.39469662309
26     28     7.77863606811
27     28     8.35454523563
28     28     9.12242412567
29     28     10
30     28     9.12242412567
31     28     8.35454523563
32     28     7.77863606811
33     28     7.39469662309
34     28     7.18139693141
35     28     7.07474708557
36     28     7.03208714724
37     28     7.01657444239
38     28     7.0123437047
39     28     7.01128602028
40     28     7.01110973954
41     28     7.01108261943
42     28     7.01108053327
43     28     7.01108038425
44     28     7.01108038425
45     28     7.01108038425
46     28     7.01108038425
47     28     7.01108023524
48     28     7.01107949018
49     28     7.01106488705
50     28     7.01100200415
51     28     7.01052814722
52     28     7.00880020857
53     28     7.00120270252
54     28     6.977635324
55     28     6.90261259675
56     28     6.69576644897
57     28     6.12545669079
58     28     4.56121206284
59     28     0

0     29     0
1     29     10
2     29     10
3     29     10
4     29     10
5     29     10
6     29     10
7     29     10
8     29     10
9     29     10
10     29     10
11     29     10
12     29     10
13     29     10
14     29     10
15     29     10
16     29     10
17     29     10
18     29     10
19     29     10
20     29     10
21     29     10
22     29     10
23     29     10
24     29     10
25     29     10
26     29     10
27     29     10
28     29     10
29     29     10
30     29     10
31     29     10
32     29     10
33     29     10
34     29     10
35     29     10
36     29     10
37     29     10
38     29     10
39     29     10
40     29     10
41     29     10
42     29     10
43     29     10
44     29     10
45     29     10
46     29     10
47     29     10
48     29     10
49     29     10
50     29     10
51     29     10
52     29     10
53     29     10
54     29     10
55     29     10
56     29     10
57     29     10
58     29     10
59     29     0

0     30     0
1     30     4.56121206284
2     30     6.12545669079
3     30     6.69576644897
4     30     6.90261259675
5     30     6.977635324
6     30     7.00120270252
7     30     7.00880020857
8     30     7.01052814722
9     30     7.01100200415
10     30     7.01106488705
11     30     7.01107949018
12     30     7.01108023524
13     30     7.01108038425
14     30     7.01108038425
15     30     7.01108038425
16     30     7.01108053327
17     30     7.01108261943
18     30     7.01110973954
19     30     7.01128602028
20     30     7.0123437047
21     30     7.01657444239
22     30     7.03208714724
23     30     7.07474708557
24     30     7.18139693141
25     30     7.39469662309
26     30     7.77863606811
27     30     8.35454523563
28     30     9.12242412567
29     30     10
30     30     9.12242412567
31     30     8.35454523563
32     30     7.77863606811
33     30     7.39469662309
34     30     7.18139693141
35     30     7.07474708557
36     30     7.03208714724
37     30     7.01657444239
38     30     7.0123437047
39     30     7.01128602028
40     30     7.01110973954
41     30     7.01108261943
42     30     7.01108053327
43     30     7.01108038425
44     30     7.01108038425
45     30     7.01108038425
46     30     7.01108038425
47     30     7.01108023524
48     30     7.01107949018
49     30     7.01106488705
50     30     7.01100200415
51     30     7.01052814722
52     30     7.00880020857
53     30     7.00120270252
54     30     6.977635324
55     30     6.90261259675
56     30     6.69576644897
57     30     6.12545669079
58     30     4.56121206284
59     30     0

0     31     0
1     31     2.22908854485
2     31     3.46424221992
3     31     4.03838038445
4     31     4.28442239761
5     31     4.37542974949
6     31     4.40840899944
7     31     4.41738188267
8     31     4.42010045052
9     31     4.42055761814
10     31     4.42067325115
11     31     4.4206815958
12     31     4.42068338394
13     31     4.42068338394
14     31     4.42068338394
15     31     4.42068338394
16     31     4.42068353295
17     31     4.42068755627
18     31     4.42072823644
19     31     4.42106723785
20     31     4.42283004522
21     31     4.43093895912
22     31     4.45808619261
23     31     4.53952789307
24     31     4.73149761558
25     31     5.13676702976
26     31     5.8406560123
27     31     6.92848443985
28     31     8.35454523563
29     31     10
30     31     8.35454523563
31     31     6.92848443985
32     31     5.8406560123
33     31     5.13676702976
34     31     4.73149761558
35     31     4.53952789307
36     31     4.45808619261
37     31     4.43093895912
38     31     4.42283004522
39     31     4.42106723785
40     31     4.42072823644
41     31     4.42068755627
42     31     4.42068353295
43     31     4.42068338394
44     31     4.42068338394
45     31     4.42068338394
46     31     4.42068338394
47     31     4.42068338394
48     31     4.4206815958
49     31     4.42067325115
50     31     4.42055761814
51     31     4.42010045052
52     31     4.41738188267
53     31     4.40840899944
54     31     4.37542974949
55     31     4.28442239761
56     31     4.03838038445
57     31     3.46424221992
58     31     2.22908854485
59     31     0

0     32     0
1     32     1.08286961913
2     32     1.80227562785
3     32     2.19358548522
4     32     2.36975178123
5     32     2.44372710586
6     32     2.4676091969
7     32     2.4757181108
8     32     2.4773734808
9     32     2.47783318162
10     32     2.47787579894
11     32     2.47788563371
12     32     2.47788563371
13     32     2.47788563371
14     32     2.47788563371
15     32     2.47788563371
16     32     2.47788578272
17     32     2.47788980603
18     32     2.47794210911
19     32     2.47833535075
20     32     2.48069480062
21     32     2.49074280262
22     32     2.52758547664
23     32     2.63229623437
24     32     2.8940731287
25     32     3.42732235789
26     32     4.38717097044
27     32     5.8406560123
28     32     7.77863606811
29     32     10
30     32     7.77863606811
31     32     5.8406560123
32     32     4.38717097044
33     32     3.42732235789
34     32     2.8940731287
35     32     2.63229623437
36     32     2.52758547664
37     32     2.49074280262
38     32     2.48069480062
39     32     2.47833535075
40     32     2.47794210911
41     32     2.47788980603
42     32     2.47788578272
43     32     2.47788563371
44     32     2.47788563371
45     32     2.47788563371
46     32     2.47788563371
47     32     2.47788563371
48     32     2.47788563371
49     32     2.47787579894
50     32     2.47783318162
51     32     2.4773734808
52     32     2.4757181108
53     32     2.4676091969
54     32     2.44372710586
55     32     2.36975178123
56     32     2.19358548522
57     32     1.80227562785
58     32     1.08286961913
59     32     0

0     33     0
1     33     0.492084026337
2     33     0.852344632149
3     33     1.05757057667
4     33     1.16060554981
5     33     1.20035469532
6     33     1.21572315693
7     33     1.21946573257
8     33     1.22061729431
9     33     1.22074842453
10     33     1.22078120708
11     33     1.22078120708
12     33     1.22078120708
13     33     1.22078120708
14     33     1.22078120708
15     33     1.22078120708
16     33     1.2207813561
17     33     1.22078537941
18     33     1.22083768249
19     33     1.22127354145
20     33     1.22378215194
21     33     1.23532176018
22     33     1.27604261041
23     33     1.39820516109
24     33     1.69488564134
25     33     2.32121109962
26     33     3.42732235789
27     33     5.13676702976
28     33     7.39469662309
29     33     10
30     33     7.39469662309
31     33     5.13676702976
32     33     3.42732235789
33     33     2.32121109962
34     33     1.69488564134
35     33     1.39820516109
36     33     1.27604261041
37     33     1.23532176018
38     33     1.22378215194
39     33     1.22127354145
40     33     1.22083768249
41     33     1.22078537941
42     33     1.2207813561
43     33     1.22078120708
44     33     1.22078120708
45     33     1.22078120708
46     33     1.22078120708
47     33     1.22078120708
48     33     1.22078120708
49     33     1.22078120708
50     33     1.22074842453
51     33     1.22061729431
52     33     1.21946573257
53     33     1.21572315693
54     33     1.20035469532
55     33     1.16060554981
56     33     1.05757057667
57     33     0.852344632149
58     33     0.492084026337
59     33     0

0     34     0
1     34     0.203761607409
2     34     0.356067866087
3     34     0.450346022844
4     34     0.494530946016
5     34     0.514335185289
6     34     0.520069748163
7     34     0.522045642138
8     34     0.522316098213
9     34     0.522389858961
10     34     0.522389858961
11     34     0.522389858961
12     34     0.522389858961
13     34     0.522389858961
14     34     0.522389858961
15     34     0.522389858961
16     34     0.522390007973
17     34     0.522394031286
18     34     0.522446334362
19     34     0.522882193327
20     34     0.525497347116
21     34     0.537335276604
22     34     0.580741018057
23     34     0.708720833063
24     34     1.02867037058
25     34     1.69488564134
26     34     2.8940731287
27     34     4.73149761558
28     34     7.18139693141
29     34     10
30     34     7.18139693141
31     34     4.73149761558
32     34     2.8940731287
33     34     1.69488564134
34     34     1.02867037058
35     34     0.708720833063
36     34     0.580741018057
37     34     0.537335276604
38     34     0.525497347116
39     34     0.522882193327
40     34     0.522446334362
41     34     0.522394031286
42     34     0.522390007973
43     34     0.522389858961
44     34     0.522389858961
45     34     0.522389858961
46     34     0.522389858961
47     34     0.522389858961
48     34     0.522389858961
49     34     0.522389858961
50     34     0.522389858961
51     34     0.522316098213
52     34     0.522045642138
53     34     0.520069748163
54     34     0.514335185289
55     34     0.494530946016
56     34     0.450346022844
57     34     0.356067866087
58     34     0.203761607409
59     34     0

0     35     0
1     35     0.073544383049
2     35     0.131118893623
3     35     0.164687037468
4     35     0.182482004166
5     35     0.1886510849
6     35     0.191061496735
7     35     0.19145488739
8     35     0.191572904587
9     35     0.191572904587
10     35     0.191572904587
11     35     0.191572904587
12     35     0.191572904587
13     35     0.191572904587
14     35     0.191572904587
15     35     0.191572904587
16     35     0.191573053598
17     35     0.191577076912
18     35     0.191629379988
19     35     0.192065238953
20     35     0.194680392742
21     35     0.206710100174
22     35     0.250563323498
23     35     0.382122993469
24     35     0.708720833063
25     35     1.39820516109
26     35     2.63229623437
27     35     4.53952789307
28     35     7.07474708557
29     35     10
30     35     7.07474708557
31     35     4.53952789307
32     35     2.63229623437
33     35     1.39820516109
34     35     0.708720833063
35     35     0.382122993469
36     35     0.250563323498
37     35     0.206710100174
38     35     0.194680392742
39     35     0.192065238953
40     35     0.191629379988
41     35     0.191577076912
42     35     0.191573053598
43     35     0.191572904587
44     35     0.191572904587
45     35     0.191572904587
46     35     0.191572904587
47     35     0.191572904587
48     35     0.191572904587
49     35     0.191572904587
50     35     0.191572904587
51     35     0.191572904587
52     35     0.19145488739
53     35     0.191061496735
54     35     0.1886510849
55     35     0.182482004166
56     35     0.164687037468
57     35     0.131118893623
58     35     0.073544383049
59     35     0

0     36     0
1     36     0.0232869386673
2     36     0.0407043099403
3     36     0.0518673658371
4     36     0.0565768778324
5     36     0.0586953759193
6     36     0.0591084361076
7     36     0.0592461228371
8     36     0.0592461228371
9     36     0.0592461228371
10     36     0.0592461228371
11     36     0.0592461228371
12     36     0.0592461228371
13     36     0.0592461228371
14     36     0.0592461228371
15     36     0.0592461228371
16     36     0.0592462718487
17     36     0.0592502951622
18     36     0.059302598238
19     36     0.0597384572029
20     36     0.0623536109924
21     36     0.0743833184242
22     36     0.118492245674
23     36     0.250563323498
24     36     0.580741018057
25     36     1.27604261041
26     36     2.52758547664
27     36     4.45808619261
28     36     7.03208714724
29     36     10
30     36     7.03208714724
31     36     4.45808619261
32     36     2.52758547664
33     36     1.27604261041
34     36     0.580741018057
35     36     0.250563323498
36     36     0.118492245674
37     36     0.0743833184242
38     36     0.0623536109924
39     36     0.0597384572029
40     36     0.059302598238
41     36     0.0592502951622
42     36     0.0592462718487
43     36     0.0592461228371
44     36     0.0592461228371
45     36     0.0592461228371
46     36     0.0592461228371
47     36     0.0592461228371
48     36     0.0592461228371
49     36     0.0592461228371
50     36     0.0592461228371
51     36     0.0592461228371
52     36     0.0592461228371
53     36     0.0591084361076
54     36     0.0586953759193
55     36     0.0565768778324
56     36     0.0518673658371
57     36     0.0407043099403
58     36     0.0232869386673
59     36     0

0     37     0
1     37     0.00604629516602
2     37     0.010838508606
3     37     0.0133693218231
4     37     0.0147044658661
5     37     0.0150191783905
6     37     0.0151371955872
7     37     0.0151371955872
8     37     0.0151371955872
9     37     0.0151371955872
10     37     0.0151371955872
11     37     0.0151371955872
12     37     0.0151371955872
13     37     0.0151371955872
14     37     0.0151371955872
15     37     0.0151371955872
16     37     0.0151373445988
17     37     0.0151413679123
18     37     0.0151936709881
19     37     0.015629529953
20     37     0.0182446837425
21     37     0.0302743911743
22     37     0.0743833184242
23     37     0.206710100174
24     37     0.537335276604
25     37     1.23532176018
26     37     2.49074280262
27     37     4.43093895912
28     37     7.01657444239
29     37     10
30     37     7.01657444239
31     37     4.43093895912
32     37     2.49074280262
33     37     1.23532176018
34     37     0.537335276604
35     37     0.206710100174
36     37     0.0743833184242
37     37     0.0302743911743
38     37     0.0182446837425
39     37     0.015629529953
40     37     0.0151936709881
41     37     0.0151413679123
42     37     0.0151373445988
43     37     0.0151371955872
44     37     0.0151371955872
45     37     0.0151371955872
46     37     0.0151371955872
47     37     0.0151371955872
48     37     0.0151371955872
49     37     0.0151371955872
50     37     0.0151371955872
51     37     0.0151371955872
52     37     0.0151371955872
53     37     0.0151371955872
54     37     0.0150191783905
55     37     0.0147044658661
56     37     0.0133693218231
57     37     0.010838508606
58     37     0.00604629516602
59     37     0

0     38     0
1     38     0.00134170055389
2     38     0.00227242708206
3     38     0.00286161899567
4     38     0.00303372740746
5     38     0.00310748815536
6     38     0.00310748815536
7     38     0.00310748815536
8     38     0.00310748815536
9     38     0.00310748815536
10     38     0.00310748815536
11     38     0.00310748815536
12     38     0.00310748815536
13     38     0.00310748815536
14     38     0.00310748815536
15     38     0.00310748815536
16     38     0.00310763716698
17     38     0.0031116604805
18     38     0.00316396355629
19     38     0.00359982252121
20     38     0.00621497631073
21     38     0.0182446837425
22     38     0.0623536109924
23     38     0.194680392742
24     38     0.525497347116
25     38     1.22378215194
26     38     2.48069480062
27     38     4.42283004522
28     38     7.0123437047
29     38     10
30     38     7.0123437047
31     38     4.42283004522
32     38     2.48069480062
33     38     1.22378215194
34     38     0.525497347116
35     38     0.194680392742
36     38     0.0623536109924
37     38     0.0182446837425
38     38     0.00621497631073
39     38     0.00359982252121
40     38     0.00316396355629
41     38     0.0031116604805
42     38     0.00310763716698
43     38     0.00310748815536
44     38     0.00310748815536
45     38     0.00310748815536
46     38     0.00310748815536
47     38     0.00310748815536
48     38     0.00310748815536
49     38     0.00310748815536
50     38     0.00310748815536
51     38     0.00310748815536
52     38     0.00310748815536
53     38     0.00310748815536
54     38     0.00310748815536
55     38     0.00303372740746
56     38     0.00286161899567
57     38     0.00227242708206
58     38     0.00134170055389
59     38     0

0     39     0
1     39     0.000221133232117
2     39     0.000393986701965
3     39     0.000459551811218
4     39     0.000492334365845
5     39     0.000492334365845
6     39     0.000492334365845
7     39     0.000492334365845
8     39     0.000492334365845
9     39     0.000492334365845
10     39     0.000492334365845
11     39     0.000492334365845
12     39     0.000492334365845
13     39     0.000492334365845
14     39     0.000492334365845
15     39     0.000492334365845
16     39     0.000492483377457
17     39     0.000496506690979
18     39     0.000548809766769
19     39     0.000984668731689
20     39     0.00359982252121
21     39     0.015629529953
22     39     0.0597384572029
23     39     0.192065238953
24     39     0.522882193327
25     39     1.22127354145
26     39     2.47833535075
27     39     4.42106723785
28     39     7.01128602028
29     39     10
30     39     7.01128602028
31     39     4.42106723785
32     39     2.47833535075
33     39     1.22127354145
34     39     0.522882193327
35     39     0.192065238953
36     39     0.0597384572029
37     39     0.015629529953
38     39     0.00359982252121
39     39     0.000984668731689
40     39     0.000548809766769
41     39     0.000496506690979
42     39     0.000492483377457
43     39     0.000492334365845
44     39     0.000492334365845
45     39     0.000492334365845
46     39     0.000492334365845
47     39     0.000492334365845
48     39     0.000492334365845
49     39     0.000492334365845
50     39     0.000492334365845
51     39     0.000492334365845
52     39     0.000492334365845
53     39     0.000492334365845
54     39     0.000492334365845
55     39     0.000492334365845
56     39     0.000459551811218
57     39     0.000393986701965
58     39     0.000221133232117
59     39     0

0     40     0
1     40     3.02493572235e-05
2     40     4.66406345367e-05
3     40     5.64754009247e-05
4     40     5.64754009247e-05
5     40     5.64754009247e-05
6     40     5.64754009247e-05
7     40     5.64754009247e-05
8     40     5.64754009247e-05
9     40     5.64754009247e-05
10     40     5.64754009247e-05
11     40     5.64754009247e-05
12     40     5.64754009247e-05
13     40     5.64754009247e-05
14     40     5.64754009247e-05
15     40     5.64754009247e-05
16     40     5.66244125366e-05
17     40     6.0647726059e-05
18     40     0.000112950801849
19     40     0.000548809766769
20     40     0.00316396355629
21     40     0.0151936709881
22     40     0.059302598238
23     40     0.191629379988
24     40     0.522446334362
25     40     1.22083768249
26     40     2.47794210911
27     40     4.42072823644
28     40     7.01110973954
29     40     10
30     40     7.01110973954
31     40     4.42072823644
32     40     2.47794210911
33     40     1.22083768249
34     40     0.522446334362
35     40     0.191629379988
36     40     0.059302598238
37     40     0.0151936709881
38     40     0.00316396355629
39     40     0.000548809766769
40     40     0.000112950801849
41     40     6.0647726059e-05
42     40     5.66244125366e-05
43     40     5.64754009247e-05
44     40     5.64754009247e-05
45     40     5.64754009247e-05
46     40     5.64754009247e-05
47     40     5.64754009247e-05
48     40     5.64754009247e-05
49     40     5.64754009247e-05
50     40     5.64754009247e-05
51     40     5.64754009247e-05
52     40     5.64754009247e-05
53     40     5.64754009247e-05
54     40     5.64754009247e-05
55     40     5.64754009247e-05
56     40     5.64754009247e-05
57     40     4.66406345367e-05
58     40     3.02493572235e-05
59     40     0

0     41     0
1     41     2.38418579102e-06
2     41     4.17232513428e-06
3     41     4.17232513428e-06
4     41     4.17232513428e-06
5     41     4.17232513428e-06
6     41     4.17232513428e-06
7     41     4.17232513428e-06
8     41     4.17232513428e-06
9     41     4.17232513428e-06
10     41     4.17232513428e-06
11     41     4.17232513428e-06
12     41     4.17232513428e-06
13     41     4.17232513428e-06
14     41     4.17232513428e-06
15     41     4.17232513428e-06
16     41     4.32133674622e-06
17     41     8.34465026855e-06
18     41     6.0647726059e-05
19     41     0.000496506690979
20     41     0.0031116604805
21     41     0.0151413679123
22     41     0.0592502951622
23     41     0.191577076912
24     41     0.522394031286
25     41     1.22078537941
26     41     2.47788980603
27     41     4.42068755627
28     41     7.01108261943
29     41     10
30     41     7.01108261943
31     41     4.42068755627
32     41     2.47788980603
33     41     1.22078537941
34     41     0.522394031286
35     41     0.191577076912
36     41     0.0592502951622
37     41     0.0151413679123
38     41     0.0031116604805
39     41     0.000496506690979
40     41     6.0647726059e-05
41     41     8.34465026855e-06
42     41     4.32133674622e-06
43     41     4.17232513428e-06
44     41     4.17232513428e-06
45     41     4.17232513428e-06
46     41     4.17232513428e-06
47     41     4.17232513428e-06
48     41     4.17232513428e-06
49     41     4.17232513428e-06
50     41     4.17232513428e-06
51     41     4.17232513428e-06
52     41     4.17232513428e-06
53     41     4.17232513428e-06
54     41     4.17232513428e-06
55     41     4.17232513428e-06
56     41     4.17232513428e-06
57     41     4.17232513428e-06
58     41     2.38418579102e-06
59     41     0

0     42     0
1     42     1.49011611938e-07
2     42     1.49011611938e-07
3     42     1.49011611938e-07
4     42     1.49011611938e-07
5     42     1.49011611938e-07
6     42     1.49011611938e-07
7     42     1.49011611938e-07
8     42     1.49011611938e-07
9     42     1.49011611938e-07
10     42     1.49011611938e-07
11     42     1.49011611938e-07
12     42     1.49011611938e-07
13     42     1.49011611938e-07
14     42     1.49011611938e-07
15     42     1.49011611938e-07
16     42     2.98023223877e-07
17     42     4.32133674622e-06
18     42     5.66244125366e-05
19     42     0.000492483377457
20     42     0.00310763716698
21     42     0.0151373445988
22     42     0.0592462718487
23     42     0.191573053598
24     42     0.522390007973
25     42     1.2207813561
26     42     2.47788578272
27     42     4.42068353295
28     42     7.01108053327
29     42     10
30     42     7.01108053327
31     42     4.42068353295
32     42     2.47788578272
33     42     1.2207813561
34     42     0.522390007973
35     42     0.191573053598
36     42     0.0592462718487
37     42     0.0151373445988
38     42     0.00310763716698
39     42     0.000492483377457
40     42     5.66244125366e-05
41     42     4.32133674622e-06
42     42     2.98023223877e-07
43     42     1.49011611938e-07
44     42     1.49011611938e-07
45     42     1.49011611938e-07
46     42     1.49011611938e-07
47     42     1.49011611938e-07
48     42     1.49011611938e-07
49     42     1.49011611938e-07
50     42     1.49011611938e-07
51     42     1.49011611938e-07
52     42     1.49011611938e-07
53     42     1.49011611938e-07
54     42     1.49011611938e-07
55     42     1.49011611938e-07
56     42     1.49011611938e-07
57     42     1.49011611938e-07
58     42     1.49011611938e-07
59     42     0

0     43     0
1     43     0.0
2     43     0.0
3     43     0.0
4     43     0.0
5     43     0.0
6     43     0.0
7     43     0.0
8     43     0.0
9     43     0.0
10     43     0.0
11     43     0.0
12     43     0.0
13     43     0.0
14     43     0.0
15     43     0.0
16     43     1.49011611938e-07
17     43     4.17232513428e-06
18     43     5.64754009247e-05
19     43     0.000492334365845
20     43     0.00310748815536
21     43     0.0151371955872
22     43     0.0592461228371
23     43     0.191572904587
24     43     0.522389858961
25     43     1.22078120708
26     43     2.47788563371
27     43     4.42068338394
28     43     7.01108038425
29     43     10
30     43     7.01108038425
31     43     4.42068338394
32     43     2.47788563371
33     43     1.22078120708
34     43     0.522389858961
35     43     0.191572904587
36     43     0.0592461228371
37     43     0.0151371955872
38     43     0.00310748815536
39     43     0.000492334365845
40     43     5.64754009247e-05
41     43     4.17232513428e-06
42     43     1.49011611938e-07
43     43     0.0
44     43     0.0
45     43     0.0
46     43     0.0
47     43     0.0
48     43     0.0
49     43     0.0
50     43     0.0
51     43     0.0
52     43     0.0
53     43     0.0
54     43     0.0
55     43     0.0
56     43     0.0
57     43     0.0
58     43     0.0
59     43     0

0     44     0
1     44     0.0
2     44     0.0
3     44     0.0
4     44     0.0
5     44     0.0
6     44     0.0
7     44     0.0
8     44     0.0
9     44     0.0
10     44     0.0
11     44     0.0
12     44     0.0
13     44     0.0
14     44     0.0
15     44     0.0
16     44     1.49011611938e-07
17     44     4.17232513428e-06
18     44     5.64754009247e-05
19     44     0.000492334365845
20     44     0.00310748815536
21     44     0.0151371955872
22     44     0.0592461228371
23     44     0.191572904587
24     44     0.522389858961
25     44     1.22078120708
26     44     2.47788563371
27     44     4.42068338394
28     44     7.01108038425
29     44     10
30     44     7.01108038425
31     44     4.42068338394
32     44     2.47788563371
33     44     1.22078120708
34     44     0.522389858961
35     44     0.191572904587
36     44     0.0592461228371
37     44     0.0151371955872
38     44     0.00310748815536
39     44     0.000492334365845
40     44     5.64754009247e-05
41     44     4.17232513428e-06
42     44     1.49011611938e-07
43     44     0.0
44     44     0.0
45     44     0.0
46     44     0.0
47     44     0.0
48     44     0.0
49     44     0.0
50     44     0.0
51     44     0.0
52     44     0.0
53     44     0.0
54     44     0.0
55     44     0.0
56     44     0.0
57     44     0.0
58     44     0.0
59     44     0

0     45     0
1     45     0.0
2     45     0.0
3     45     0.0
4     45     0.0
5     45     0.0
6     45     0.0
7     45     0.0
8     45     0.0
9     45     0.0
10     45     0.0
11     45     0.0
12     45     0.0
13     45     0.0
14     45     0.0
15     45     0.0
16     45     1.49011611938e-07
17     45     4.17232513428e-06
18     45     5.64754009247e-05
19     45     0.000492334365845
20     45     0.00310748815536
21     45     0.0151371955872
22     45     0.0592461228371
23     45     0.191572904587
24     45     0.522389858961
25     45     1.22078120708
26     45     2.47788563371
27     45     4.42068338394
28     45     7.01108038425
29     45     10
30     45     7.01108038425
31     45     4.42068338394
32     45     2.47788563371
33     45     1.22078120708
34     45     0.522389858961
35     45     0.191572904587
36     45     0.0592461228371
37     45     0.0151371955872
38     45     0.00310748815536
39     45     0.000492334365845
40     45     5.64754009247e-05
41     45     4.17232513428e-06
42     45     1.49011611938e-07
43     45     0.0
44     45     0.0
45     45     0.0
46     45     0.0
47     45     0.0
48     45     0.0
49     45     0.0
50     45     0.0
51     45     0.0
52     45     0.0
53     45     0.0
54     45     0.0
55     45     0.0
56     45     0.0
57     45     0.0
58     45     0.0
59     45     0

0     46     0
1     46     0.0
2     46     0.0
3     46     0.0
4     46     0.0
5     46     0.0
6     46     0.0
7     46     0.0
8     46     0.0
9     46     0.0
10     46     0.0
11     46     0.0
12     46     0.0
13     46     0.0
14     46     0.0
15     46     0.0
16     46     1.49011611938e-07
17     46     4.17232513428e-06
18     46     5.64754009247e-05
19     46     0.000492334365845
20     46     0.00310748815536
21     46     0.0151371955872
22     46     0.0592461228371
23     46     0.191572904587
24     46     0.522389858961
25     46     1.22078120708
26     46     2.47788563371
27     46     4.42068338394
28     46     7.01108038425
29     46     10
30     46     7.01108038425
31     46     4.42068338394
32     46     2.47788563371
33     46     1.22078120708
34     46     0.522389858961
35     46     0.191572904587
36     46     0.0592461228371
37     46     0.0151371955872
38     46     0.00310748815536
39     46     0.000492334365845
40     46     5.64754009247e-05
41     46     4.17232513428e-06
42     46     1.49011611938e-07
43     46     0.0
44     46     0.0
45     46     0.0
46     46     0.0
47     46     0.0
48     46     0.0
49     46     0.0
50     46     0.0
51     46     0.0
52     46     0.0
53     46     0.0
54     46     0.0
55     46     0.0
56     46     0.0
57     46     0.0
58     46     0.0
59     46     0

0     47     0
1     47     0.0
2     47     0.0
3     47     0.0
4     47     0.0
5     47     0.0
6     47     0.0
7     47     0.0
8     47     0.0
9     47     0.0
10     47     0.0
11     47     0.0
12     47     0.0
13     47     0.0
14     47     0.0
15     47     0.0
16     47     1.49011611938e-07
17     47     4.17232513428e-06
18     47     5.64754009247e-05
19     47     0.000492334365845
20     47     0.00310748815536
21     47     0.0151371955872
22     47     0.0592461228371
23     47     0.191572904587
24     47     0.522389858961
25     47     1.22078120708
26     47     2.47788563371
27     47     4.42068338394
28     47     7.01108023524
29     47     10
30     47     7.01108023524
31     47     4.42068338394
32     47     2.47788563371
33     47     1.22078120708
34     47     0.522389858961
35     47     0.191572904587
36     47     0.0592461228371
37     47     0.0151371955872
38     47     0.00310748815536
39     47     0.000492334365845
40     47     5.64754009247e-05
41     47     4.17232513428e-06
42     47     1.49011611938e-07
43     47     0.0
44     47     0.0
45     47     0.0
46     47     0.0
47     47     0.0
48     47     0.0
49     47     0.0
50     47     0.0
51     47     0.0
52     47     0.0
53     47     0.0
54     47     0.0
55     47     0.0
56     47     0.0
57     47     0.0
58     47     0.0
59     47     0

0     48     0
1     48     0.0
2     48     0.0
3     48     0.0
4     48     0.0
5     48     0.0
6     48     0.0
7     48     0.0
8     48     0.0
9     48     0.0
10     48     0.0
11     48     0.0
12     48     0.0
13     48     0.0
14     48     0.0
15     48     0.0
16     48     1.49011611938e-07
17     48     4.17232513428e-06
18     48     5.64754009247e-05
19     48     0.000492334365845
20     48     0.00310748815536
21     48     0.0151371955872
22     48     0.0592461228371
23     48     0.191572904587
24     48     0.522389858961
25     48     1.22078120708
26     48     2.47788563371
27     48     4.4206815958
28     48     7.01107949018
29     48     10
30     48     7.01107949018
31     48     4.4206815958
32     48     2.47788563371
33     48     1.22078120708
34     48     0.522389858961
35     48     0.191572904587
36     48     0.0592461228371
37     48     0.0151371955872
38     48     0.00310748815536
39     48     0.000492334365845
40     48     5.64754009247e-05
41     48     4.17232513428e-06
42     48     1.49011611938e-07
43     48     0.0
44     48     0.0
45     48     0.0
46     48     0.0
47     48     0.0
48     48     0.0
49     48     0.0
50     48     0.0
51     48     0.0
52     48     0.0
53     48     0.0
54     48     0.0
55     48     0.0
56     48     0.0
57     48     0.0
58     48     0.0
59     48     0

0     49     0
1     49     0.0
2     49     0.0
3     49     0.0
4     49     0.0
5     49     0.0
6     49     0.0
7     49     0.0
8     49     0.0
9     49     0.0
10     49     0.0
11     49     0.0
12     49     0.0
13     49     0.0
14     49     0.0
15     49     0.0
16     49     1.49011611938e-07
17     49     4.17232513428e-06
18     49     5.64754009247e-05
19     49     0.000492334365845
20     49     0.00310748815536
21     49     0.0151371955872
22     49     0.0592461228371
23     49     0.191572904587
24     49     0.522389858961
25     49     1.22078120708
26     49     2.47787579894
27     49     4.42067325115
28     49     7.01106488705
29     49     10
30     49     7.01106488705
31     49     4.42067325115
32     49     2.47787579894
33     49     1.22078120708
34     49     0.522389858961
35     49     0.191572904587
36     49     0.0592461228371
37     49     0.0151371955872
38     49     0.00310748815536
39     49     0.000492334365845
40     49     5.64754009247e-05
41     49     4.17232513428e-06
42     49     1.49011611938e-07
43     49     0.0
44     49     0.0
45     49     0.0
46     49     0.0
47     49     0.0
48     49     0.0
49     49     0.0
50     49     0.0
51     49     0.0
52     49     0.0
53     49     0.0
54     49     0.0
55     49     0.0
56     49     0.0
57     49     0.0
58     49     0.0
59     49     0

0     50     0
1     50     0.0
2     50     0.0
3     50     0.0
4     50     0.0
5     50     0.0
6     50     0.0
7     50     0.0
8     50     0.0
9     50     0.0
10     50     0.0
11     50     0.0
12     50     0.0
13     50     0.0
14     50     0.0
15     50     0.0
16     50     1.49011611938e-07
17     50     4.17232513428e-06
18     50     5.64754009247e-05
19     50     0.000492334365845
20     50     0.00310748815536
21     50     0.0151371955872
22     50     0.0592461228371
23     50     0.191572904587
24     50     0.522389858961
25     50     1.22074842453
26     50     2.47783318162
27     50     4.42055761814
28     50     7.01100200415
29     50     10
30     50     7.01100200415
31     50     4.42055761814
32     50     2.47783318162
33     50     1.22074842453
34     50     0.522389858961
35     50     0.191572904587
36     50     0.0592461228371
37     50     0.0151371955872
38     50     0.00310748815536
39     50     0.000492334365845
40     50     5.64754009247e-05
41     50     4.17232513428e-06
42     50     1.49011611938e-07
43     50     0.0
44     50     0.0
45     50     0.0
46     50     0.0
47     50     0.0
48     50     0.0
49     50     0.0
50     50     0.0
51     50     0.0
52     50     0.0
53     50     0.0
54     50     0.0
55     50     0.0
56     50     0.0
57     50     0.0
58     50     0.0
59     50     0

0     51     0
1     51     0.0
2     51     0.0
3     51     0.0
4     51     0.0
5     51     0.0
6     51     0.0
7     51     0.0
8     51     0.0
9     51     0.0
10     51     0.0
11     51     0.0
12     51     0.0
13     51     0.0
14     51     0.0
15     51     0.0
16     51     1.49011611938e-07
17     51     4.17232513428e-06
18     51     5.64754009247e-05
19     51     0.000492334365845
20     51     0.00310748815536
21     51     0.0151371955872
22     51     0.0592461228371
23     51     0.191572904587
24     51     0.522316098213
25     51     1.22061729431
26     51     2.4773734808
27     51     4.42010045052
28     51     7.01052814722
29     51     10
30     51     7.01052814722
31     51     4.42010045052
32     51     2.4773734808
33     51     1.22061729431
34     51     0.522316098213
35     51     0.191572904587
36     51     0.0592461228371
37     51     0.0151371955872
38     51     0.00310748815536
39     51     0.000492334365845
40     51     5.64754009247e-05
41     51     4.17232513428e-06
42     51     1.49011611938e-07
43     51     0.0
44     51     0.0
45     51     0.0
46     51     0.0
47     51     0.0
48     51     0.0
49     51     0.0
50     51     0.0
51     51     0.0
52     51     0.0
53     51     0.0
54     51     0.0
55     51     0.0
56     51     0.0
57     51     0.0
58     51     0.0
59     51     0

0     52     0
1     52     0.0
2     52     0.0
3     52     0.0
4     52     0.0
5     52     0.0
6     52     0.0
7     52     0.0
8     52     0.0
9     52     0.0
10     52     0.0
11     52     0.0
12     52     0.0
13     52     0.0
14     52     0.0
15     52     0.0
16     52     1.49011611938e-07
17     52     4.17232513428e-06
18     52     5.64754009247e-05
19     52     0.000492334365845
20     52     0.00310748815536
21     52     0.0151371955872
22     52     0.0592461228371
23     52     0.19145488739
24     52     0.522045642138
25     52     1.21946573257
26     52     2.4757181108
27     52     4.41738188267
28     52     7.00880020857
29     52     10
30     52     7.00880020857
31     52     4.41738188267
32     52     2.4757181108
33     52     1.21946573257
34     52     0.522045642138
35     52     0.19145488739
36     52     0.0592461228371
37     52     0.0151371955872
38     52     0.00310748815536
39     52     0.000492334365845
40     52     5.64754009247e-05
41     52     4.17232513428e-06
42     52     1.49011611938e-07
43     52     0.0
44     52     0.0
45     52     0.0
46     52     0.0
47     52     0.0
48     52     0.0
49     52     0.0
50     52     0.0
51     52     0.0
52     52     0.0
53     52     0.0
54     52     0.0
55     52     0.0
56     52     0.0
57     52     0.0
58     52     0.0
59     52     0

0     53     0
1     53     0.0
2     53     0.0
3     53     0.0
4     53     0.0
5     53     0.0
6     53     0.0
7     53     0.0
8     53     0.0
9     53     0.0
10     53     0.0
11     53     0.0
12     53     0.0
13     53     0.0
14     53     0.0
15     53     0.0
16     53     1.49011611938e-07
17     53     4.17232513428e-06
18     53     5.64754009247e-05
19     53     0.000492334365845
20     53     0.00310748815536
21     53     0.0151371955872
22     53     0.0591084361076
23     53     0.191061496735
24     53     0.520069748163
25     53     1.21572315693
26     53     2.4676091969
27     53     4.40840899944
28     53     7.00120270252
29     53     10
30     53     7.00120270252
31     53     4.40840899944
32     53     2.4676091969
33     53     1.21572315693
34     53     0.520069748163
35     53     0.191061496735
36     53     0.0591084361076
37     53     0.0151371955872
38     53     0.00310748815536
39     53     0.000492334365845
40     53     5.64754009247e-05
41     53     4.17232513428e-06
42     53     1.49011611938e-07
43     53     0.0
44     53     0.0
45     53     0.0
46     53     0.0
47     53     0.0
48     53     0.0
49     53     0.0
50     53     0.0
51     53     0.0
52     53     0.0
53     53     0.0
54     53     0.0
55     53     0.0
56     53     0.0
57     53     0.0
58     53     0.0
59     53     0

0     54     0
1     54     0.0
2     54     0.0
3     54     0.0
4     54     0.0
5     54     0.0
6     54     0.0
7     54     0.0
8     54     0.0
9     54     0.0
10     54     0.0
11     54     0.0
12     54     0.0
13     54     0.0
14     54     0.0
15     54     0.0
16     54     1.49011611938e-07
17     54     4.17232513428e-06
18     54     5.64754009247e-05
19     54     0.000492334365845
20     54     0.00310748815536
21     54     0.0150191783905
22     54     0.0586953759193
23     54     0.1886510849
24     54     0.514335185289
25     54     1.20035469532
26     54     2.44372710586
27     54     4.37542974949
28     54     6.977635324
29     54     10
30     54     6.977635324
31     54     4.37542974949
32     54     2.44372710586
33     54     1.20035469532
34     54     0.514335185289
35     54     0.1886510849
36     54     0.0586953759193
37     54     0.0150191783905
38     54     0.00310748815536
39     54     0.000492334365845
40     54     5.64754009247e-05
41     54     4.17232513428e-06
42     54     1.49011611938e-07
43     54     0.0
44     54     0.0
45     54     0.0
46     54     0.0
47     54     0.0
48     54     0.0
49     54     0.0
50     54     0.0
51     54     0.0
52     54     0.0
53     54     0.0
54     54     0.0
55     54     0.0
56     54     0.0
57     54     0.0
58     54     0.0
59     54     0

0     55     0
1     55     0.0
2     55     0.0
3     55     0.0
4     55     0.0
5     55     0.0
6     55     0.0
7     55     0.0
8     55     0.0
9     55     0.0
10     55     0.0
11     55     0.0
12     55     0.0
13     55     0.0
14     55     0.0
15     55     0.0
16     55     1.49011611938e-07
17     55     4.17232513428e-06
18     55     5.64754009247e-05
19     55     0.000492334365845
20     55     0.00303372740746
21     55     0.0147044658661
22     55     0.0565768778324
23     55     0.182482004166
24     55     0.494530946016
25     55     1.16060554981
26     55     2.36975178123
27     55     4.28442239761
28     55     6.90261259675
29     55     10
30     55     6.90261259675
31     55     4.28442239761
32     55     2.36975178123
33     55     1.16060554981
34     55     0.494530946016
35     55     0.182482004166
36     55     0.0565768778324
37     55     0.0147044658661
38     55     0.00303372740746
39     55     0.000492334365845
40     55     5.64754009247e-05
41     55     4.17232513428e-06
42     55     1.49011611938e-07
43     55     0.0
44     55     0.0
45     55     0.0
46     55     0.0
47     55     0.0
48     55     0.0
49     55     0.0
50     55     0.0
51     55     0.0
52     55     0.0
53     55     0.0
54     55     0.0
55     55     0.0
56     55     0.0
57     55     0.0
58     55     0.0
59     55     0

0     56     0
1     56     0.0
2     56     0.0
3     56     0.0
4     56     0.0
5     56     0.0
6     56     0.0
7     56     0.0
8     56     0.0
9     56     0.0
10     56     0.0
11     56     0.0
12     56     0.0
13     56     0.0
14     56     0.0
15     56     0.0
16     56     1.49011611938e-07
17     56     4.17232513428e-06
18     56     5.64754009247e-05
19     56     0.000459551811218
20     56     0.00286161899567
21     56     0.0133693218231
22     56     0.0518673658371
23     56     0.164687037468
24     56     0.450346022844
25     56     1.05757057667
26     56     2.19358548522
27     56     4.03838038445
28     56     6.69576644897
29     56     10
30     56     6.69576644897
31     56     4.03838038445
32     56     2.19358548522
33     56     1.05757057667
34     56     0.450346022844
35     56     0.164687037468
36     56     0.0518673658371
37     56     0.0133693218231
38     56     0.00286161899567
39     56     0.000459551811218
40     56     5.64754009247e-05
41     56     4.17232513428e-06
42     56     1.49011611938e-07
43     56     0.0
44     56     0.0
45     56     0.0
46     56     0.0
47     56     0.0
48     56     0.0
49     56     0.0
50     56     0.0
51     56     0.0
52     56     0.0
53     56     0.0
54     56     0.0
55     56     0.0
56     56     0.0
57     56     0.0
58     56     0.0
59     56     0

0     57     0
1     57     0.0
2     57     0.0
3     57     0.0
4     57     0.0
5     57     0.0
6     57     0.0
7     57     0.0
8     57     0.0
9     57     0.0
10     57     0.0
11     57     0.0
12     57     0.0
13     57     0.0
14     57     0.0
15     57     0.0
16     57     1.49011611938e-07
17     57     4.17232513428e-06
18     57     4.66406345367e-05
19     57     0.000393986701965
20     57     0.00227242708206
21     57     0.010838508606
22     57     0.0407043099403
23     57     0.131118893623
24     57     0.356067866087
25     57     0.852344632149
26     57     1.80227562785
27     57     3.46424221992
28     57     6.12545669079
29     57     10
30     57     6.12545669079
31     57     3.46424221992
32     57     1.80227562785
33     57     0.852344632149
34     57     0.356067866087
35     57     0.131118893623
36     57     0.0407043099403
37     57     0.010838508606
38     57     0.00227242708206
39     57     0.000393986701965
40     57     4.66406345367e-05
41     57     4.17232513428e-06
42     57     1.49011611938e-07
43     57     0.0
44     57     0.0
45     57     0.0
46     57     0.0
47     57     0.0
48     57     0.0
49     57     0.0
50     57     0.0
51     57     0.0
52     57     0.0
53     57     0.0
54     57     0.0
55     57     0.0
56     57     0.0
57     57     0.0
58     57     0.0
59     57     0

0     58     0
1     58     0.0
2     58     0.0
3     58     0.0
4     58     0.0
5     58     0.0
6     58     0.0
7     58     0.0
8     58     0.0
9     58     0.0
10     58     0.0
11     58     0.0
12     58     0.0
13     58     0.0
14     58     0.0
15     58     0.0
16     58     1.49011611938e-07
17     58     2.38418579102e-06
18     58     3.02493572235e-05
19     58     0.000221133232117
20     58     0.00134170055389
21     58     0.00604629516602
22     58     0.0232869386673
23     58     0.073544383049
24     58     0.203761607409
25     58     0.492084026337
26     58     1.08286961913
27     58     2.22908854485
28     58     4.56121206284
29     58     10
30     58     4.56121206284
31     58     2.22908854485
32     58     1.08286961913
33     58     0.492084026337
34     58     0.203761607409
35     58     0.073544383049
36     58     0.0232869386673
37     58     0.00604629516602
38     58     0.00134170055389
39     58     0.000221133232117
40     58     3.02493572235e-05
41     58     2.38418579102e-06
42     58     1.49011611938e-07
43     58     0.0
44     58     0.0
45     58     0.0
46     58     0.0
47     58     0.0
48     58     0.0
49     58     0.0
50     58     0.0
51     58     0.0
52     58     0.0
53     58     0.0
54     58     0.0
55     58     0.0
56     58     0.0
57     58     0.0
58     58     0.0
59     58     0

0     59     0
1     59     0
2     59     0
3     59     0
4     59     0
5     59     0
6     59     0
7     59     0
8     59     0
9     59     0
10     59     0
11     59     0
12     59     0
13     59     0
14     59     0
15     59     0
16     59     0
17     59     0
18     59     0
19     59     0
20     59     0
21     59     0
22     59     0
23     59     0
24     59     0
25     59     0
26     59     0
27     59     0
28     59     0
29     59     0
30     59     0
31     59     0
32     59     0
33     59     0
34     59     0
35     59     0
36     59     0
37     59     0
38     59     0
39     59     0
40     59     0
41     59     0
42     59     0
43     59     0
44     59     0
45     59     0
46     59     0
47     59     0
48     59     0
49     59     0
50     59     0
51     59     0
52     59     0
53     59     0
54     59     0
55     59     0
56     59     0
57     59     0
58     59     0
59     59     0

