0     0     0
1     0     0
2     0     0
3     0     0
4     0     0
5     0     0
6     0     0
7     0     0
8     0     0
9     0     0
10     0     0
11     0     0
12     0     0
13     0     0
14     0     0
15     0     0
16     0     0
17     0     0
18     0     0
19     0     0
20     0     0
21     0     0
22     0     0
23     0     0
24     0     0
25     0     0
26     0     0
27     0     0
28     0     0
29     0     0
30     0     0
31     0     0
32     0     0
33     0     0
34     0     0
35     0     0
36     0     0
37     0     0
38     0     0
39     0     0
40     0     0
41     0     0
42     0     0
43     0     0
44     0     0
45     0     0
46     0     0
47     0     0
48     0     0
49     0     0
50     0     0
51     0     0
52     0     0
53     0     0
54     0     0
55     0     0
56     0     0
57     0     0
58     0     0
59     0     0

0     1     0
1     1     0.0
2     1     0.0
3     1     0.0
4     1     0.0
5     1     0.0
6     1     0.0
7     1     0.0
8     1     0.0
9     1     0.0
10     1     0.0
11     1     0.0
12     1     0.0
13     1     2.32830643654e-09
14     1     4.42378222942e-08
15     1     6.89178705215e-07
16     1     6.08153641224e-06
17     1     4.55230474472e-05
18     1     0.000250404700637
19     1     0.00119445845485
20     1     0.00462662428617
21     1     0.0158078409731
22     1     0.0462695397437
23     1     0.1214707084
24     1     0.283870184794
25     1     0.609398856759
26     1     1.2175150495
27     1     2.35516389832
28     1     4.63577173185
29     1     10
30     1     4.63577173185
31     1     2.35516389832
32     1     1.2175150495
33     1     0.609398856759
34     1     0.283870184794
35     1     0.1214707084
36     1     0.0462695397437
37     1     0.0158078409731
38     1     0.00462662428617
39     1     0.00119445845485
40     1     0.000250404700637
41     1     4.55230474472e-05
42     1     6.08153641224e-06
43     1     6.89178705215e-07
44     1     4.42378222942e-08
45     1     2.32830643654e-09
46     1     0.0
47     1     0.0
48     1     0.0
49     1     0.0
50     1     0.0
51     1     0.0
52     1     0.0
53     1     0.0
54     1     0.0
55     1     0.0
56     1     0.0
57     1     0.0
58     1     0.0
59     1     0

0     2     0
1     2     0.0
2     2     0.0
3     2     0.0
4     2     0.0
5     2     0.0
6     2     0.0
7     2     0.0
8     2     0.0
9     2     0.0
10     2     0.0
11     2     0.0
12     2     0.0
13     2     2.32830643654e-09
14     2     7.91624188423e-08
15     2     1.0640360415e-06
16     2     1.10454857349e-05
17     2     7.7597796917e-05
18     2     0.000458266586065
19     2     0.00211735256016
20     2     0.00848632305861
21     2     0.0284716673195
22     2     0.0845100730658
23     2     0.218675332144
24     2     0.509498212487
25     2     1.06806818396
26     2     2.06090150401
27     2     3.69687219616
28     2     6.26886264421
29     2     10
30     2     6.26886264421
31     2     3.69687219616
32     2     2.06090150401
33     2     1.06806818396
34     2     0.509498212487
35     2     0.218675332144
36     2     0.0845100730658
37     2     0.0284716673195
38     2     0.00848632305861
39     2     0.00211735256016
40     2     0.000458266586065
41     2     7.7597796917e-05
42     2     1.10454857349e-05
43     2     1.0640360415e-06
44     2     7.91624188423e-08
45     2     2.32830643654e-09
46     2     0.0
47     2     0.0
48     2     0.0
49     2     0.0
50     2     0.0
51     2     0.0
52     2     0.0
53     2     0.0
54     2     0.0
55     2     0.0
56     2     0.0
57     2     0.0
58     2     0.0
59     2     0

0     3     0
1     3     0.0
2     3     0.0
3     3     0.0
4     3     0.0
5     3     0.0
6     3     0.0
7     3     0.0
8     3     0.0
9     3     0.0
10     3     0.0
11     3     0.0
12     3     0.0
13     3     2.32830643654e-09
14     3     7.91624188423e-08
15     3     1.30850821733e-06
16     3     1.29523687065e-05
17     3     9.95397567749e-05
18     3     0.000571981072426
19     3     0.0027634575963
20     3     0.010898495093
21     3     0.0373553670943
22     3     0.10957303457
23     3     0.285086780787
24     3     0.65467743203
25     3     1.35619014502
26     3     2.54017151427
27     3     4.36156750657
28     3     6.8884979561
29     3     10
30     3     6.8884979561
31     3     4.36156750657
32     3     2.54017151427
33     3     1.35619014502
34     3     0.65467743203
35     3     0.285086780787
36     3     0.10957303457
37     3     0.0373553670943
38     3     0.010898495093
39     3     0.0027634575963
40     3     0.000571981072426
41     3     9.95397567749e-05
42     3     1.29523687065e-05
43     3     1.30850821733e-06
44     3     7.91624188423e-08
45     3     2.32830643654e-09
46     3     0.0
47     3     0.0
48     3     0.0
49     3     0.0
50     3     0.0
51     3     0.0
52     3     0.0
53     3     0.0
54     3     0.0
55     3     0.0
56     3     0.0
57     3     0.0
58     3     0.0
59     3     0

0     4     0
1     4     0.0
2     4     0.0
3     4     0.0
4     4     0.0
5     4     0.0
6     4     0.0
7     4     0.0
8     4     0.0
9     4     0.0
10     4     0.0
11     4     0.0
12     4     0.0
13     4     2.32830643654e-09
14     4     7.91624188423e-08
15     4     1.30850821733e-06
16     4     1.40117481351e-05
17     4     0.000106107909232
18     4     0.000638570636511
19     4     0.00305170193315
20     4     0.0123444013298
21     4     0.0419720448554
22     4     0.124528016895
23     4     0.321321729571
24     4     0.737644117326
25     4     1.50797067676
26     4     2.78466469608
27     4     4.66214637272
28     4     7.13400467299
29     4     10
30     4     7.13400467299
31     4     4.66214637272
32     4     2.78466469608
33     4     1.50797067676
34     4     0.737644117326
35     4     0.321321729571
36     4     0.124528016895
37     4     0.0419720448554
38     4     0.0123444013298
39     4     0.00305170193315
40     4     0.000638570636511
41     4     0.000106107909232
42     4     1.40117481351e-05
43     4     1.30850821733e-06
44     4     7.91624188423e-08
45     4     2.32830643654e-09
46     4     0.0
47     4     0.0
48     4     0.0
49     4     0.0
50     4     0.0
51     4     0.0
52     4     0.0
53     4     0.0
54     4     0.0
55     4     0.0
56     4     0.0
57     4     0.0
58     4     0.0
59     4     0

0     5     0
1     5     0.0
2     5     0.0
3     5     0.0
4     5     0.0
5     5     0.0
6     5     0.0
7     5     0.0
8     5     0.0
9     5     0.0
10     5     0.0
11     5     0.0
12     5     0.0
13     5     2.32830643654e-09
14     5     7.91624188423e-08
15     5     1.30850821733e-06
16     5     1.40117481351e-05
17     5     0.000109286047518
18     5     0.000654885079712
19     5     0.00319868326187
20     5     0.0128856208175
21     5     0.0443750061095
22     5     0.13111201115
23     5     0.339964367449
24     5     0.775936949067
25     5     1.58192222007
26     5     2.89281644858
27     5     4.79217787273
28     5     7.22878186032
29     5     10
30     5     7.22878186032
31     5     4.79217787273
32     5     2.89281644858
33     5     1.58192222007
34     5     0.775936949067
35     5     0.339964367449
36     5     0.13111201115
37     5     0.0443750061095
38     5     0.0128856208175
39     5     0.00319868326187
40     5     0.000654885079712
41     5     0.000109286047518
42     5     1.40117481351e-05
43     5     1.30850821733e-06
44     5     7.91624188423e-08
45     5     2.32830643654e-09
46     5     0.0
47     5     0.0
48     5     0.0
49     5     0.0
50     5     0.0
51     5     0.0
52     5     0.0
53     5     0.0
54     5     0.0
55     5     0.0
56     5     0.0
57     5     0.0
58     5     0.0
59     5     0

0     6     0
1     6     0.0
2     6     0.0
3     6     0.0
4     6     0.0
5     6     0.0
6     6     0.0
7     6     0.0
8     6     0.0
9     6     0.0
10     6     0.0
11     6     0.0
12     6     0.0
13     6     2.32830643654e-09
14     6     7.91624188423e-08
15     6     1.30850821733e-06
16     6     1.40117481351e-05
17     6     0.000109286047518
18     6     0.000661876983941
19     6     0.00322898151353
20     6     0.0131293386221
21     6     0.0451429374516
22     6     0.134126059711
23     6     0.347007415257
24     6     0.79316820018
25     6     1.61119990982
26     6     2.93875566684
27     6     4.8417605646
28     6     7.26531689055
29     6     10
30     6     7.26531689055
31     6     4.8417605646
32     6     2.93875566684
33     6     1.61119990982
34     6     0.79316820018
35     6     0.347007415257
36     6     0.134126059711
37     6     0.0451429374516
38     6     0.0131293386221
39     6     0.00322898151353
40     6     0.000661876983941
41     6     0.000109286047518
42     6     1.40117481351e-05
43     6     1.30850821733e-06
44     6     7.91624188423e-08
45     6     2.32830643654e-09
46     6     0.0
47     6     0.0
48     6     0.0
49     6     0.0
50     6     0.0
51     6     0.0
52     6     0.0
53     6     0.0
54     6     0.0
55     6     0.0
56     6     0.0
57     6     0.0
58     6     0.0
59     6     0

0     7     0
1     7     0.0
2     7     0.0
3     7     0.0
4     7     0.0
5     7     0.0
6     7     0.0
7     7     0.0
8     7     0.0
9     7     0.0
10     7     0.0
11     7     0.0
12     7     0.0
13     7     2.32830643654e-09
14     7     7.91624188423e-08
15     7     1.30850821733e-06
16     7     1.40117481351e-05
17     7     0.000109286047518
18     7     0.000661876983941
19     7     0.00324063468724
20     7     0.0131722888909
21     7     0.045451913029
22     7     0.134956943803
23     7     0.34987594001
24     7     0.798799861223
25     7     1.62288528867
26     7     2.95451838523
27     7     4.86055008136
28     7     7.27758583613
29     7     10
30     7     7.27758583613
31     7     4.86055008136
32     7     2.95451838523
33     7     1.62288528867
34     7     0.798799861223
35     7     0.34987594001
36     7     0.134956943803
37     7     0.045451913029
38     7     0.0131722888909
39     7     0.00324063468724
40     7     0.000661876983941
41     7     0.000109286047518
42     7     1.40117481351e-05
43     7     1.30850821733e-06
44     7     7.91624188423e-08
45     7     2.32830643654e-09
46     7     0.0
47     7     0.0
48     7     0.0
49     7     0.0
50     7     0.0
51     7     0.0
52     7     0.0
53     7     0.0
54     7     0.0
55     7     0.0
56     7     0.0
57     7     0.0
58     7     0.0
59     7     0

0     8     0
1     8     0.0
2     8     0.0
3     8     0.0
4     8     0.0
5     8     0.0
6     8     0.0
7     8     0.0
8     8     0.0
9     8     0.0
10     8     0.0
11     8     0.0
12     8     0.0
13     8     2.32830643654e-09
14     8     7.91624188423e-08
15     8     1.30850821733e-06
16     8     1.40117481351e-05
17     8     0.000109286047518
18     8     0.000661876983941
19     8     0.00324063468724
20     8     0.0131872715428
21     8     0.0454988586716
22     8     0.135258594528
23     8     0.350561300293
24     8     0.800861576572
25     8     1.62619967945
26     8     2.96017312445
27     8     4.8661620263
28     8     7.28182577528
29     8     10
30     8     7.28182577528
31     8     4.8661620263
32     8     2.96017312445
33     8     1.62619967945
34     8     0.800861576572
35     8     0.350561300293
36     8     0.135258594528
37     8     0.0454988586716
38     8     0.0131872715428
39     8     0.00324063468724
40     8     0.000661876983941
41     8     0.000109286047518
42     8     1.40117481351e-05
43     8     1.30850821733e-06
44     8     7.91624188423e-08
45     8     2.32830643654e-09
46     8     0.0
47     8     0.0
48     8     0.0
49     8     0.0
50     8     0.0
51     8     0.0
52     8     0.0
53     8     0.0
54     8     0.0
55     8     0.0
56     8     0.0
57     8     0.0
58     8     0.0
59     8     0

0     9     0
1     9     0.0
2     9     0.0
3     9     0.0
4     9     0.0
5     9     0.0
6     9     0.0
7     9     0.0
8     9     0.0
9     9     0.0
10     9     0.0
11     9     0.0
12     9     0.0
13     9     2.32830643654e-09
14     9     7.91624188423e-08
15     9     1.30850821733e-06
16     9     1.40117481351e-05
17     9     0.000109286047518
18     9     0.000661876983941
19     9     0.00324063468724
20     9     0.0131872715428
21     9     0.0455138413236
22     9     0.135298215318
23     9     0.350787704811
24     9     0.80128826201
25     9     1.62730035372
26     9     2.96156084165
27     9     4.86799384467
28     9     7.28292169981
29     9     10
30     9     7.28292169981
31     9     4.86799384467
32     9     2.96156084165
33     9     1.62730035372
34     9     0.80128826201
35     9     0.350787704811
36     9     0.135298215318
37     9     0.0455138413236
38     9     0.0131872715428
39     9     0.00324063468724
40     9     0.000661876983941
41     9     0.000109286047518
42     9     1.40117481351e-05
43     9     1.30850821733e-06
44     9     7.91624188423e-08
45     9     2.32830643654e-09
46     9     0.0
47     9     0.0
48     9     0.0
49     9     0.0
50     9     0.0
51     9     0.0
52     9     0.0
53     9     0.0
54     9     0.0
55     9     0.0
56     9     0.0
57     9     0.0
58     9     0.0
59     9     0

0     10     0
1     10     0.0
2     10     0.0
3     10     0.0
4     10     0.0
5     10     0.0
6     10     0.0
7     10     0.0
8     10     0.0
9     10     0.0
10     10     0.0
11     10     0.0
12     10     0.0
13     10     2.32830643654e-09
14     10     7.91624188423e-08
15     10     1.30850821733e-06
16     10     1.40117481351e-05
17     10     0.000109286047518
18     10     0.000661876983941
19     10     0.00324063468724
20     10     0.0131872715428
21     10     0.0455138413236
22     10     0.135309868492
23     10     0.350813341793
24     10     0.801417445764
25     10     1.62749634124
26     10     2.96198229305
27     10     4.86837813631
28     10     7.28325069882
29     10     10
30     10     7.28325069882
31     10     4.86837813631
32     10     2.96198229305
33     10     1.62749634124
34     10     0.801417445764
35     10     0.350813341793
36     10     0.135309868492
37     10     0.0455138413236
38     10     0.0131872715428
39     10     0.00324063468724
40     10     0.000661876983941
41     10     0.000109286047518
42     10     1.40117481351e-05
43     10     1.30850821733e-06
44     10     7.91624188423e-08
45     10     2.32830643654e-09
46     10     0.0
47     10     0.0
48     10     0.0
49     10     0.0
50     10     0.0
51     10     0.0
52     10     0.0
53     10     0.0
54     10     0.0
55     10     0.0
56     10     0.0
57     10     0.0
58     10     0.0
59     10     0

0     11     0
1     11     0.0
2     11     0.0
3     11     0.0
4     11     0.0
5     11     0.0
6     11     0.0
7     11     0.0
8     11     0.0
9     11     0.0
10     11     0.0
11     11     0.0
12     11     0.0
13     11     2.32830643654e-09
14     11     7.91624188423e-08
15     11     1.30850821733e-06
16     11     1.40117481351e-05
17     11     0.000109286047518
18     11     0.000661876983941
19     11     0.00324063468724
20     11     0.0131872715428
21     11     0.0455138413236
22     11     0.135309868492
23     11     0.350820333697
24     11     0.801429946441
25     11     1.62755106576
26     11     2.96204588376
27     11     4.86848563887
28     11     7.28330813348
29     11     10
30     11     7.28330813348
31     11     4.86848563887
32     11     2.96204588376
33     11     1.62755106576
34     11     0.801429946441
35     11     0.350820333697
36     11     0.135309868492
37     11     0.0455138413236
38     11     0.0131872715428
39     11     0.00324063468724
40     11     0.000661876983941
41     11     0.000109286047518
42     11     1.40117481351e-05
43     11     1.30850821733e-06
44     11     7.91624188423e-08
45     11     2.32830643654e-09
46     11     0.0
47     11     0.0
48     11     0.0
49     11     0.0
50     11     0.0
51     11     0.0
52     11     0.0
53     11     0.0
54     11     0.0
55     11     0.0
56     11     0.0
57     11     0.0
58     11     0.0
59     11     0

0     12     0
1     12     0.0
2     12     0.0
3     12     0.0
4     12     0.0
5     12     0.0
6     12     0.0
7     12     0.0
8     12     0.0
9     12     0.0
10     12     0.0
11     12     0.0
12     12     0.0
13     12     2.32830643654e-09
14     12     7.91624188423e-08
15     12     1.30850821733e-06
16     12     1.40117481351e-05
17     12     0.000109286047518
18     12     0.000661876983941
19     12     0.00324063468724
20     12     0.0131872715428
21     12     0.0455138413236
22     12     0.135309868492
23     12     0.350820333697
24     12     0.801433124579
25     12     1.62755551515
26     12     2.96206234954
27     12     4.86849899404
28     12     7.28332302533
29     12     10
30     12     7.28332302533
31     12     4.86849899404
32     12     2.96206234954
33     12     1.62755551515
34     12     0.801433124579
35     12     0.350820333697
36     12     0.135309868492
37     12     0.0455138413236
38     12     0.0131872715428
39     12     0.00324063468724
40     12     0.000661876983941
41     12     0.000109286047518
42     12     1.40117481351e-05
43     12     1.30850821733e-06
44     12     7.91624188423e-08
45     12     2.32830643654e-09
46     12     0.0
47     12     0.0
48     12     0.0
49     12     0.0
50     12     0.0
51     12     0.0
52     12     0.0
53     12     0.0
54     12     0.0
55     12     0.0
56     12     0.0
57     12     0.0
58     12     0.0
59     12     0

0     13     0
1     13     2.32830643654e-09
2     13     2.32830643654e-09
3     13     2.32830643654e-09
4     13     2.32830643654e-09
5     13     2.32830643654e-09
6     13     2.32830643654e-09
7     13     2.32830643654e-09
8     13     2.32830643654e-09
9     13     2.32830643654e-09
10     13     2.32830643654e-09
11     13     2.32830643654e-09
12     13     2.32830643654e-09
13     13     4.65661287308e-09
14     13     8.14907252789e-08
15     13     1.31083652377e-06
16     13     1.40140764415e-05
17     13     0.000109288375825
18     13     0.000661879312247
19     13     0.00324063701555
20     13     0.0131872738712
21     13     0.0455138436519
22     13     0.13530987082
23     13     0.350820336025
24     13     0.801433126908
25     13     1.62755657686
26     13     2.96206344385
27     13     4.86850221874
28     13     7.28332447121
29     13     10
30     13     7.28332447121
31     13     4.86850221874
32     13     2.96206344385
33     13     1.62755657686
34     13     0.801433126908
35     13     0.350820336025
36     13     0.13530987082
37     13     0.0455138436519
38     13     0.0131872738712
39     13     0.00324063701555
40     13     0.000661879312247
41     13     0.000109288375825
42     13     1.40140764415e-05
43     13     1.31083652377e-06
44     13     8.14907252789e-08
45     13     4.65661287308e-09
46     13     2.32830643654e-09
47     13     2.32830643654e-09
48     13     2.32830643654e-09
49     13     2.32830643654e-09
50     13     2.32830643654e-09
51     13     2.32830643654e-09
52     13     2.32830643654e-09
53     13     2.32830643654e-09
54     13     2.32830643654e-09
55     13     2.32830643654e-09
56     13     2.32830643654e-09
57     13     2.32830643654e-09
58     13     2.32830643654e-09
59     13     0

0     14     0
1     14     4.42378222942e-08
2     14     7.91624188423e-08
3     14     7.91624188423e-08
4     14     7.91624188423e-08
5     14     7.91624188423e-08
6     14     7.91624188423e-08
7     14     7.91624188423e-08
8     14     7.91624188423e-08
9     14     7.91624188423e-08
10     14     7.91624188423e-08
11     14     7.91624188423e-08
12     14     7.91624188423e-08
13     14     8.14907252789e-08
14     14     1.58324837685e-07
15     14     1.38767063618e-06
16     14     1.40909105539e-05
17     14     0.000109365209937
18     14     0.000661956146359
19     14     0.00324071384966
20     14     0.0131873507053
21     14     0.045513920486
22     14     0.135309947655
23     14     0.350820412859
24     14     0.801433203742
25     14     1.62755665369
26     14     2.96206376515
27     14     4.86850246089
28     14     7.28332483675
29     14     10
30     14     7.28332483675
31     14     4.86850246089
32     14     2.96206376515
33     14     1.62755665369
34     14     0.801433203742
35     14     0.350820412859
36     14     0.135309947655
37     14     0.045513920486
38     14     0.0131873507053
39     14     0.00324071384966
40     14     0.000661956146359
41     14     0.000109365209937
42     14     1.40909105539e-05
43     14     1.38767063618e-06
44     14     1.58324837685e-07
45     14     8.14907252789e-08
46     14     7.91624188423e-08
47     14     7.91624188423e-08
48     14     7.91624188423e-08
49     14     7.91624188423e-08
50     14     7.91624188423e-08
51     14     7.91624188423e-08
52     14     7.91624188423e-08
53     14     7.91624188423e-08
54     14     7.91624188423e-08
55     14     7.91624188423e-08
56     14     7.91624188423e-08
57     14     7.91624188423e-08
58     14     4.42378222942e-08
59     14     0

0     15     0
1     15     6.89178705215e-07
2     15     1.0640360415e-06
3     15     1.30850821733e-06
4     15     1.30850821733e-06
5     15     1.30850821733e-06
6     15     1.30850821733e-06
7     15     1.30850821733e-06
8     15     1.30850821733e-06
9     15     1.30850821733e-06
10     15     1.30850821733e-06
11     15     1.30850821733e-06
12     15     1.30850821733e-06
13     15     1.31083652377e-06
14     15     1.38767063618e-06
15     15     2.61701643467e-06
16     15     1.53202563524e-05
17     15     0.000110594555736
18     15     0.000663185492158
19     15     0.00324194319546
20     15     0.0131885800511
21     15     0.0455151498318
22     15     0.135311177
23     15     0.350821642205
24     15     0.801434433088
25     15     1.62755788304
26     15     2.9620649945
27     15     4.86850344576
28     15     7.28332548169
29     15     10
30     15     7.28332548169
31     15     4.86850344576
32     15     2.9620649945
33     15     1.62755788304
34     15     0.801434433088
35     15     0.350821642205
36     15     0.135311177
37     15     0.0455151498318
38     15     0.0131885800511
39     15     0.00324194319546
40     15     0.000663185492158
41     15     0.000110594555736
42     15     1.53202563524e-05
43     15     2.61701643467e-06
44     15     1.38767063618e-06
45     15     1.31083652377e-06
46     15     1.30850821733e-06
47     15     1.30850821733e-06
48     15     1.30850821733e-06
49     15     1.30850821733e-06
50     15     1.30850821733e-06
51     15     1.30850821733e-06
52     15     1.30850821733e-06
53     15     1.30850821733e-06
54     15     1.30850821733e-06
55     15     1.30850821733e-06
56     15     1.30850821733e-06
57     15     1.0640360415e-06
58     15     6.89178705215e-07
59     15     0

0     16     0
1     16     6.08153641224e-06
2     16     1.10454857349e-05
3     16     1.29523687065e-05
4     16     1.40117481351e-05
5     16     1.40117481351e-05
6     16     1.40117481351e-05
7     16     1.40117481351e-05
8     16     1.40117481351e-05
9     16     1.40117481351e-05
10     16     1.40117481351e-05
11     16     1.40117481351e-05
12     16     1.40117481351e-05
13     16     1.40140764415e-05
14     16     1.40909105539e-05
15     16     1.53202563524e-05
16     16     2.80234962702e-05
17     16     0.000123297795653
18     16     0.000675888732076
19     16     0.00325464643538
20     16     0.013201283291
21     16     0.0455278530717
22     16     0.13532388024
23     16     0.350834345445
24     16     0.801447136328
25     16     1.62757058628
26     16     2.96207639389
27     16     4.8685132619
28     16     7.28333055042
29     16     10
30     16     7.28333055042
31     16     4.8685132619
32     16     2.96207639389
33     16     1.62757058628
34     16     0.801447136328
35     16     0.350834345445
36     16     0.13532388024
37     16     0.0455278530717
38     16     0.013201283291
39     16     0.00325464643538
40     16     0.000675888732076
41     16     0.000123297795653
42     16     2.80234962702e-05
43     16     1.53202563524e-05
44     16     1.40909105539e-05
45     16     1.40140764415e-05
46     16     1.40117481351e-05
47     16     1.40117481351e-05
48     16     1.40117481351e-05
49     16     1.40117481351e-05
50     16     1.40117481351e-05
51     16     1.40117481351e-05
52     16     1.40117481351e-05
53     16     1.40117481351e-05
54     16     1.40117481351e-05
55     16     1.40117481351e-05
56     16     1.29523687065e-05
57     16     1.10454857349e-05
58     16     6.08153641224e-06
59     16     0

0     17     0
1     17     4.55230474472e-05
2     17     7.7597796917e-05
3     17     9.95397567749e-05
4     17     0.000106107909232
5     17     0.000109286047518
6     17     0.000109286047518
7     17     0.000109286047518
8     17     0.000109286047518
9     17     0.000109286047518
10     17     0.000109286047518
11     17     0.000109286047518
12     17     0.000109286047518
13     17     0.000109288375825
14     17     0.000109365209937
15     17     0.000110594555736
16     17     0.000123297795653
17     17     0.000218572095037
18     17     0.000771163031459
19     17     0.00334992073476
20     17     0.0132965575904
21     17     0.0456231273711
22     17     0.13541915454
23     17     0.350929619744
24     17     0.801542410627
25     17     1.62766162306
26     17     2.9621618893
27     17     4.86857659183
28     17     7.28336854838
29     17     10
30     17     7.28336854838
31     17     4.86857659183
32     17     2.9621618893
33     17     1.62766162306
34     17     0.801542410627
35     17     0.350929619744
36     17     0.13541915454
37     17     0.0456231273711
38     17     0.0132965575904
39     17     0.00334992073476
40     17     0.000771163031459
41     17     0.000218572095037
42     17     0.000123297795653
43     17     0.000110594555736
44     17     0.000109365209937
45     17     0.000109288375825
46     17     0.000109286047518
47     17     0.000109286047518
48     17     0.000109286047518
49     17     0.000109286047518
50     17     0.000109286047518
51     17     0.000109286047518
52     17     0.000109286047518
53     17     0.000109286047518
54     17     0.000109286047518
55     17     0.000106107909232
56     17     9.95397567749e-05
57     17     7.7597796917e-05
58     17     4.55230474472e-05
59     17     0

0     18     0
1     18     0.000250404700637
2     18     0.000458266586065
3     18     0.000571981072426
4     18     0.000638570636511
5     18     0.000654885079712
6     18     0.000661876983941
7     18     0.000661876983941
8     18     0.000661876983941
9     18     0.000661876983941
10     18     0.000661876983941
11     18     0.000661876983941
12     18     0.000661876983941
13     18     0.000661879312247
14     18     0.000661956146359
15     18     0.000663185492158
16     18     0.000675888732076
17     18     0.000771163031459
18     18     0.00132375396788
19     18     0.00390251167119
20     18     0.0138491485268
21     18     0.0461757183075
22     18     0.135971745476
23     18     0.351482210681
24     18     0.802084831521
25     18     1.62818963639
26     18     2.96261786483
27     18     4.86894390546
28     18     7.28355853818
29     18     10
30     18     7.28355853818
31     18     4.86894390546
32     18     2.96261786483
33     18     1.62818963639
34     18     0.802084831521
35     18     0.351482210681
36     18     0.135971745476
37     18     0.0461757183075
38     18     0.0138491485268
39     18     0.00390251167119
40     18     0.00132375396788
41     18     0.000771163031459
42     18     0.000675888732076
43     18     0.000663185492158
44     18     0.000661956146359
45     18     0.000661879312247
46     18     0.000661876983941
47     18     0.000661876983941
48     18     0.000661876983941
49     18     0.000661876983941
50     18     0.000661876983941
51     18     0.000661876983941
52     18     0.000661876983941
53     18     0.000661876983941
54     18     0.000654885079712
55     18     0.000638570636511
56     18     0.000571981072426
57     18     0.000458266586065
58     18     0.000250404700637
59     18     0

0     19     0
1     19     0.00119445845485
2     19     0.00211735256016
3     19     0.0027634575963
4     19     0.00305170193315
5     19     0.00319868326187
6     19     0.00322898151353
7     19     0.00324063468724
8     19     0.00324063468724
9     19     0.00324063468724
10     19     0.00324063468724
11     19     0.00324063468724
12     19     0.00324063468724
13     19     0.00324063701555
14     19     0.00324071384966
15     19     0.00324194319546
16     19     0.00325464643538
17     19     0.00334992073476
18     19     0.00390251167119
19     19     0.00648126937449
20     19     0.0164279062301
21     19     0.0487544760108
22     19     0.138550503179
23     19     0.354042323306
24     19     0.804616129026
25     19     1.63054804318
26     19     2.96474575065
27     19     4.87049548887
28     19     7.28444515727
29     19     10
30     19     7.28444515727
31     19     4.87049548887
32     19     2.96474575065
33     19     1.63054804318
34     19     0.804616129026
35     19     0.354042323306
36     19     0.138550503179
37     19     0.0487544760108
38     19     0.0164279062301
39     19     0.00648126937449
40     19     0.00390251167119
41     19     0.00334992073476
42     19     0.00325464643538
43     19     0.00324194319546
44     19     0.00324071384966
45     19     0.00324063701555
46     19     0.00324063468724
47     19     0.00324063468724
48     19     0.00324063468724
49     19     0.00324063468724
50     19     0.00324063468724
51     19     0.00324063468724
52     19     0.00324063468724
53     19     0.00322898151353
54     19     0.00319868326187
55     19     0.00305170193315
56     19     0.0027634575963
57     19     0.00211735256016
58     19     0.00119445845485
59     19     0

0     20     0
1     20     0.00462662428617
2     20     0.00848632305861
3     20     0.010898495093
4     20     0.0123444013298
5     20     0.0128856208175
6     20     0.0131293386221
7     20     0.0131722888909
8     20     0.0131872715428
9     20     0.0131872715428
10     20     0.0131872715428
11     20     0.0131872715428
12     20     0.0131872715428
13     20     0.0131872738712
14     20     0.0131873507053
15     20     0.0131885800511
16     20     0.013201283291
17     20     0.0132965575904
18     20     0.0138491485268
19     20     0.0164279062301
20     20     0.0263745430857
21     20     0.0587011128664
22     20     0.148470504209
23     20     0.363917043433
24     20     0.814173882827
25     20     1.63964475505
26     20     2.97245933674
27     20     4.87648016773
28     20     7.28754832409
29     20     10
30     20     7.28754832409
31     20     4.87648016773
32     20     2.97245933674
33     20     1.63964475505
34     20     0.814173882827
35     20     0.363917043433
36     20     0.148470504209
37     20     0.0587011128664
38     20     0.0263745430857
39     20     0.0164279062301
40     20     0.0138491485268
41     20     0.0132965575904
42     20     0.013201283291
43     20     0.0131885800511
44     20     0.0131873507053
45     20     0.0131872738712
46     20     0.0131872715428
47     20     0.0131872715428
48     20     0.0131872715428
49     20     0.0131872715428
50     20     0.0131872715428
51     20     0.0131872715428
52     20     0.0131722888909
53     20     0.0131293386221
54     20     0.0128856208175
55     20     0.0123444013298
56     20     0.010898495093
57     20     0.00848632305861
58     20     0.00462662428617
59     20     0

0     21     0
1     21     0.0158078409731
2     21     0.0284716673195
3     21     0.0373553670943
4     21     0.0419720448554
5     21     0.0443750061095
6     21     0.0451429374516
7     21     0.045451913029
8     21     0.0454988586716
9     21     0.0455138413236
10     21     0.0455138413236
11     21     0.0455138413236
12     21     0.0455138413236
13     21     0.0455138436519
14     21     0.045513920486
15     21     0.0455151498318
16     21     0.0455278530717
17     21     0.0456231273711
18     21     0.0461757183075
19     21     0.0487544760108
20     21     0.0587011128664
21     21     0.0909977173433
22     21     0.180710507557
23     21     0.395704237744
24     21     0.845236582682
25     21     1.6681717243
26     21     2.99752849154
27     21     4.89463369362
28     21     7.29763361625
29     21     10
30     21     7.29763361625
31     21     4.89463369362
32     21     2.99752849154
33     21     1.6681717243
34     21     0.845236582682
35     21     0.395704237744
36     21     0.180710507557
37     21     0.0909977173433
38     21     0.0587011128664
39     21     0.0487544760108
40     21     0.0461757183075
41     21     0.0456231273711
42     21     0.0455278530717
43     21     0.0455151498318
44     21     0.045513920486
45     21     0.0455138436519
46     21     0.0455138413236
47     21     0.0455138413236
48     21     0.0455138413236
49     21     0.0455138413236
50     21     0.0455138413236
51     21     0.0454988586716
52     21     0.045451913029
53     21     0.0451429374516
54     21     0.0443750061095
55     21     0.0419720448554
56     21     0.0373553670943
57     21     0.0284716673195
58     21     0.0158078409731
59     21     0

0     22     0
1     22     0.0462695397437
2     22     0.0845100730658
3     22     0.10957303457
4     22     0.124528016895
5     22     0.13111201115
6     22     0.134126059711
7     22     0.134956943803
8     22     0.135258594528
9     22     0.135298215318
10     22     0.135309868492
11     22     0.135309868492
12     22     0.135309868492
13     22     0.13530987082
14     22     0.135309947655
15     22     0.135311177
16     22     0.13532388024
17     22     0.13541915454
18     22     0.135971745476
19     22     0.138550503179
20     22     0.148470504209
21     22     0.180710507557
22     22     0.269913887605
23     22     0.484001999721
24     22     0.929911872372
25     22     1.74741330557
26     22     3.0640914198
27     22     4.94506015442
28     22     7.32385537587
29     22     10
30     22     7.32385537587
31     22     4.94506015442
32     22     3.0640914198
33     22     1.74741330557
34     22     0.929911872372
35     22     0.484001999721
36     22     0.269913887605
37     22     0.180710507557
38     22     0.148470504209
39     22     0.138550503179
40     22     0.135971745476
41     22     0.13541915454
42     22     0.13532388024
43     22     0.135311177
44     22     0.135309947655
45     22     0.13530987082
46     22     0.135309868492
47     22     0.135309868492
48     22     0.135309868492
49     22     0.135309868492
50     22     0.135298215318
51     22     0.135258594528
52     22     0.134956943803
53     22     0.134126059711
54     22     0.13111201115
55     22     0.124528016895
56     22     0.10957303457
57     22     0.0845100730658
58     22     0.0462695397437
59     22     0

0     23     0
1     23     0.1214707084
2     23     0.218675332144
3     23     0.285086780787
4     23     0.321321729571
5     23     0.339964367449
6     23     0.347007415257
7     23     0.34987594001
8     23     0.350561300293
9     23     0.350787704811
10     23     0.350813341793
11     23     0.350820333697
12     23     0.350820333697
13     23     0.350820336025
14     23     0.350820412859
15     23     0.350821642205
16     23     0.350834345445
17     23     0.350929619744
18     23     0.351482210681
19     23     0.354042323306
20     23     0.363917043433
21     23     0.395704237744
22     23     0.484001999721
23     23     0.694014830515
24     23     1.13313256763
25     23     1.93252163939
26     23     3.22384244762
27     23     5.06043589674
28     23     7.38678759895
29     23     10
30     23     7.38678759895
31     23     5.06043589674
32     23     3.22384244762
33     23     1.93252163939
34     23     1.13313256763
35     23     0.694014830515
36     23     0.484001999721
37     23     0.395704237744
38     23     0.363917043433
39     23     0.354042323306
40     23     0.351482210681
41     23     0.350929619744
42     23     0.350834345445
43     23     0.350821642205
44     23     0.350820412859
45     23     0.350820336025
46     23     0.350820333697
47     23     0.350820333697
48     23     0.350820333697
49     23     0.350813341793
50     23     0.350787704811
51     23     0.350561300293
52     23     0.34987594001
53     23     0.347007415257
54     23     0.339964367449
55     23     0.321321729571
56     23     0.285086780787
57     23     0.218675332144
58     23     0.1214707084
59     23     0

0     24     0
1     24     0.283870184794
2     24     0.509498212487
3     24     0.65467743203
4     24     0.737644117326
5     24     0.775936949067
6     24     0.79316820018
7     24     0.798799861223
8     24     0.800861576572
9     24     0.80128826201
10     24     0.801417445764
11     24     0.801429946441
12     24     0.801433124579
13     24     0.801433126908
14     24     0.801433203742
15     24     0.801434433088
16     24     0.801447136328
17     24     0.801542410627
18     24     0.802084831521
19     24     0.804616129026
20     24     0.814173882827
21     24     0.845236582682
22     24     0.929911872372
23     24     1.13313256763
24     24     1.55187389813
25     24     2.31956633739
26     24     3.54749388061
27     24     5.30167608522
28     24     7.51265204512
29     24     10
30     24     7.51265204512
31     24     5.30167608522
32     24     3.54749388061
33     24     2.31956633739
34     24     1.55187389813
35     24     1.13313256763
36     24     0.929911872372
37     24     0.845236582682
38     24     0.814173882827
39     24     0.804616129026
40     24     0.802084831521
41     24     0.801542410627
42     24     0.801447136328
43     24     0.801434433088
44     24     0.801433203742
45     24     0.801433126908
46     24     0.801433124579
47     24     0.801433124579
48     24     0.801429946441
49     24     0.801417445764
50     24     0.80128826201
51     24     0.800861576572
52     24     0.798799861223
53     24     0.79316820018
54     24     0.775936949067
55     24     0.737644117326
56     24     0.65467743203
57     24     0.509498212487
58     24     0.283870184794
59     24     0

0     25     0
1     25     0.609398856759
2     25     1.06806818396
3     25     1.35619014502
4     25     1.50797067676
5     25     1.58192222007
6     25     1.61119990982
7     25     1.62288528867
8     25     1.62619967945
9     25     1.62730035372
10     25     1.62749634124
11     25     1.62755106576
12     25     1.62755551515
13     25     1.62755657686
14     25     1.62755665369
15     25     1.62755788304
16     25     1.62757058628
17     25     1.62766162306
18     25     1.62818963639
19     25     1.63054804318
20     25     1.63964475505
21     25     1.6681717243
22     25     1.74741330557
23     25     1.93252163939
24     25     2.31956633739
25     25     3.01594135351
26     25     4.1408548411
27     25     5.73021455668
28     25     7.74340352975
29     25     10
30     25     7.74340352975
31     25     5.73021455668
32     25     4.1408548411
33     25     3.01594135351
34     25     2.31956633739
35     25     1.93252163939
36     25     1.74741330557
37     25     1.6681717243
38     25     1.63964475505
39     25     1.63054804318
40     25     1.62818963639
41     25     1.62766162306
42     25     1.62757058628
43     25     1.62755788304
44     25     1.62755665369
45     25     1.62755657686
46     25     1.62755657453
47     25     1.62755551515
48     25     1.62755106576
49     25     1.62749634124
50     25     1.62730035372
51     25     1.62619967945
52     25     1.62288528867
53     25     1.61119990982
54     25     1.58192222007
55     25     1.50797067676
56     25     1.35619014502
57     25     1.06806818396
58     25     0.609398856759
59     25     0

0     26     0
1     26     1.2175150495
2     26     2.06090150401
3     26     2.54017151427
4     26     2.78466469608
5     26     2.89281644858
6     26     2.93875566684
7     26     2.95451838523
8     26     2.96017312445
9     26     2.96156084165
10     26     2.96198229305
11     26     2.96204588376
12     26     2.96206234954
13     26     2.96206344385
14     26     2.96206376515
15     26     2.9620649945
16     26     2.96207639389
17     26     2.9621618893
18     26     2.96261786483
19     26     2.96474575065
20     26     2.97245933674
21     26     2.99752849154
22     26     3.0640914198
23     26     3.22384244762
24     26     3.54749388061
25     26     4.1408548411
26     26     5.08034302853
27     26     6.42246901058
28     26     8.1060130056
29     26     10
30     26     8.1060130056
31     26     6.42246901058
32     26     5.08034302853
33     26     4.1408548411
34     26     3.54749388061
35     26     3.22384244762
36     26     3.0640914198
37     26     2.99752849154
38     26     2.97245933674
39     26     2.96474575065
40     26     2.96261786483
41     26     2.9621618893
42     26     2.96207639389
43     26     2.9620649945
44     26     2.96206376515
45     26     2.96206368832
46     26     2.96206344152
47     26     2.96206234954
48     26     2.96204588376
49     26     2.96198229305
50     26     2.96156084165
51     26     2.96017312445
52     26     2.95451838523
53     26     2.93875566684
54     26     2.89281644858
55     26     2.78466469608
56     26     2.54017151427
57     26     2.06090150401
58     26     1.2175150495
59     26     0

0     27     0
1     27     2.35516389832
2     27     3.69687219616
3     27     4.36156750657
4     27     4.66214637272
5     27     4.79217787273
6     27     4.8417605646
7     27     4.86055008136
8     27     4.8661620263
9     27     4.86799384467
10     27     4.86837813631
11     27     4.86848563887
12     27     4.86849899404
13     27     4.86850221874
14     27     4.86850246089
15     27     4.86850344576
16     27     4.8685132619
17     27     4.86857659183
18     27     4.86894390546
19     27     4.87049548887
20     27     4.87648016773
21     27     4.89463369362
22     27     4.94506015442
23     27     5.06043589674
24     27     5.30167608522
25     27     5.73021455668
26     27     6.42246901058
27     27     7.39374439232
28     27     8.62402654253
29     27     10
30     27     8.62402654253
31     27     7.39374439232
32     27     6.42246901058
33     27     5.73021455668
34     27     5.30167608522
35     27     5.06043589674
36     27     4.94506015442
37     27     4.89463369362
38     27     4.87648016773
39     27     4.87049548887
40     27     4.86894390546
41     27     4.86857659183
42     27     4.8685132619
43     27     4.86850344576
44     27     4.86850249581
45     27     4.86850238405
46     27     4.86850221641
47     27     4.86849899404
48     27     4.86848563887
49     27     4.86837813631
50     27     4.86799384467
51     27     4.8661620263
52     27     4.86055008136
53     27     4.8417605646
54     27     4.79217787273
55     27     4.66214637272
56     27     4.36156750657
57     27     3.69687219616
58     27     2.35516389832
59     27     0

0     28     0
1     28     4.63577173185
2     28     6.26886264421
3     28     6.8884979561
4     28     7.13400467299
5     28     7.22878186032
6     28     7.26531689055
7     28     7.27758583613
8     28     7.28182577528
9     28     7.28292169981
10     28     7.28325069882
11     28     7.28330813348
12     28     7.28332302533
13     28     7.28332447121
14     28     7.28332483675
15     28     7.28332548169
16     28     7.28333055042
17     28     7.28336854838
18     28     7.28355853818
19     28     7.28444515727
20     28     7.28754832409
21     28     7.29763361625
22     28     7.32385537587
23     28     7.38678759895
24     28     7.51265204512
25     28     7.74340352975
26     28     8.1060130056
27     28     8.62402654253
28     28     9.27154346369
29     28     10
30     28     9.27154346369
31     28     8.62402654253
32     28     8.1060130056
33     28     7.74340352975
34     28     7.51265204512
35     28     7.38678759895
36     28     7.32385537587
37     28     7.29763361625
38     28     7.28754832409
39     28     7.28444515727
40     28     7.28355853818
41     28     7.28336854838
42     28     7.28333055042
43     28     7.28332548402
44     28     7.28332484839
45     28     7.28332479717
46     28     7.28332446888
47     28     7.28332302533
48     28     7.28330813348
49     28     7.28325069882
50     28     7.28292169981
51     28     7.28182577528
52     28     7.27758583613
53     28     7.26531689055
54     28     7.22878186032
55     28     7.13400467299
56     28     6.8884979561
57     28     6.26886264421
58     28     4.63577173185
59     28     0

0     29     0
1     29     10
2     29     10
3     29     10
4     29     10
5     29     10
6     29     10
7     29     10
8     29     10
9     29     10
10     29     10
11     29     10
12     29     10
13     29     10
14     29     10
15     29     10
16     29     10
17     29     10
18     29     10
19     29     10
20     29     10
21     29     10
22     29     10
23     29     10
24     29     10
25     29     10
26     29     10
27     29     10
28     29     10
29     29     10
30     29     10
31     29     10
32     29     10
33     29     10
34     29     10
35     29     10
36     29     10
37     29     10
38     29     10
39     29     10
40     29     10
41     29     10
42     29     10
43     29     10
44     29     10
45     29     10
46     29     10
47     29     10
48     29     10
49     29     10
50     29     10
51     29     10
52     29     10
53     29     10
54     29     10
55     29     10
56     29     10
57     29     10
58     29     10
59     29     0

0     30     0
1     30     4.63577173185
2     30     6.26886264421
3     30     6.8884979561
4     30     7.13400467299
5     30     7.22878186032
6     30     7.26531689055
7     30     7.27758583613
8     30     7.28182577528
9     30     7.28292169981
10     30     7.28325069882
11     30     7.28330813348
12     30     7.28332302533
13     30     7.28332447121
14     30     7.28332483675
15     30     7.28332548169
16     30     7.28333055042
17     30     7.28336854838
18     30     7.28355853818
19     30     7.28444515727
20     30     7.28754832409
21     30     7.29763361625
22     30     7.32385537587
23     30     7.38678759895
24     30     7.51265204512
25     30     7.74340352975
26     30     8.1060130056
27     30     8.62402654253
28     30     9.27154346369
29     30     10
30     30     9.27154346369
31     30     8.62402654253
32     30     8.1060130056
33     30     7.74340352975
34     30     7.51265204512
35     30     7.38678759895
36     30     7.32385537587
37     30     7.29763361625
38     30     7.28754832409
39     30     7.28444515727
40     30     7.28355853818
41     30     7.28336854838
42     30     7.28333055042
43     30     7.28332548402
44     30     7.28332484839
45     30     7.28332479717
46     30     7.28332446888
47     30     7.28332302533
48     30     7.28330813348
49     30     7.28325069882
50     30     7.28292169981
51     30     7.28182577528
52     30     7.27758583613
53     30     7.26531689055
54     30     7.22878186032
55     30     7.13400467299
56     30     6.8884979561
57     30     6.26886264421
58     30     4.63577173185
59     30     0

0     31     0
1     31     2.35516389832
2     31     3.69687219616
3     31     4.36156750657
4     31     4.66214637272
5     31     4.79217787273
6     31     4.8417605646
7     31     4.86055008136
8     31     4.8661620263
9     31     4.86799384467
10     31     4.86837813631
11     31     4.86848563887
12     31     4.86849899404
13     31     4.86850221874
14     31     4.86850246089
15     31     4.86850344576
16     31     4.8685132619
17     31     4.86857659183
18     31     4.86894390546
19     31     4.87049548887
20     31     4.87648016773
21     31     4.89463369362
22     31     4.94506015442
23     31     5.06043589674
24     31     5.30167608522
25     31     5.73021455668
26     31     6.42246901058
27     31     7.39374439232
28     31     8.62402654253
29     31     10
30     31     8.62402654253
31     31     7.39374439232
32     31     6.42246901058
33     31     5.73021455668
34     31     5.30167608522
35     31     5.06043589674
36     31     4.94506015442
37     31     4.89463369362
38     31     4.87648016773
39     31     4.87049548887
40     31     4.86894390546
41     31     4.86857659183
42     31     4.8685132619
43     31     4.86850344576
44     31     4.86850249581
45     31     4.86850238405
46     31     4.86850221641
47     31     4.86849899404
48     31     4.86848563887
49     31     4.86837813631
50     31     4.86799384467
51     31     4.8661620263
52     31     4.86055008136
53     31     4.8417605646
54     31     4.79217787273
55     31     4.66214637272
56     31     4.36156750657
57     31     3.69687219616
58     31     2.35516389832
59     31     0

0     32     0
1     32     1.2175150495
2     32     2.06090150401
3     32     2.54017151427
4     32     2.78466469608
5     32     2.89281644858
6     32     2.93875566684
7     32     2.95451838523
8     32     2.96017312445
9     32     2.96156084165
10     32     2.96198229305
11     32     2.96204588376
12     32     2.96206234954
13     32     2.96206344385
14     32     2.96206376515
15     32     2.9620649945
16     32     2.96207639389
17     32     2.9621618893
18     32     2.96261786483
19     32     2.96474575065
20     32     2.97245933674
21     32     2.99752849154
22     32     3.0640914198
23     32     3.22384244762
24     32     3.54749388061
25     32     4.1408548411
26     32     5.08034302853
27     32     6.42246901058
28     32     8.1060130056
29     32     10
30     32     8.1060130056
31     32     6.42246901058
32     32     5.08034302853
33     32     4.1408548411
34     32     3.54749388061
35     32     3.22384244762
36     32     3.0640914198
37     32     2.99752849154
38     32     2.97245933674
39     32     2.96474575065
40     32     2.96261786483
41     32     2.9621618893
42     32     2.96207639389
43     32     2.9620649945
44     32     2.96206376515
45     32     2.96206368832
46     32     2.96206344152
47     32     2.96206234954
48     32     2.96204588376
49     32     2.96198229305
50     32     2.96156084165
51     32     2.96017312445
52     32     2.95451838523
53     32     2.93875566684
54     32     2.89281644858
55     32     2.78466469608
56     32     2.54017151427
57     32     2.06090150401
58     32     1.2175150495
59     32     0

0     33     0
1     33     0.609398856759
2     33     1.06806818396
3     33     1.35619014502
4     33     1.50797067676
5     33     1.58192222007
6     33     1.61119990982
7     33     1.62288528867
8     33     1.62619967945
9     33     1.62730035372
10     33     1.62749634124
11     33     1.62755106576
12     33     1.62755551515
13     33     1.62755657686
14     33     1.62755665369
15     33     1.62755788304
16     33     1.62757058628
17     33     1.62766162306
18     33     1.62818963639
19     33     1.63054804318
20     33     1.63964475505
21     33     1.6681717243
22     33     1.74741330557
23     33     1.93252163939
24     33     2.31956633739
25     33     3.01594135351
26     33     4.1408548411
27     33     5.73021455668
28     33     7.74340352975
29     33     10
30     33     7.74340352975
31     33     5.73021455668
32     33     4.1408548411
33     33     3.01594135351
34     33     2.31956633739
35     33     1.93252163939
36     33     1.74741330557
37     33     1.6681717243
38     33     1.63964475505
39     33     1.63054804318
40     33     1.62818963639
41     33     1.62766162306
42     33     1.62757058628
43     33     1.62755788304
44     33     1.62755665369
45     33     1.62755657686
46     33     1.62755657453
47     33     1.62755551515
48     33     1.62755106576
49     33     1.62749634124
50     33     1.62730035372
51     33     1.62619967945
52     33     1.62288528867
53     33     1.61119990982
54     33     1.58192222007
55     33     1.50797067676
56     33     1.35619014502
57     33     1.06806818396
58     33     0.609398856759
59     33     0

0     34     0
1     34     0.283870184794
2     34     0.509498212487
3     34     0.65467743203
4     34     0.737644117326
5     34     0.775936949067
6     34     0.79316820018
7     34     0.798799861223
8     34     0.800861576572
9     34     0.80128826201
10     34     0.801417445764
11     34     0.801429946441
12     34     0.801433124579
13     34     0.801433126908
14     34     0.801433203742
15     34     0.801434433088
16     34     0.801447136328
17     34     0.801542410627
18     34     0.802084831521
19     34     0.804616129026
20     34     0.814173882827
21     34     0.845236582682
22     34     0.929911872372
23     34     1.13313256763
24     34     1.55187389813
25     34     2.31956633739
26     34     3.54749388061
27     34     5.30167608522
28     34     7.51265204512
29     34     10
30     34     7.51265204512
31     34     5.30167608522
32     34     3.54749388061
33     34     2.31956633739
34     34     1.55187389813
35     34     1.13313256763
36     34     0.929911872372
37     34     0.845236582682
38     34     0.814173882827
39     34     0.804616129026
40     34     0.802084831521
41     34     0.801542410627
42     34     0.801447136328
43     34     0.801434433088
44     34     0.801433203742
45     34     0.801433126908
46     34     0.801433124579
47     34     0.801433124579
48     34     0.801429946441
49     34     0.801417445764
50     34     0.80128826201
51     34     0.800861576572
52     34     0.798799861223
53     34     0.79316820018
54     34     0.775936949067
55     34     0.737644117326
56     34     0.65467743203
57     34     0.509498212487
58     34     0.283870184794
59     34     0

0     35     0
1     35     0.1214707084
2     35     0.218675332144
3     35     0.285086780787
4     35     0.321321729571
5     35     0.339964367449
6     35     0.347007415257
7     35     0.34987594001
8     35     0.350561300293
9     35     0.350787704811
10     35     0.350813341793
11     35     0.350820333697
12     35     0.350820333697
13     35     0.350820336025
14     35     0.350820412859
15     35     0.350821642205
16     35     0.350834345445
17     35     0.350929619744
18     35     0.351482210681
19     35     0.354042323306
20     35     0.363917043433
21     35     0.395704237744
22     35     0.484001999721
23     35     0.694014830515
24     35     1.13313256763
25     35     1.93252163939
26     35     3.22384244762
27     35     5.06043589674
28     35     7.38678759895
29     35     10
30     35     7.38678759895
31     35     5.06043589674
32     35     3.22384244762
33     35     1.93252163939
34     35     1.13313256763
35     35     0.694014830515
36     35     0.484001999721
37     35     0.395704237744
38     35     0.363917043433
39     35     0.354042323306
40     35     0.351482210681
41     35     0.350929619744
42     35     0.350834345445
43     35     0.350821642205
44     35     0.350820412859
45     35     0.350820336025
46     35     0.350820333697
47     35     0.350820333697
48     35     0.350820333697
49     35     0.350813341793
50     35     0.350787704811
51     35     0.350561300293
52     35     0.34987594001
53     35     0.347007415257
54     35     0.339964367449
55     35     0.321321729571
56     35     0.285086780787
57     35     0.218675332144
58     35     0.1214707084
59     35     0

0     36     0
1     36     0.0462695397437
2     36     0.0845100730658
3     36     0.10957303457
4     36     0.124528016895
5     36     0.13111201115
6     36     0.134126059711
7     36     0.134956943803
8     36     0.135258594528
9     36     0.135298215318
10     36     0.135309868492
11     36     0.135309868492
12     36     0.135309868492
13     36     0.13530987082
14     36     0.135309947655
15     36     0.135311177
16     36     0.13532388024
17     36     0.13541915454
18     36     0.135971745476
19     36     0.138550503179
20     36     0.148470504209
21     36     0.180710507557
22     36     0.269913887605
23     36     0.484001999721
24     36     0.929911872372
25     36     1.74741330557
26     36     3.0640914198
27     36     4.94506015442
28     36     7.32385537587
29     36     10
30     36     7.32385537587
31     36     4.94506015442
32     36     3.0640914198
33     36     1.74741330557
34     36     0.929911872372
35     36     0.484001999721
36     36     0.269913887605
37     36     0.180710507557
38     36     0.148470504209
39     36     0.138550503179
40     36     0.135971745476
41     36     0.13541915454
42     36     0.13532388024
43     36     0.135311177
44     36     0.135309947655
45     36     0.13530987082
46     36     0.135309868492
47     36     0.135309868492
48     36     0.135309868492
49     36     0.135309868492
50     36     0.135298215318
51     36     0.135258594528
52     36     0.134956943803
53     36     0.134126059711
54     36     0.13111201115
55     36     0.124528016895
56     36     0.10957303457
57     36     0.0845100730658
58     36     0.0462695397437
59     36     0

0     37     0
1     37     0.0158078409731
2     37     0.0284716673195
3     37     0.0373553670943
4     37     0.0419720448554
5     37     0.0443750061095
6     37     0.0451429374516
7     37     0.045451913029
8     37     0.0454988586716
9     37     0.0455138413236
10     37     0.0455138413236
11     37     0.0455138413236
12     37     0.0455138413236
13     37     0.0455138436519
14     37     0.045513920486
15     37     0.0455151498318
16     37     0.0455278530717
17     37     0.0456231273711
18     37     0.0461757183075
19     37     0.0487544760108
20     37     0.0587011128664
21     37     0.0909977173433
22     37     0.180710507557
23     37     0.395704237744
24     37     0.845236582682
25     37     1.6681717243
26     37     2.99752849154
27     37     4.89463369362
28     37     7.29763361625
29     37     10
30     37     7.29763361625
31     37     4.89463369362
32     37     2.99752849154
33     37     1.6681717243
34     37     0.845236582682
35     37     0.395704237744
36     37     0.180710507557
37     37     0.0909977173433
38     37     0.0587011128664
39     37     0.0487544760108
40     37     0.0461757183075
41     37     0.0456231273711
42     37     0.0455278530717
43     37     0.0455151498318
44     37     0.045513920486
45     37     0.0455138436519
46     37     0.0455138413236
47     37     0.0455138413236
48     37     0.0455138413236
49     37     0.0455138413236
50     37     0.0455138413236
51     37     0.0454988586716
52     37     0.045451913029
53     37     0.0451429374516
54     37     0.0443750061095
55     37     0.0419720448554
56     37     0.0373553670943
57     37     0.0284716673195
58     37     0.0158078409731
59     37     0

0     38     0
1     38     0.00462662428617
2     38     0.00848632305861
3     38     0.010898495093
4     38     0.0123444013298
5     38     0.0128856208175
6     38     0.0131293386221
7     38     0.0131722888909
8     38     0.0131872715428
9     38     0.0131872715428
10     38     0.0131872715428
11     38     0.0131872715428
12     38     0.0131872715428
13     38     0.0131872738712
14     38     0.0131873507053
15     38     0.0131885800511
16     38     0.013201283291
17     38     0.0132965575904
18     38     0.0138491485268
19     38     0.0164279062301
20     38     0.0263745430857
21     38     0.0587011128664
22     38     0.148470504209
23     38     0.363917043433
24     38     0.814173882827
25     38     1.63964475505
26     38     2.97245933674
27     38     4.87648016773
28     38     7.28754832409
29     38     10
30     38     7.28754832409
31     38     4.87648016773
32     38     2.97245933674
33     38     1.63964475505
34     38     0.814173882827
35     38     0.363917043433
36     38     0.148470504209
37     38     0.0587011128664
38     38     0.0263745430857
39     38     0.0164279062301
40     38     0.0138491485268
41     38     0.0132965575904
42     38     0.013201283291
43     38     0.0131885800511
44     38     0.0131873507053
45     38     0.0131872738712
46     38     0.0131872715428
47     38     0.0131872715428
48     38     0.0131872715428
49     38     0.0131872715428
50     38     0.0131872715428
51     38     0.0131872715428
52     38     0.0131722888909
53     38     0.0131293386221
54     38     0.0128856208175
55     38     0.0123444013298
56     38     0.010898495093
57     38     0.00848632305861
58     38     0.00462662428617
59     38     0

0     39     0
1     39     0.00119445845485
2     39     0.00211735256016
3     39     0.0027634575963
4     39     0.00305170193315
5     39     0.00319868326187
6     39     0.00322898151353
7     39     0.00324063468724
8     39     0.00324063468724
9     39     0.00324063468724
10     39     0.00324063468724
11     39     0.00324063468724
12     39     0.00324063468724
13     39     0.00324063701555
14     39     0.00324071384966
15     39     0.00324194319546
16     39     0.00325464643538
17     39     0.00334992073476
18     39     0.00390251167119
19     39     0.00648126937449
20     39     0.0164279062301
21     39     0.0487544760108
22     39     0.138550503179
23     39     0.354042323306
24     39     0.804616129026
25     39     1.63054804318
26     39     2.96474575065
27     39     4.87049548887
28     39     7.28444515727
29     39     10
30     39     7.28444515727
31     39     4.87049548887
32     39     2.96474575065
33     39     1.63054804318
34     39     0.804616129026
35     39     0.354042323306
36     39     0.138550503179
37     39     0.0487544760108
38     39     0.0164279062301
39     39     0.00648126937449
40     39     0.00390251167119
41     39     0.00334992073476
42     39     0.00325464643538
43     39     0.00324194319546
44     39     0.00324071384966
45     39     0.00324063701555
46     39     0.00324063468724
47     39     0.00324063468724
48     39     0.00324063468724
49     39     0.00324063468724
50     39     0.00324063468724
51     39     0.00324063468724
52     39     0.00324063468724
53     39     0.00322898151353
54     39     0.00319868326187
55     39     0.00305170193315
56     39     0.0027634575963
57     39     0.00211735256016
58     39     0.00119445845485
59     39     0

0     40     0
1     40     0.000250404700637
2     40     0.000458266586065
3     40     0.000571981072426
4     40     0.000638570636511
5     40     0.000654885079712
6     40     0.000661876983941
7     40     0.000661876983941
8     40     0.000661876983941
9     40     0.000661876983941
10     40     0.000661876983941
11     40     0.000661876983941
12     40     0.000661876983941
13     40     0.000661879312247
14     40     0.000661956146359
15     40     0.000663185492158
16     40     0.000675888732076
17     40     0.000771163031459
18     40     0.00132375396788
19     40     0.00390251167119
20     40     0.0138491485268
21     40     0.0461757183075
22     40     0.135971745476
23     40     0.351482210681
24     40     0.802084831521
25     40     1.62818963639
26     40     2.96261786483
27     40     4.86894390546
28     40     7.28355853818
29     40     10
30     40     7.28355853818
31     40     4.86894390546
32     40     2.96261786483
33     40     1.62818963639
34     40     0.802084831521
35     40     0.351482210681
36     40     0.135971745476
37     40     0.0461757183075
38     40     0.0138491485268
39     40     0.00390251167119
40     40     0.00132375396788
41     40     0.000771163031459
42     40     0.000675888732076
43     40     0.000663185492158
44     40     0.000661956146359
45     40     0.000661879312247
46     40     0.000661876983941
47     40     0.000661876983941
48     40     0.000661876983941
49     40     0.000661876983941
50     40     0.000661876983941
51     40     0.000661876983941
52     40     0.000661876983941
53     40     0.000661876983941
54     40     0.000654885079712
55     40     0.000638570636511
56     40     0.000571981072426
57     40     0.000458266586065
58     40     0.000250404700637
59     40     0

0     41     0
1     41     4.55230474472e-05
2     41     7.7597796917e-05
3     41     9.95397567749e-05
4     41     0.000106107909232
5     41     0.000109286047518
6     41     0.000109286047518
7     41     0.000109286047518
8     41     0.000109286047518
9     41     0.000109286047518
10     41     0.000109286047518
11     41     0.000109286047518
12     41     0.000109286047518
13     41     0.000109288375825
14     41     0.000109365209937
15     41     0.000110594555736
16     41     0.000123297795653
17     41     0.000218572095037
18     41     0.000771163031459
19     41     0.00334992073476
20     41     0.0132965575904
21     41     0.0456231273711
22     41     0.13541915454
23     41     0.350929619744
24     41     0.801542410627
25     41     1.62766162306
26     41     2.9621618893
27     41     4.86857659183
28     41     7.28336854838
29     41     10
30     41     7.28336854838
31     41     4.86857659183
32     41     2.9621618893
33     41     1.62766162306
34     41     0.801542410627
35     41     0.350929619744
36     41     0.13541915454
37     41     0.0456231273711
38     41     0.0132965575904
39     41     0.00334992073476
40     41     0.000771163031459
41     41     0.000218572095037
42     41     0.000123297795653
43     41     0.000110594555736
44     41     0.000109365209937
45     41     0.000109288375825
46     41     0.000109286047518
47     41     0.000109286047518
48     41     0.000109286047518
49     41     0.000109286047518
50     41     0.000109286047518
51     41     0.000109286047518
52     41     0.000109286047518
53     41     0.000109286047518
54     41     0.000109286047518
55     41     0.000106107909232
56     41     9.95397567749e-05
57     41     7.7597796917e-05
58     41     4.55230474472e-05
59     41     0

0     42     0
1     42     6.08153641224e-06
2     42     1.10454857349e-05
3     42     1.29523687065e-05
4     42     1.40117481351e-05
5     42     1.40117481351e-05
6     42     1.40117481351e-05
7     42     1.40117481351e-05
8     42     1.40117481351e-05
9     42     1.40117481351e-05
10     42     1.40117481351e-05
11     42     1.40117481351e-05
12     42     1.40117481351e-05
13     42     1.40140764415e-05
14     42     1.40909105539e-05
15     42     1.53202563524e-05
16     42     2.80234962702e-05
17     42     0.000123297795653
18     42     0.000675888732076
19     42     0.00325464643538
20     42     0.013201283291
21     42     0.0455278530717
22     42     0.13532388024
23     42     0.350834345445
24     42     0.801447136328
25     42     1.62757058628
26     42     2.96207639389
27     42     4.8685132619
28     42     7.28333055042
29     42     10
30     42     7.28333055042
31     42     4.8685132619
32     42     2.96207639389
33     42     1.62757058628
34     42     0.801447136328
35     42     0.350834345445
36     42     0.13532388024
37     42     0.0455278530717
38     42     0.013201283291
39     42     0.00325464643538
40     42     0.000675888732076
41     42     0.000123297795653
42     42     2.80234962702e-05
43     42     1.53202563524e-05
44     42     1.40909105539e-05
45     42     1.40140764415e-05
46     42     1.40117481351e-05
47     42     1.40117481351e-05
48     42     1.40117481351e-05
49     42     1.40117481351e-05
50     42     1.40117481351e-05
51     42     1.40117481351e-05
52     42     1.40117481351e-05
53     42     1.40117481351e-05
54     42     1.40117481351e-05
55     42     1.40117481351e-05
56     42     1.29523687065e-05
57     42     1.10454857349e-05
58     42     6.08153641224e-06
59     42     0

0     43     0
1     43     6.89178705215e-07
2     43     1.0640360415e-06
3     43     1.30850821733e-06
4     43     1.30850821733e-06
5     43     1.30850821733e-06
6     43     1.30850821733e-06
7     43     1.30850821733e-06
8     43     1.30850821733e-06
9     43     1.30850821733e-06
10     43     1.30850821733e-06
11     43     1.30850821733e-06
12     43     1.30850821733e-06
13     43     1.31083652377e-06
14     43     1.38767063618e-06
15     43     2.61701643467e-06
16     43     1.53202563524e-05
17     43     0.000110594555736
18     43     0.000663185492158
19     43     0.00324194319546
20     43     0.0131885800511
21     43     0.0455151498318
22     43     0.135311177
23     43     0.350821642205
24     43     0.801434433088
25     43     1.62755788304
26     43     2.9620649945
27     43     4.86850344576
28     43     7.28332548402
29     43     10
30     43     7.28332548402
31     43     4.86850344576
32     43     2.9620649945
33     43     1.62755788304
34     43     0.801434433088
35     43     0.350821642205
36     43     0.135311177
37     43     0.0455151498318
38     43     0.0131885800511
39     43     0.00324194319546
40     43     0.000663185492158
41     43     0.000110594555736
42     43     1.53202563524e-05
43     43     2.61701643467e-06
44     43     1.38767063618e-06
45     43     1.31083652377e-06
46     43     1.30850821733e-06
47     43     1.30850821733e-06
48     43     1.30850821733e-06
49     43     1.30850821733e-06
50     43     1.30850821733e-06
51     43     1.30850821733e-06
52     43     1.30850821733e-06
53     43     1.30850821733e-06
54     43     1.30850821733e-06
55     43     1.30850821733e-06
56     43     1.30850821733e-06
57     43     1.0640360415e-06
58     43     6.89178705215e-07
59     43     0

0     44     0
1     44     4.42378222942e-08
2     44     7.91624188423e-08
3     44     7.91624188423e-08
4     44     7.91624188423e-08
5     44     7.91624188423e-08
6     44     7.91624188423e-08
7     44     7.91624188423e-08
8     44     7.91624188423e-08
9     44     7.91624188423e-08
10     44     7.91624188423e-08
11     44     7.91624188423e-08
12     44     7.91624188423e-08
13     44     8.14907252789e-08
14     44     1.58324837685e-07
15     44     1.38767063618e-06
16     44     1.40909105539e-05
17     44     0.000109365209937
18     44     0.000661956146359
19     44     0.00324071384966
20     44     0.0131873507053
21     44     0.045513920486
22     44     0.135309947655
23     44     0.350820412859
24     44     0.801433203742
25     44     1.62755665369
26     44     2.96206376515
27     44     4.86850249581
28     44     7.28332484839
29     44     10
30     44     7.28332484839
31     44     4.86850249581
32     44     2.96206376515
33     44     1.62755665369
34     44     0.801433203742
35     44     0.350820412859
36     44     0.135309947655
37     44     0.045513920486
38     44     0.0131873507053
39     44     0.00324071384966
40     44     0.000661956146359
41     44     0.000109365209937
42     44     1.40909105539e-05
43     44     1.38767063618e-06
44     44     1.58324837685e-07
45     44     8.14907252789e-08
46     44     7.91624188423e-08
47     44     7.91624188423e-08
48     44     7.91624188423e-08
49     44     7.91624188423e-08
50     44     7.91624188423e-08
51     44     7.91624188423e-08
52     44     7.91624188423e-08
53     44     7.91624188423e-08
54     44     7.91624188423e-08
55     44     7.91624188423e-08
56     44     7.91624188423e-08
57     44     7.91624188423e-08
58     44     4.42378222942e-08
59     44     0

0     45     0
1     45     2.32830643654e-09
2     45     2.32830643654e-09
3     45     2.32830643654e-09
4     45     2.32830643654e-09
5     45     2.32830643654e-09
6     45     2.32830643654e-09
7     45     2.32830643654e-09
8     45     2.32830643654e-09
9     45     2.32830643654e-09
10     45     2.32830643654e-09
11     45     2.32830643654e-09
12     45     2.32830643654e-09
13     45     4.65661287308e-09
14     45     8.14907252789e-08
15     45     1.31083652377e-06
16     45     1.40140764415e-05
17     45     0.000109288375825
18     45     0.000661879312247
19     45     0.00324063701555
20     45     0.0131872738712
21     45     0.0455138436519
22     45     0.13530987082
23     45     0.350820336025
24     45     0.801433126908
25     45     1.62755657686
26     45     2.96206368832
27     45     4.86850238405
28     45     7.28332479717
29     45     10
30     45     7.28332479717
31     45     4.86850238405
32     45     2.96206368832
33     45     1.62755657686
34     45     0.801433126908
35     45     0.350820336025
36     45     0.13530987082
37     45     0.0455138436519
38     45     0.0131872738712
39     45     0.00324063701555
40     45     0.000661879312247
41     45     0.000109288375825
42     45     1.40140764415e-05
43     45     1.31083652377e-06
44     45     8.14907252789e-08
45     45     4.65661287308e-09
46     45     2.32830643654e-09
47     45     2.32830643654e-09
48     45     2.32830643654e-09
49     45     2.32830643654e-09
50     45     2.32830643654e-09
51     45     2.32830643654e-09
52     45     2.32830643654e-09
53     45     2.32830643654e-09
54     45     2.32830643654e-09
55     45     2.32830643654e-09
56     45     2.32830643654e-09
57     45     2.32830643654e-09
58     45     2.32830643654e-09
59     45     0

0     46     0
1     46     0.0
2     46     0.0
3     46     0.0
4     46     0.0
5     46     0.0
6     46     0.0
7     46     0.0
8     46     0.0
9     46     0.0
10     46     0.0
11     46     0.0
12     46     0.0
13     46     2.32830643654e-09
14     46     7.91624188423e-08
15     46     1.30850821733e-06
16     46     1.40117481351e-05
17     46     0.000109286047518
18     46     0.000661876983941
19     46     0.00324063468724
20     46     0.0131872715428
21     46     0.0455138413236
22     46     0.135309868492
23     46     0.350820333697
24     46     0.801433124579
25     46     1.62755657453
26     46     2.96206344152
27     46     4.86850221641
28     46     7.28332446888
29     46     10
30     46     7.28332446888
31     46     4.86850221641
32     46     2.96206344152
33     46     1.62755657453
34     46     0.801433124579
35     46     0.350820333697
36     46     0.135309868492
37     46     0.0455138413236
38     46     0.0131872715428
39     46     0.00324063468724
40     46     0.000661876983941
41     46     0.000109286047518
42     46     1.40117481351e-05
43     46     1.30850821733e-06
44     46     7.91624188423e-08
45     46     2.32830643654e-09
46     46     0.0
47     46     0.0
48     46     0.0
49     46     0.0
50     46     0.0
51     46     0.0
52     46     0.0
53     46     0.0
54     46     0.0
55     46     0.0
56     46     0.0
57     46     0.0
58     46     0.0
59     46     0

0     47     0
1     47     0.0
2     47     0.0
3     47     0.0
4     47     0.0
5     47     0.0
6     47     0.0
7     47     0.0
8     47     0.0
9     47     0.0
10     47     0.0
11     47     0.0
12     47     0.0
13     47     2.32830643654e-09
14     47     7.91624188423e-08
15     47     1.30850821733e-06
16     47     1.40117481351e-05
17     47     0.000109286047518
18     47     0.000661876983941
19     47     0.00324063468724
20     47     0.0131872715428
21     47     0.0455138413236
22     47     0.135309868492
23     47     0.350820333697
24     47     0.801433124579
25     47     1.62755551515
26     47     2.96206234954
27     47     4.86849899404
28     47     7.28332302533
29     47     10
30     47     7.28332302533
31     47     4.86849899404
32     47     2.96206234954
33     47     1.62755551515
34     47     0.801433124579
35     47     0.350820333697
36     47     0.135309868492
37     47     0.0455138413236
38     47     0.0131872715428
39     47     0.00324063468724
40     47     0.000661876983941
41     47     0.000109286047518
42     47     1.40117481351e-05
43     47     1.30850821733e-06
44     47     7.91624188423e-08
45     47     2.32830643654e-09
46     47     0.0
47     47     0.0
48     47     0.0
49     47     0.0
50     47     0.0
51     47     0.0
52     47     0.0
53     47     0.0
54     47     0.0
55     47     0.0
56     47     0.0
57     47     0.0
58     47     0.0
59     47     0

0     48     0
1     48     0.0
2     48     0.0
3     48     0.0
4     48     0.0
5     48     0.0
6     48     0.0
7     48     0.0
8     48     0.0
9     48     0.0
10     48     0.0
11     48     0.0
12     48     0.0
13     48     2.32830643654e-09
14     48     7.91624188423e-08
15     48     1.30850821733e-06
16     48     1.40117481351e-05
17     48     0.000109286047518
18     48     0.000661876983941
19     48     0.00324063468724
20     48     0.0131872715428
21     48     0.0455138413236
22     48     0.135309868492
23     48     0.350820333697
24     48     0.801429946441
25     48     1.62755106576
26     48     2.96204588376
27     48     4.86848563887
28     48     7.28330813348
29     48     10
30     48     7.28330813348
31     48     4.86848563887
32     48     2.96204588376
33     48     1.62755106576
34     48     0.801429946441
35     48     0.350820333697
36     48     0.135309868492
37     48     0.0455138413236
38     48     0.0131872715428
39     48     0.00324063468724
40     48     0.000661876983941
41     48     0.000109286047518
42     48     1.40117481351e-05
43     48     1.30850821733e-06
44     48     7.91624188423e-08
45     48     2.32830643654e-09
46     48     0.0
47     48     0.0
48     48     0.0
49     48     0.0
50     48     0.0
51     48     0.0
52     48     0.0
53     48     0.0
54     48     0.0
55     48     0.0
56     48     0.0
57     48     0.0
58     48     0.0
59     48     0

0     49     0
1     49     0.0
2     49     0.0
3     49     0.0
4     49     0.0
5     49     0.0
6     49     0.0
7     49     0.0
8     49     0.0
9     49     0.0
10     49     0.0
11     49     0.0
12     49     0.0
13     49     2.32830643654e-09
14     49     7.91624188423e-08
15     49     1.30850821733e-06
16     49     1.40117481351e-05
17     49     0.000109286047518
18     49     0.000661876983941
19     49     0.00324063468724
20     49     0.0131872715428
21     49     0.0455138413236
22     49     0.135309868492
23     49     0.350813341793
24     49     0.801417445764
25     49     1.62749634124
26     49     2.96198229305
27     49     4.86837813631
28     49     7.28325069882
29     49     10
30     49     7.28325069882
31     49     4.86837813631
32     49     2.96198229305
33     49     1.62749634124
34     49     0.801417445764
35     49     0.350813341793
36     49     0.135309868492
37     49     0.0455138413236
38     49     0.0131872715428
39     49     0.00324063468724
40     49     0.000661876983941
41     49     0.000109286047518
42     49     1.40117481351e-05
43     49     1.30850821733e-06
44     49     7.91624188423e-08
45     49     2.32830643654e-09
46     49     0.0
47     49     0.0
48     49     0.0
49     49     0.0
50     49     0.0
51     49     0.0
52     49     0.0
53     49     0.0
54     49     0.0
55     49     0.0
56     49     0.0
57     49     0.0
58     49     0.0
59     49     0

0     50     0
1     50     0.0
2     50     0.0
3     50     0.0
4     50     0.0
5     50     0.0
6     50     0.0
7     50     0.0
8     50     0.0
9     50     0.0
10     50     0.0
11     50     0.0
12     50     0.0
13     50     2.32830643654e-09
14     50     7.91624188423e-08
15     50     1.30850821733e-06
16     50     1.40117481351e-05
17     50     0.000109286047518
18     50     0.000661876983941
19     50     0.00324063468724
20     50     0.0131872715428
21     50     0.0455138413236
22     50     0.135298215318
23     50     0.350787704811
24     50     0.80128826201
25     50     1.62730035372
26     50     2.96156084165
27     50     4.86799384467
28     50     7.28292169981
29     50     10
30     50     7.28292169981
31     50     4.86799384467
32     50     2.96156084165
33     50     1.62730035372
34     50     0.80128826201
35     50     0.350787704811
36     50     0.135298215318
37     50     0.0455138413236
38     50     0.0131872715428
39     50     0.00324063468724
40     50     0.000661876983941
41     50     0.000109286047518
42     50     1.40117481351e-05
43     50     1.30850821733e-06
44     50     7.91624188423e-08
45     50     2.32830643654e-09
46     50     0.0
47     50     0.0
48     50     0.0
49     50     0.0
50     50     0.0
51     50     0.0
52     50     0.0
53     50     0.0
54     50     0.0
55     50     0.0
56     50     0.0
57     50     0.0
58     50     0.0
59     50     0

0     51     0
1     51     0.0
2     51     0.0
3     51     0.0
4     51     0.0
5     51     0.0
6     51     0.0
7     51     0.0
8     51     0.0
9     51     0.0
10     51     0.0
11     51     0.0
12     51     0.0
13     51     2.32830643654e-09
14     51     7.91624188423e-08
15     51     1.30850821733e-06
16     51     1.40117481351e-05
17     51     0.000109286047518
18     51     0.000661876983941
19     51     0.00324063468724
20     51     0.0131872715428
21     51     0.0454988586716
22     51     0.135258594528
23     51     0.350561300293
24     51     0.800861576572
25     51     1.62619967945
26     51     2.96017312445
27     51     4.8661620263
28     51     7.28182577528
29     51     10
30     51     7.28182577528
31     51     4.8661620263
32     51     2.96017312445
33     51     1.62619967945
34     51     0.800861576572
35     51     0.350561300293
36     51     0.135258594528
37     51     0.0454988586716
38     51     0.0131872715428
39     51     0.00324063468724
40     51     0.000661876983941
41     51     0.000109286047518
42     51     1.40117481351e-05
43     51     1.30850821733e-06
44     51     7.91624188423e-08
45     51     2.32830643654e-09
46     51     0.0
47     51     0.0
48     51     0.0
49     51     0.0
50     51     0.0
51     51     0.0
52     51     0.0
53     51     0.0
54     51     0.0
55     51     0.0
56     51     0.0
57     51     0.0
58     51     0.0
59     51     0

0     52     0
1     52     0.0
2     52     0.0
3     52     0.0
4     52     0.0
5     52     0.0
6     52     0.0
7     52     0.0
8     52     0.0
9     52     0.0
10     52     0.0
11     52     0.0
12     52     0.0
13     52     2.32830643654e-09
14     52     7.91624188423e-08
15     52     1.30850821733e-06
16     52     1.40117481351e-05
17     52     0.000109286047518
18     52     0.000661876983941
19     52     0.00324063468724
20     52     0.0131722888909
21     52     0.045451913029
22     52     0.134956943803
23     52     0.34987594001
24     52     0.798799861223
25     52     1.62288528867
26     52     2.95451838523
27     52     4.86055008136
28     52     7.27758583613
29     52     10
30     52     7.27758583613
31     52     4.86055008136
32     52     2.95451838523
33     52     1.62288528867
34     52     0.798799861223
35     52     0.34987594001
36     52     0.134956943803
37     52     0.045451913029
38     52     0.0131722888909
39     52     0.00324063468724
40     52     0.000661876983941
41     52     0.000109286047518
42     52     1.40117481351e-05
43     52     1.30850821733e-06
44     52     7.91624188423e-08
45     52     2.32830643654e-09
46     52     0.0
47     52     0.0
48     52     0.0
49     52     0.0
50     52     0.0
51     52     0.0
52     52     0.0
53     52     0.0
54     52     0.0
55     52     0.0
56     52     0.0
57     52     0.0
58     52     0.0
59     52     0

0     53     0
1     53     0.0
2     53     0.0
3     53     0.0
4     53     0.0
5     53     0.0
6     53     0.0
7     53     0.0
8     53     0.0
9     53     0.0
10     53     0.0
11     53     0.0
12     53     0.0
13     53     2.32830643654e-09
14     53     7.91624188423e-08
15     53     1.30850821733e-06
16     53     1.40117481351e-05
17     53     0.000109286047518
18     53     0.000661876983941
19     53     0.00322898151353
20     53     0.0131293386221
21     53     0.0451429374516
22     53     0.134126059711
23     53     0.347007415257
24     53     0.79316820018
25     53     1.61119990982
26     53     2.93875566684
27     53     4.8417605646
28     53     7.26531689055
29     53     10
30     53     7.26531689055
31     53     4.8417605646
32     53     2.93875566684
33     53     1.61119990982
34     53     0.79316820018
35     53     0.347007415257
36     53     0.134126059711
37     53     0.0451429374516
38     53     0.0131293386221
39     53     0.00322898151353
40     53     0.000661876983941
41     53     0.000109286047518
42     53     1.40117481351e-05
43     53     1.30850821733e-06
44     53     7.91624188423e-08
45     53     2.32830643654e-09
46     53     0.0
47     53     0.0
48     53     0.0
49     53     0.0
50     53     0.0
51     53     0.0
52     53     0.0
53     53     0.0
54     53     0.0
55     53     0.0
56     53     0.0
57     53     0.0
58     53     0.0
59     53     0

0     54     0
1     54     0.0
2     54     0.0
3     54     0.0
4     54     0.0
5     54     0.0
6     54     0.0
7     54     0.0
8     54     0.0
9     54     0.0
10     54     0.0
11     54     0.0
12     54     0.0
13     54     2.32830643654e-09
14     54     7.91624188423e-08
15     54     1.30850821733e-06
16     54     1.40117481351e-05
17     54     0.000109286047518
18     54     0.000654885079712
19     54     0.00319868326187
20     54     0.0128856208175
21     54     0.0443750061095
22     54     0.13111201115
23     54     0.339964367449
24     54     0.775936949067
25     54     1.58192222007
26     54     2.89281644858
27     54     4.79217787273
28     54     7.22878186032
29     54     10
30     54     7.22878186032
31     54     4.79217787273
32     54     2.89281644858
33     54     1.58192222007
34     54     0.775936949067
35     54     0.339964367449
36     54     0.13111201115
37     54     0.0443750061095
38     54     0.0128856208175
39     54     0.00319868326187
40     54     0.000654885079712
41     54     0.000109286047518
42     54     1.40117481351e-05
43     54     1.30850821733e-06
44     54     7.91624188423e-08
45     54     2.32830643654e-09
46     54     0.0
47     54     0.0
48     54     0.0
49     54     0.0
50     54     0.0
51     54     0.0
52     54     0.0
53     54     0.0
54     54     0.0
55     54     0.0
56     54     0.0
57     54     0.0
58     54     0.0
59     54     0

0     55     0
1     55     0.0
2     55     0.0
3     55     0.0
4     55     0.0
5     55     0.0
6     55     0.0
7     55     0.0
8     55     0.0
9     55     0.0
10     55     0.0
11     55     0.0
12     55     0.0
13     55     2.32830643654e-09
14     55     7.91624188423e-08
15     55     1.30850821733e-06
16     55     1.40117481351e-05
17     55     0.000106107909232
18     55     0.000638570636511
19     55     0.00305170193315
20     55     0.0123444013298
21     55     0.0419720448554
22     55     0.124528016895
23     55     0.321321729571
24     55     0.737644117326
25     55     1.50797067676
26     55     2.78466469608
27     55     4.66214637272
28     55     7.13400467299
29     55     10
30     55     7.13400467299
31     55     4.66214637272
32     55     2.78466469608
33     55     1.50797067676
34     55     0.737644117326
35     55     0.321321729571
36     55     0.124528016895
37     55     0.0419720448554
38     55     0.0123444013298
39     55     0.00305170193315
40     55     0.000638570636511
41     55     0.000106107909232
42     55     1.40117481351e-05
43     55     1.30850821733e-06
44     55     7.91624188423e-08
45     55     2.32830643654e-09
46     55     0.0
47     55     0.0
48     55     0.0
49     55     0.0
50     55     0.0
51     55     0.0
52     55     0.0
53     55     0.0
54     55     0.0
55     55     0.0
56     55     0.0
57     55     0.0
58     55     0.0
59     55     0

0     56     0
1     56     0.0
2     56     0.0
3     56     0.0
4     56     0.0
5     56     0.0
6     56     0.0
7     56     0.0
8     56     0.0
9     56     0.0
10     56     0.0
11     56     0.0
12     56     0.0
13     56     2.32830643654e-09
14     56     7.91624188423e-08
15     56     1.30850821733e-06
16     56     1.29523687065e-05
17     56     9.95397567749e-05
18     56     0.000571981072426
19     56     0.0027634575963
20     56     0.010898495093
21     56     0.0373553670943
22     56     0.10957303457
23     56     0.285086780787
24     56     0.65467743203
25     56     1.35619014502
26     56     2.54017151427
27     56     4.36156750657
28     56     6.8884979561
29     56     10
30     56     6.8884979561
31     56     4.36156750657
32     56     2.54017151427
33     56     1.35619014502
34     56     0.65467743203
35     56     0.285086780787
36     56     0.10957303457
37     56     0.0373553670943
38     56     0.010898495093
39     56     0.0027634575963
40     56     0.000571981072426
41     56     9.95397567749e-05
42     56     1.29523687065e-05
43     56     1.30850821733e-06
44     56     7.91624188423e-08
45     56     2.32830643654e-09
46     56     0.0
47     56     0.0
48     56     0.0
49     56     0.0
50     56     0.0
51     56     0.0
52     56     0.0
53     56     0.0
54     56     0.0
55     56     0.0
56     56     0.0
57     56     0.0
58     56     0.0
59     56     0

0     57     0
1     57     0.0
2     57     0.0
3     57     0.0
4     57     0.0
5     57     0.0
6     57     0.0
7     57     0.0
8     57     0.0
9     57     0.0
10     57     0.0
11     57     0.0
12     57     0.0
13     57     2.32830643654e-09
14     57     7.91624188423e-08
15     57     1.0640360415e-06
16     57     1.10454857349e-05
17     57     7.7597796917e-05
18     57     0.000458266586065
19     57     0.00211735256016
20     57     0.00848632305861
21     57     0.0284716673195
22     57     0.0845100730658
23     57     0.218675332144
24     57     0.509498212487
25     57     1.06806818396
26     57     2.06090150401
27     57     3.69687219616
28     57     6.26886264421
29     57     10
30     57     6.26886264421
31     57     3.69687219616
32     57     2.06090150401
33     57     1.06806818396
34     57     0.509498212487
35     57     0.218675332144
36     57     0.0845100730658
37     57     0.0284716673195
38     57     0.00848632305861
39     57     0.00211735256016
40     57     0.000458266586065
41     57     7.7597796917e-05
42     57     1.10454857349e-05
43     57     1.0640360415e-06
44     57     7.91624188423e-08
45     57     2.32830643654e-09
46     57     0.0
47     57     0.0
48     57     0.0
49     57     0.0
50     57     0.0
51     57     0.0
52     57     0.0
53     57     0.0
54     57     0.0
55     57     0.0
56     57     0.0
57     57     0.0
58     57     0.0
59     57     0

0     58     0
1     58     0.0
2     58     0.0
3     58     0.0
4     58     0.0
5     58     0.0
6     58     0.0
7     58     0.0
8     58     0.0
9     58     0.0
10     58     0.0
11     58     0.0
12     58     0.0
13     58     2.32830643654e-09
14     58     4.42378222942e-08
15     58     6.89178705215e-07
16     58     6.08153641224e-06
17     58     4.55230474472e-05
18     58     0.000250404700637
19     58     0.00119445845485
20     58     0.00462662428617
21     58     0.0158078409731
22     58     0.0462695397437
23     58     0.1214707084
24     58     0.283870184794
25     58     0.609398856759
26     58     1.2175150495
27     58     2.35516389832
28     58     4.63577173185
29     58     10
30     58     4.63577173185
31     58     2.35516389832
32     58     1.2175150495
33     58     0.609398856759
34     58     0.283870184794
35     58     0.1214707084
36     58     0.0462695397437
37     58     0.0158078409731
38     58     0.00462662428617
39     58     0.00119445845485
40     58     0.000250404700637
41     58     4.55230474472e-05
42     58     6.08153641224e-06
43     58     6.89178705215e-07
44     58     4.42378222942e-08
45     58     2.32830643654e-09
46     58     0.0
47     58     0.0
48     58     0.0
49     58     0.0
50     58     0.0
51     58     0.0
52     58     0.0
53     58     0.0
54     58     0.0
55     58     0.0
56     58     0.0
57     58     0.0
58     58     0.0
59     58     0

0     59     0
1     59     0
2     59     0
3     59     0
4     59     0
5     59     0
6     59     0
7     59     0
8     59     0
9     59     0
10     59     0
11     59     0
12     59     0
13     59     0
14     59     0
15     59     0
16     59     0
17     59     0
18     59     0
19     59     0
20     59     0
21     59     0
22     59     0
23     59     0
24     59     0
25     59     0
26     59     0
27     59     0
28     59     0
29     59     0
30     59     0
31     59     0
32     59     0
33     59     0
34     59     0
35     59     0
36     59     0
37     59     0
38     59     0
39     59     0
40     59     0
41     59     0
42     59     0
43     59     0
44     59     0
45     59     0
46     59     0
47     59     0
48     59     0
49     59     0
50     59     0
51     59     0
52     59     0
53     59     0
54     59     0
55     59     0
56     59     0
57     59     0
58     59     0
59     59     0

