0     0     0
1     0     0
2     0     0
3     0     0
4     0     0
5     0     0
6     0     0
7     0     0
8     0     0
9     0     0
10     0     0
11     0     0
12     0     0
13     0     0
14     0     0
15     0     0
16     0     0
17     0     0
18     0     0
19     0     0
20     0     0
21     0     0
22     0     0
23     0     0
24     0     0
25     0     0
26     0     0
27     0     0
28     0     0
29     0     0
30     0     0
31     0     0
32     0     0
33     0     0
34     0     0
35     0     0
36     0     0
37     0     0
38     0     0
39     0     0
40     0     0
41     0     0
42     0     0
43     0     0
44     0     0
45     0     0
46     0     0
47     0     0
48     0     0
49     0     0
50     0     0
51     0     0
52     0     0
53     0     0
54     0     0
55     0     0
56     0     0
57     0     0
58     0     0
59     0     0

0     1     0
1     1     0.0
2     1     0.0
3     1     0.0
4     1     0.0
5     1     0.0
6     1     0.0
7     1     0.0
8     1     0.0
9     1     9.09494701773e-12
10     1     2.09183781408e-10
11     1     4.07453626394e-09
12     1     4.41832526121e-08
13     1     4.15748218074e-07
14     1     2.84393536276e-06
15     1     1.71625288203e-05
16     1     8.34598631627e-05
17     1     0.000362511482308
18     1     0.00133878591441
19     1     0.00446164980531
20     1     0.0130692517268
21     1     0.0348879036028
22     1     0.0838794713491
23     1     0.186022594571
24     1     0.380482926048
25     1     0.733146685998
26     1     1.35181889291
27     1     2.47089416953
28     1     4.70365753463
29     1     10
30     1     4.70365753463
31     1     2.47089416953
32     1     1.35181889291
33     1     0.733146685998
34     1     0.380482926048
35     1     0.186022594571
36     1     0.0838794713491
37     1     0.0348879036028
38     1     0.0130692517268
39     1     0.00446164980531
40     1     0.00133878591441
41     1     0.000362511482308
42     1     8.34598631627e-05
43     1     1.71625288203e-05
44     1     2.84393536276e-06
45     1     4.15748218074e-07
46     1     4.41832526121e-08
47     1     4.07453626394e-09
48     1     2.09183781408e-10
49     1     9.09494701773e-12
50     1     0.0
51     1     0.0
52     1     0.0
53     1     0.0
54     1     0.0
55     1     0.0
56     1     0.0
57     1     0.0
58     1     0.0
59     1     0

0     2     0
1     2     0.0
2     2     0.0
3     2     0.0
4     2     0.0
5     2     0.0
6     2     0.0
7     2     0.0
8     2     0.0
9     2     9.09494701773e-12
10     2     3.81987774745e-10
11     2     6.28460838925e-09
12     2     8.15998646431e-08
13     2     7.10278982297e-07
14     2     5.28892996954e-06
15     2     3.06104720948e-05
16     2     0.000155840662046
17     2     0.00066075007453
18     2     0.00250367629633
19     2     0.00822084988613
20     2     0.0244049454341
21     2     0.0644647807349
22     2     0.155598429847
23     2     0.341214544824
24     2     0.692430329364
25     2     1.30390117167
26     2     2.31548564996
27     2     3.91790099766
28     2     6.39761641723
29     2     10
30     2     6.39761641723
31     2     3.91790099766
32     2     2.31548564996
33     2     1.30390117167
34     2     0.692430329364
35     2     0.341214544824
36     2     0.155598429847
37     2     0.0644647807349
38     2     0.0244049454341
39     2     0.00822084988613
40     2     0.00250367629633
41     2     0.00066075007453
42     2     0.000155840662046
43     2     3.06104720948e-05
44     2     5.28892996954e-06
45     2     7.10278982297e-07
46     2     8.15998646431e-08
47     2     6.28460838925e-09
48     2     3.81987774745e-10
49     2     9.09494701773e-12
50     2     0.0
51     2     0.0
52     2     0.0
53     2     0.0
54     2     0.0
55     2     0.0
56     2     0.0
57     2     0.0
58     2     0.0
59     2     0

0     3     0
1     3     0.0
2     3     0.0
3     3     0.0
4     3     0.0
5     3     0.0
6     3     0.0
7     3     0.0
8     3     0.0
9     3     9.09494701773e-12
10     3     3.81987774745e-10
11     3     7.83984432928e-09
12     3     9.59789758781e-08
13     3     9.25647327676e-07
14     3     6.64748768031e-06
15     3     4.06780782214e-05
16     3     0.000202594292205
17     3     0.000886871703187
18     3     0.00331422415911
19     3     0.0110777046211
20     3     0.0325653759137
21     3     0.0866916228551
22     3     0.207301983246
23     3     0.453779953386
24     3     0.907802185393
25     3     1.68177451462
26     3     2.89382709343
27     3     4.66720924807
28     3     7.06768795844
29     3     10
30     3     7.06768795844
31     3     4.66720924807
32     3     2.89382709343
33     3     1.68177451462
34     3     0.907802185393
35     3     0.453779953386
36     3     0.207301983246
37     3     0.0866916228551
38     3     0.0325653759137
39     3     0.0110777046211
40     3     0.00331422415911
41     3     0.000886871703187
42     3     0.000202594292205
43     3     4.06780782214e-05
44     3     6.64748768031e-06
45     3     9.25647327676e-07
46     3     9.59789758781e-08
47     3     7.83984432928e-09
48     3     3.81987774745e-10
49     3     9.09494701773e-12
50     3     0.0
51     3     0.0
52     3     0.0
53     3     0.0
54     3     0.0
55     3     0.0
56     3     0.0
57     3     0.0
58     3     0.0
59     3     0

0     4     0
1     4     0.0
2     4     0.0
3     4     0.0
4     4     0.0
5     4     0.0
6     4     0.0
7     4     0.0
8     4     0.0
9     4     9.09494701773e-12
10     4     3.81987774745e-10
11     4     7.83984432928e-09
12     4     1.04791979538e-07
13     4     9.90585249383e-07
14     4     7.51873812987e-06
15     4     4.52986023447e-05
16     4     0.000233415612456
17     4     0.00101089956843
18     4     0.00385575978726
19     4     0.0127889923897
20     4     0.0380106918601
21     4     0.100504995244
22     4     0.241081005806
23     4     0.523220726609
24     4     1.04091505942
25     4     1.8998512418
26     4     3.20959913886
27     4     5.03119218491
28     4     7.34960736379
29     4     10
30     4     7.34960736379
31     4     5.03119218491
32     4     3.20959913886
33     4     1.8998512418
34     4     1.04091505942
35     4     0.523220726609
36     4     0.241081005806
37     4     0.100504995244
38     4     0.0380106918601
39     4     0.0127889923897
40     4     0.00385575978726
41     4     0.00101089956843
42     4     0.000233415612456
43     4     4.52986023447e-05
44     4     7.51873812987e-06
45     4     9.90585249383e-07
46     4     1.04791979538e-07
47     4     7.83984432928e-09
48     4     3.81987774745e-10
49     4     9.09494701773e-12
50     4     0.0
51     4     0.0
52     4     0.0
53     4     0.0
54     4     0.0
55     4     0.0
56     4     0.0
57     4     0.0
58     4     0.0
59     4     0

0     5     0
1     5     0.0
2     5     0.0
3     5     0.0
4     5     0.0
5     5     0.0
6     5     0.0
7     5     0.0
8     5     0.0
9     5     9.09494701773e-12
10     5     3.81987774745e-10
11     5     7.83984432928e-09
12     5     1.04791979538e-07
13     5     1.02583726402e-06
14     5     7.73581632529e-06
15     5     4.79307527712e-05
16     5     0.000245457540586
17     5     0.00108361388811
18     5     0.00411280590924
19     5     0.0138044844061
20     5     0.0408539894306
21     5     0.108654169089
22     5     0.259372240198
23     5     0.562973013002
24     5     1.11192369775
25     5     2.01645102865
26     5     3.36557456852
27     5     5.20229397902
28     5     7.46913456882
29     5     10
30     5     7.46913456882
31     5     5.20229397902
32     5     3.36557456852
33     5     2.01645102865
34     5     1.11192369775
35     5     0.562973013002
36     5     0.259372240198
37     5     0.108654169089
38     5     0.0408539894306
39     5     0.0138044844061
40     5     0.00411280590924
41     5     0.00108361388811
42     5     0.000245457540586
43     5     4.79307527712e-05
44     5     7.73581632529e-06
45     5     1.02583726402e-06
46     5     1.04791979538e-07
47     5     7.83984432928e-09
48     5     3.81987774745e-10
49     5     9.09494701773e-12
50     5     0.0
51     5     0.0
52     5     0.0
53     5     0.0
54     5     0.0
55     5     0.0
56     5     0.0
57     5     0.0
58     5     0.0
59     5     0

0     6     0
1     6     0.0
2     6     0.0
3     6     0.0
4     6     0.0
5     6     0.0
6     6     0.0
7     6     0.0
8     6     0.0
9     6     9.09494701773e-12
10     6     3.81987774745e-10
11     6     7.83984432928e-09
12     6     1.04791979538e-07
13     6     1.02583726402e-06
14     6     7.84157236922e-06
15     6     4.84892188979e-05
16     6     0.00025161612939
17     6     0.0011082625042
18     6     0.00424801553891
19     6     0.0142269504977
20     6     0.0423643223257
21     6     0.112398033452
22     6     0.268989538126
23     6     0.581892437021
24     6     1.14793980247
25     6     2.07094657981
26     6     3.43929101618
27     6     5.27682022584
28     6     7.52012625111
29     6     10
30     6     7.52012625111
31     6     5.27682022584
32     6     3.43929101618
33     6     2.07094657981
34     6     1.14793980247
35     6     0.581892437021
36     6     0.268989538126
37     6     0.112398033452
38     6     0.0423643223257
39     6     0.0142269504977
40     6     0.00424801553891
41     6     0.0011082625042
42     6     0.00025161612939
43     6     4.84892188979e-05
44     6     7.84157236922e-06
45     6     1.02583726402e-06
46     6     1.04791979538e-07
47     6     7.83984432928e-09
48     6     3.81987774745e-10
49     6     9.09494701773e-12
50     6     0.0
51     6     0.0
52     6     0.0
53     6     0.0
54     6     0.0
55     6     0.0
56     6     0.0
57     6     0.0
58     6     0.0
59     6     0

0     7     0
1     7     0.0
2     7     0.0
3     7     0.0
4     7     0.0
5     7     0.0
6     7     0.0
7     7     0.0
8     7     0.0
9     7     9.09494701773e-12
10     7     3.81987774745e-10
11     7     7.83984432928e-09
12     7     1.04791979538e-07
13     7     1.02583726402e-06
14     7     7.84157236922e-06
15     7     4.87359830004e-05
16     7     0.000252749759966
17     7     0.00111968168312
18     7     0.00428827361247
19     7     0.0144279098095
20     7     0.042919794214
21     7     0.114191759567
22     7     0.272904034064
23     7     0.590835368457
24     7     1.16312304481
25     7     2.09575364413
26     7     3.4698828285
27     7     5.30871993098
28     7     7.54028728908
29     7     10
30     7     7.54028728908
31     7     5.30871993098
32     7     3.4698828285
33     7     2.09575364413
34     7     1.16312304481
35     7     0.590835368457
36     7     0.272904034064
37     7     0.114191759567
38     7     0.042919794214
39     7     0.0144279098095
40     7     0.00428827361247
41     7     0.00111968168312
42     7     0.000252749759966
43     7     4.87359830004e-05
44     7     7.84157236922e-06
45     7     1.02583726402e-06
46     7     1.04791979538e-07
47     7     7.83984432928e-09
48     7     3.81987774745e-10
49     7     9.09494701773e-12
50     7     0.0
51     7     0.0
52     7     0.0
53     7     0.0
54     7     0.0
55     7     0.0
56     7     0.0
57     7     0.0
58     7     0.0
59     7     0

0     8     0
1     8     0.0
2     8     0.0
3     8     0.0
4     8     0.0
5     8     0.0
6     8     0.0
7     8     0.0
8     8     0.0
9     8     9.09494701773e-12
10     8     3.81987774745e-10
11     8     7.83984432928e-09
12     8     1.04791979538e-07
13     8     1.02583726402e-06
14     8     7.84157236922e-06
15     8     4.87359830004e-05
16     8     0.000253208036156
17     8     0.00112152684778
18     8     0.00430529817095
19     8     0.0144808787809
20     8     0.0431604317782
21     8     0.114778184725
22     8     0.274607889332
23     8     0.594075497902
24     8     1.16963235068
25     8     2.10507292029
26     8     3.48255010998
27     8     5.32060423102
28     8     7.54828781421
29     8     10
30     8     7.54828781421
31     8     5.32060423102
32     8     3.48255010998
33     8     2.10507292029
34     8     1.16963235068
35     8     0.594075497902
36     8     0.274607889332
37     8     0.114778184725
38     8     0.0431604317782
39     8     0.0144808787809
40     8     0.00430529817095
41     8     0.00112152684778
42     8     0.000253208036156
43     8     4.87359830004e-05
44     8     7.84157236922e-06
45     8     1.02583726402e-06
46     8     1.04791979538e-07
47     8     7.83984432928e-09
48     8     3.81987774745e-10
49     8     9.09494701773e-12
50     8     0.0
51     8     0.0
52     8     0.0
53     8     0.0
54     8     0.0
55     8     0.0
56     8     0.0
57     8     0.0
58     8     0.0
59     8     0

0     9     0
1     9     9.09494701773e-12
2     9     9.09494701773e-12
3     9     9.09494701773e-12
4     9     9.09494701773e-12
5     9     9.09494701773e-12
6     9     9.09494701773e-12
7     9     9.09494701773e-12
8     9     9.09494701773e-12
9     9     1.81898940355e-11
10     9     3.91082721762e-10
11     9     7.8489392763e-09
12     9     1.04801074485e-07
13     9     1.02584635897e-06
14     9     7.84158146416e-06
15     9     4.87359920953e-05
16     9     0.000253208045251
17     9     0.00112221427116
18     9     0.00430773025982
19     9     0.0145014610189
20     9     0.0432168300267
21     9     0.115011019307
22     9     0.275104443654
23     9     0.595365489107
24     9     1.17173634709
25     9     2.10872799792
26     9     3.48680392174
27     9     5.32513849605
28     9     7.55097731287
29     9     10
30     9     7.55097731287
31     9     5.32513849605
32     9     3.48680392174
33     9     2.10872799792
34     9     1.17173634709
35     9     0.595365489107
36     9     0.275104443654
37     9     0.115011019307
38     9     0.0432168300267
39     9     0.0145014610189
40     9     0.00430773025982
41     9     0.00112221427116
42     9     0.000253208045251
43     9     4.87359920953e-05
44     9     7.84158146416e-06
45     9     1.02584635897e-06
46     9     1.04801074485e-07
47     9     7.8489392763e-09
48     9     3.91082721762e-10
49     9     1.81898940355e-11
50     9     9.09494701773e-12
51     9     9.09494701773e-12
52     9     9.09494701773e-12
53     9     9.09494701773e-12
54     9     9.09494701773e-12
55     9     9.09494701773e-12
56     9     9.09494701773e-12
57     9     9.09494701773e-12
58     9     9.09494701773e-12
59     9     0

0     10     0
1     10     2.09183781408e-10
2     10     3.81987774745e-10
3     10     3.81987774745e-10
4     10     3.81987774745e-10
5     10     3.81987774745e-10
6     10     3.81987774745e-10
7     10     3.81987774745e-10
8     10     3.81987774745e-10
9     10     3.91082721762e-10
10     10     7.63975549489e-10
11     10     8.22183210403e-09
12     10     1.05173967313e-07
13     10     1.0262192518e-06
14     10     7.84195435699e-06
15     10     4.87363649881e-05
16     10     0.000253208418144
17     10     0.00112221464406
18     10     0.00430857080573
19     10     0.0145040703501
20     10     0.0432370829913
21     10     0.115059614927
22     10     0.275286164015
23     10     0.59570061967
24     10     1.17250737918
25     10     2.10978105753
26     10     3.48834261933
27     10     5.32649749823
28     10     7.55193325369
29     10     10
30     10     7.55193325369
31     10     5.32649749823
32     10     3.48834261933
33     10     2.10978105753
34     10     1.17250737918
35     10     0.59570061967
36     10     0.275286164015
37     10     0.115059614927
38     10     0.0432370829913
39     10     0.0145040703501
40     10     0.00430857080573
41     10     0.00112221464406
42     10     0.000253208418144
43     10     4.87363649881e-05
44     10     7.84195435699e-06
45     10     1.0262192518e-06
46     10     1.05173967313e-07
47     10     8.22183210403e-09
48     10     7.63975549489e-10
49     10     3.91082721762e-10
50     10     3.81987774745e-10
51     10     3.81987774745e-10
52     10     3.81987774745e-10
53     10     3.81987774745e-10
54     10     3.81987774745e-10
55     10     3.81987774745e-10
56     10     3.81987774745e-10
57     10     3.81987774745e-10
58     10     2.09183781408e-10
59     10     0

0     11     0
1     11     4.07453626394e-09
2     11     6.28460838925e-09
3     11     7.83984432928e-09
4     11     7.83984432928e-09
5     11     7.83984432928e-09
6     11     7.83984432928e-09
7     11     7.83984432928e-09
8     11     7.83984432928e-09
9     11     7.8489392763e-09
10     11     8.22183210403e-09
11     11     1.56796886586e-08
12     11     1.12631823868e-07
13     11     1.03367710835e-06
14     11     7.84941221355e-06
15     11     4.87438228447e-05
16     11     0.000253215876
17     11     0.00112222210191
18     11     0.00430857826359
19     11     0.014504917981
20     11     0.0432393697702
21     11     0.11507583089
22     11     0.27531990112
23     11     0.595814250537
24     11     1.17268539243
25     11     2.11013832848
26     11     3.48873575704
27     11     5.32695416041
28     11     7.55218674842
29     11     10
30     11     7.55218674842
31     11     5.32695416041
32     11     3.48873575704
33     11     2.11013832848
34     11     1.17268539243
35     11     0.595814250537
36     11     0.27531990112
37     11     0.11507583089
38     11     0.0432393697702
39     11     0.014504917981
40     11     0.00430857826359
41     11     0.00112222210191
42     11     0.000253215876
43     11     4.87438228447e-05
44     11     7.84941221355e-06
45     11     1.03367710835e-06
46     11     1.12631823868e-07
47     11     1.56796886586e-08
48     11     8.22183210403e-09
49     11     7.8489392763e-09
50     11     7.83984432928e-09
51     11     7.83984432928e-09
52     11     7.83984432928e-09
53     11     7.83984432928e-09
54     11     7.83984432928e-09
55     11     7.83984432928e-09
56     11     7.83984432928e-09
57     11     6.28460838925e-09
58     11     4.07453626394e-09
59     11     0

0     12     0
1     12     4.41832526121e-08
2     12     8.15998646431e-08
3     12     9.59789758781e-08
4     12     1.04791979538e-07
5     12     1.04791979538e-07
6     12     1.04791979538e-07
7     12     1.04791979538e-07
8     12     1.04791979538e-07
9     12     1.04801074485e-07
10     12     1.05173967313e-07
11     12     1.12631823868e-07
12     12     2.09583959077e-07
13     12     1.13062924356e-06
14     12     7.94636434875e-06
15     12     4.88407749799e-05
16     12     0.000253312828136
17     12     0.00112231905405
18     12     0.00430867521573
19     12     0.0145050149331
20     12     0.0432401541366
21     12     0.115077543869
22     12     0.275330494205
23     12     0.595833019343
24     12     1.17274165868
25     12     2.11021119942
26     12     3.48885996164
27     12     5.32705654883
28     12     7.55226638199
29     12     10
30     12     7.55226638199
31     12     5.32705654883
32     12     3.48885996164
33     12     2.11021119942
34     12     1.17274165868
35     12     0.595833019343
36     12     0.275330494205
37     12     0.115077543869
38     12     0.0432401541366
39     12     0.0145050149331
40     12     0.00430867521573
41     12     0.00112231905405
42     12     0.000253312828136
43     12     4.88407749799e-05
44     12     7.94636434875e-06
45     12     1.13062924356e-06
46     12     2.09583959077e-07
47     12     1.12631823868e-07
48     12     1.05173967313e-07
49     12     1.04801074485e-07
50     12     1.04791979538e-07
51     12     1.04791979538e-07
52     12     1.04791979538e-07
53     12     1.04791979538e-07
54     12     1.04791979538e-07
55     12     1.04791979538e-07
56     12     9.59789758781e-08
57     12     8.15998646431e-08
58     12     4.41832526121e-08
59     12     0

0     13     0
1     13     4.15748218074e-07
2     13     7.10278982297e-07
3     13     9.25647327676e-07
4     13     9.90585249383e-07
5     13     1.02583726402e-06
6     13     1.02583726402e-06
7     13     1.02583726402e-06
8     13     1.02583726402e-06
9     13     1.02584635897e-06
10     13     1.0262192518e-06
11     13     1.03367710835e-06
12     13     1.13062924356e-06
13     13     2.05167452805e-06
14     13     8.86740963324e-06
15     13     4.97618202644e-05
16     13     0.00025423387342
17     13     0.00112324009933
18     13     0.00430959626101
19     13     0.0145059359784
20     13     0.0432410751819
21     13     0.115078923191
22     13     0.275332337369
23     13     0.595839382804
24     13     1.17275068333
25     13     2.11023353683
26     13     3.48888280843
27     13     5.32708735062
28     13     7.55228206736
29     13     10
30     13     7.55228206736
31     13     5.32708735062
32     13     3.48888280843
33     13     2.11023353683
34     13     1.17275068333
35     13     0.595839382804
36     13     0.275332337369
37     13     0.115078923191
38     13     0.0432410751819
39     13     0.0145059359784
40     13     0.00430959626101
41     13     0.00112324009933
42     13     0.00025423387342
43     13     4.97618202644e-05
44     13     8.86740963324e-06
45     13     2.05167452805e-06
46     13     1.13062924356e-06
47     13     1.03367710835e-06
48     13     1.0262192518e-06
49     13     1.02584635897e-06
50     13     1.02583726402e-06
51     13     1.02583726402e-06
52     13     1.02583726402e-06
53     13     1.02583726402e-06
54     13     1.02583726402e-06
55     13     9.90585249383e-07
56     13     9.25647327676e-07
57     13     7.10278982297e-07
58     13     4.15748218074e-07
59     13     0

0     14     0
1     14     2.84393536276e-06
2     14     5.28892996954e-06
3     14     6.64748768031e-06
4     14     7.51873812987e-06
5     14     7.73581632529e-06
6     14     7.84157236922e-06
7     14     7.84157236922e-06
8     14     7.84157236922e-06
9     14     7.84158146416e-06
10     14     7.84195435699e-06
11     14     7.84941221355e-06
12     14     7.94636434875e-06
13     14     8.86740963324e-06
14     14     1.56831447384e-05
15     14     5.65775553696e-05
16     14     0.000261049608525
17     14     0.00113005583444
18     14     0.00431641199611
19     14     0.0145127517135
20     14     0.043247890917
21     14     0.115085738926
22     14     0.275339399868
23     14     0.595846615997
24     14     1.17275957831
25     14     2.11024270753
26     14     3.48889446466
27     14     5.32709639604
28     14     7.55228860908
29     14     10
30     14     7.55228860908
31     14     5.32709639604
32     14     3.48889446466
33     14     2.11024270753
34     14     1.17275957831
35     14     0.595846615997
36     14     0.275339399868
37     14     0.115085738926
38     14     0.043247890917
39     14     0.0145127517135
40     14     0.00431641199611
41     14     0.00113005583444
42     14     0.000261049608525
43     14     5.65775553696e-05
44     14     1.56831447384e-05
45     14     8.86740963324e-06
46     14     7.94636434875e-06
47     14     7.84941221355e-06
48     14     7.84195435699e-06
49     14     7.84158146416e-06
50     14     7.84157236922e-06
51     14     7.84157236922e-06
52     14     7.84157236922e-06
53     14     7.84157236922e-06
54     14     7.73581632529e-06
55     14     7.51873812987e-06
56     14     6.64748768031e-06
57     14     5.28892996954e-06
58     14     2.84393536276e-06
59     14     0

0     15     0
1     15     1.71625288203e-05
2     15     3.06104720948e-05
3     15     4.06780782214e-05
4     15     4.52986023447e-05
5     15     4.79307527712e-05
6     15     4.84892188979e-05
7     15     4.87359830004e-05
8     15     4.87359830004e-05
9     15     4.87359920953e-05
10     15     4.87363649881e-05
11     15     4.87438228447e-05
12     15     4.88407749799e-05
13     15     4.97618202644e-05
14     15     5.65775553696e-05
15     15     9.74719660007e-05
16     15     0.000301944019157
17     15     0.00117095024507
18     15     0.00435730640675
19     15     0.0145536461241
20     15     0.0432887853276
21     15     0.115126633336
22     15     0.275380294279
23     15     0.595887263644
24     15     1.17279977325
25     15     2.1102804874
26     15     3.48892849525
27     15     5.32712171758
28     15     7.55230292767
29     15     10
30     15     7.55230292767
31     15     5.32712171758
32     15     3.48892849525
33     15     2.1102804874
34     15     1.17279977325
35     15     0.595887263644
36     15     0.275380294279
37     15     0.115126633336
38     15     0.0432887853276
39     15     0.0145536461241
40     15     0.00435730640675
41     15     0.00117095024507
42     15     0.000301944019157
43     15     9.74719660007e-05
44     15     5.65775553696e-05
45     15     4.97618202644e-05
46     15     4.88407749799e-05
47     15     4.87438228447e-05
48     15     4.87363649881e-05
49     15     4.87359920953e-05
50     15     4.87359830004e-05
51     15     4.87359830004e-05
52     15     4.87359830004e-05
53     15     4.84892188979e-05
54     15     4.79307527712e-05
55     15     4.52986023447e-05
56     15     4.06780782214e-05
57     15     3.06104720948e-05
58     15     1.71625288203e-05
59     15     0

0     16     0
1     16     8.34598631627e-05
2     16     0.000155840662046
3     16     0.000202594292205
4     16     0.000233415612456
5     16     0.000245457540586
6     16     0.00025161612939
7     16     0.000252749759966
8     16     0.000253208036156
9     16     0.000253208045251
10     16     0.000253208418144
11     16     0.000253215876
12     16     0.000253312828136
13     16     0.00025423387342
14     16     0.000261049608525
15     16     0.000301944019157
16     16     0.000506416072312
17     16     0.00137542229822
18     16     0.0045617784599
19     16     0.0147581181773
20     16     0.0434932573808
21     16     0.115331105389
22     16     0.275584061292
23     16     0.596089973096
24     16     1.17299511503
25     16     2.11046596186
26     16     3.48908447708
27     16     5.327242481
28     16     7.55236511148
29     16     10
30     16     7.55236511148
31     16     5.327242481
32     16     3.48908447708
33     16     2.11046596186
34     16     1.17299511503
35     16     0.596089973096
36     16     0.275584061292
37     16     0.115331105389
38     16     0.0434932573808
39     16     0.0147581181773
40     16     0.0045617784599
41     16     0.00137542229822
42     16     0.000506416072312
43     16     0.000301944019157
44     16     0.000261049608525
45     16     0.00025423387342
46     16     0.000253312828136
47     16     0.000253215876
48     16     0.000253208418144
49     16     0.000253208045251
50     16     0.000253208036156
51     16     0.000253208036156
52     16     0.000252749759966
53     16     0.00025161612939
54     16     0.000245457540586
55     16     0.000233415612456
56     16     0.000202594292205
57     16     0.000155840662046
58     16     8.34598631627e-05
59     16     0

0     17     0
1     17     0.000362511482308
2     17     0.00066075007453
3     17     0.000886871703187
4     17     0.00101089956843
5     17     0.00108361388811
6     17     0.0011082625042
7     17     0.00111968168312
8     17     0.00112152684778
9     17     0.00112221427116
10     17     0.00112221464406
11     17     0.00112222210191
12     17     0.00112231905405
13     17     0.00112324009933
14     17     0.00113005583444
15     17     0.00117095024507
16     17     0.00137542229822
17     17     0.00224442852414
18     17     0.00543078468581
19     17     0.0156271244032
20     17     0.0443622636067
21     17     0.116198965925
22     17     0.276450071096
23     17     0.596941177055
24     17     1.17382516778
25     17     2.11122199419
26     17     3.48974673736
27     17     5.32771721731
28     17     7.55262884929
29     17     10
30     17     7.55262884929
31     17     5.32771721731
32     17     3.48974673736
33     17     2.11122199419
34     17     1.17382516778
35     17     0.596941177055
36     17     0.276450071096
37     17     0.116198965925
38     17     0.0443622636067
39     17     0.0156271244032
40     17     0.00543078468581
41     17     0.00224442852414
42     17     0.00137542229822
43     17     0.00117095024507
44     17     0.00113005583444
45     17     0.00112324009933
46     17     0.00112231905405
47     17     0.00112222210191
48     17     0.00112221464406
49     17     0.00112221427116
50     17     0.00112221426207
51     17     0.00112152684778
52     17     0.00111968168312
53     17     0.0011082625042
54     17     0.00108361388811
55     17     0.00101089956843
56     17     0.000886871703187
57     17     0.00066075007453
58     17     0.000362511482308
59     17     0

0     18     0
1     18     0.00133878591441
2     18     0.00250367629633
3     18     0.00331422415911
4     18     0.00385575978726
5     18     0.00411280590924
6     18     0.00424801553891
7     18     0.00428827361247
8     18     0.00430529817095
9     18     0.00430773025982
10     18     0.00430857080573
11     18     0.00430857826359
12     18     0.00430867521573
13     18     0.00430959626101
14     18     0.00431641199611
15     18     0.00435730640675
16     18     0.0045617784599
17     18     0.00543078468581
18     18     0.00861714084749
19     18     0.0188134805649
20     18     0.047547092181
21     18     0.119381121222
22     18     0.279608166893
23     18     0.600062258236
24     18     1.1767981905
25     18     2.11399408043
26     18     3.49204997336
27     18     5.32945783042
28     18     7.55352553026
29     18     10
30     18     7.55352553026
31     18     5.32945783042
32     18     3.49204997336
33     18     2.11399408043
34     18     1.1767981905
35     18     0.600062258236
36     18     0.279608166893
37     18     0.119381121222
38     18     0.047547092181
39     18     0.0188134805649
40     18     0.00861714084749
41     18     0.00543078468581
42     18     0.0045617784599
43     18     0.00435730640675
44     18     0.00431641199611
45     18     0.00430959626101
46     18     0.00430867521573
47     18     0.00430857826359
48     18     0.00430857080573
49     18     0.00430857043284
50     18     0.00430773025073
51     18     0.00430529817095
52     18     0.00428827361247
53     18     0.00424801553891
54     18     0.00411280590924
55     18     0.00385575978726
56     18     0.00331422415911
57     18     0.00250367629633
58     18     0.00133878591441
59     18     0

0     19     0
1     19     0.00446164980531
2     19     0.00822084988613
3     19     0.0110777046211
4     19     0.0127889923897
5     19     0.0138044844061
6     19     0.0142269504977
7     19     0.0144279098095
8     19     0.0144808787809
9     19     0.0145014610189
10     19     0.0145040703501
11     19     0.014504917981
12     19     0.0145050149331
13     19     0.0145059359784
14     19     0.0145127517135
15     19     0.0145536461241
16     19     0.0147581181773
17     19     0.0156271244032
18     19     0.0188134805649
19     19     0.0290081399362
20     19     0.0577385436191
21     19     0.129540493326
22     19     0.289714073442
23     19     0.609927569785
24     19     1.1863118632
25     19     2.12257004954
26     19     3.49942032357
27     19     5.33471834773
28     19     7.55639490329
29     19     10
30     19     7.55639490329
31     19     5.33471834773
32     19     3.49942032357
33     19     2.12257004954
34     19     1.1863118632
35     19     0.609927569785
36     19     0.289714073442
37     19     0.129540493326
38     19     0.0577385436191
39     19     0.0290081399362
40     19     0.0188134805649
41     19     0.0156271244032
42     19     0.0147581181773
43     19     0.0145536461241
44     19     0.0145127517135
45     19     0.0145059359784
46     19     0.0145050149331
47     19     0.014504917981
48     19     0.0145049105231
49     19     0.0145040699772
50     19     0.0145014610098
51     19     0.0144808787809
52     19     0.0144279098095
53     19     0.0142269504977
54     19     0.0138044844061
55     19     0.0127889923897
56     19     0.0110777046211
57     19     0.00822084988613
58     19     0.00446164980531
59     19     0

0     20     0
1     20     0.0130692517268
2     20     0.0244049454341
3     20     0.0325653759137
4     20     0.0380106918601
5     20     0.0408539894306
6     20     0.0423643223257
7     20     0.042919794214
8     20     0.0431604317782
9     20     0.0432168300267
10     20     0.0432370829913
11     20     0.0432393697702
12     20     0.0432401541366
13     20     0.0432410751819
14     20     0.043247890917
15     20     0.0432887853276
16     20     0.0434932573808
17     20     0.0443622636067
18     20     0.047547092181
19     20     0.0577385436191
20     20     0.0864336600353
21     20     0.158171451076
22     20     0.318024237858
23     20     0.637729811424
24     20     1.21259033651
25     20     2.14673868977
26     20     3.51936929765
27     20     5.34954344148
28     20     7.56404656458
29     20     10
30     20     7.56404656458
31     20     5.34954344148
32     20     3.51936929765
33     20     2.14673868977
34     20     1.21259033651
35     20     0.637729811424
36     20     0.318024237858
37     20     0.158171451076
38     20     0.0864336600353
39     20     0.0577385436191
40     20     0.047547092181
41     20     0.0443622636067
42     20     0.0434932573808
43     20     0.0432887853276
44     20     0.043247890917
45     20     0.0432410751819
46     20     0.0432401541366
47     20     0.0432400571844
48     20     0.0432393623123
49     20     0.0432370826184
50     20     0.0432168300176
51     20     0.0431604317782
52     20     0.042919794214
53     20     0.0423643223257
54     20     0.0408539894306
55     20     0.0380106918601
56     20     0.0325653759137
57     20     0.0244049454341
58     20     0.0130692517268
59     20     0

0     21     0
1     21     0.0348879036028
2     21     0.0644647807349
3     21     0.0866916228551
4     21     0.100504995244
5     21     0.108654169089
6     21     0.112398033452
7     21     0.114191759567
8     21     0.114778184725
9     21     0.115011019307
10     21     0.115059614927
11     21     0.11507583089
12     21     0.115077543869
13     21     0.115078923191
14     21     0.115085738926
15     21     0.115126633336
16     21     0.115331105389
17     21     0.116198965925
18     21     0.119381121222
19     21     0.129540493326
20     21     0.158171451076
21     21     0.22955636945
22     21     0.388799648899
23     21     0.706473531354
24     21     1.27828651977
25     21     2.20557791554
26     21     3.56924173284
27     21     5.38506901175
28     21     7.58317571781
29     21     10
30     21     7.58317571781
31     21     5.38506901175
32     21     3.56924173284
33     21     2.20557791554
34     21     1.27828651977
35     21     0.706473531354
36     21     0.388799648899
37     21     0.22955636945
38     21     0.158171451076
39     21     0.129540493326
40     21     0.119381121222
41     21     0.116198965925
42     21     0.115331105389
43     21     0.115126633336
44     21     0.115085738926
45     21     0.115078923191
46     21     0.115078002145
47     21     0.115077446917
48     21     0.115075823433
49     21     0.115059614554
50     21     0.115011019298
51     21     0.114778184725
52     21     0.114191759567
53     21     0.112398033452
54     21     0.108654169089
55     21     0.100504995244
56     21     0.0866916228551
57     21     0.0644647807349
58     21     0.0348879036028
59     21     0

0     22     0
1     22     0.0838794713491
2     22     0.155598429847
3     22     0.207301983246
4     22     0.241081005806
5     22     0.259372240198
6     22     0.268989538126
7     22     0.272904034064
8     22     0.274607889332
9     22     0.275104443654
10     22     0.275286164015
11     22     0.27531990112
12     22     0.275330494205
13     22     0.275332337369
14     22     0.275339399868
15     22     0.275380294279
16     22     0.275584061292
17     22     0.276450071096
18     22     0.279608166893
19     22     0.289714073442
20     22     0.318024237858
21     22     0.388799648899
22     22     0.545808068127
23     22     0.859824906584
24     22     1.42249528501
25     22     2.33683464994
26     22     3.67718481175
27     22     5.46431836083
28     22     7.62416676043
29     22     10
30     22     7.62416676043
31     22     5.46431836083
32     22     3.67718481175
33     22     2.33683464994
34     22     1.42249528501
35     22     0.859824906584
36     22     0.545808068127
37     22     0.388799648899
38     22     0.318024237858
39     22     0.289714073442
40     22     0.279608166893
41     22     0.276450071096
42     22     0.275584061292
43     22     0.275380294279
44     22     0.275339399868
45     22     0.275332584133
46     22     0.275331416324
47     22     0.275330397253
48     22     0.275319893663
49     22     0.275286163642
50     22     0.275104443645
51     22     0.274607889332
52     22     0.272904034064
53     22     0.268989538126
54     22     0.259372240198
55     22     0.241081005806
56     22     0.207301983246
57     22     0.155598429847
58     22     0.0838794713491
59     22     0

0     23     0
1     23     0.186022594571
2     23     0.341214544824
3     23     0.453779953386
4     23     0.523220726609
5     23     0.562973013002
6     23     0.581892437021
7     23     0.590835368457
8     23     0.594075497902
9     23     0.595365489107
10     23     0.59570061967
11     23     0.595814250537
12     23     0.595833019343
13     23     0.595839382804
14     23     0.595846615997
15     23     0.595887263644
16     23     0.596089973096
17     23     0.596941177055
18     23     0.600062258236
19     23     0.609927569785
20     23     0.637729811424
21     23     0.706473531354
22     23     0.859824906584
23     23     1.16378487404
24     23     1.71091281547
25     23     2.59416730642
26     23     3.89307096957
27     23     5.61803477067
28     23     7.70614884568
29     23     10
30     23     7.70614884568
31     23     5.61803477067
32     23     3.89307096957
33     23     2.59416730642
34     23     1.71091281547
35     23     1.16378487404
36     23     0.859824906584
37     23     0.706473531354
38     23     0.637729811424
39     23     0.609927569785
40     23     0.600062258236
41     23     0.596941177055
42     23     0.596089973096
43     23     0.595887263644
44     23     0.595846721753
45     23     0.595839800262
46     23     0.595838461759
47     23     0.59583292239
48     23     0.595814243079
49     23     0.595700619297
50     23     0.595365489098
51     23     0.594075497902
52     23     0.590835368457
53     23     0.581892437021
54     23     0.562973013002
55     23     0.523220726609
56     23     0.453779953386
57     23     0.341214544824
58     23     0.186022594571
59     23     0

0     24     0
1     24     0.380482926048
2     24     0.692430329364
3     24     0.907802185393
4     24     1.04091505942
5     24     1.11192369775
6     24     1.14793980247
7     24     1.16312304481
8     24     1.16963235068
9     24     1.17173634709
10     24     1.17250737918
11     24     1.17268539243
12     24     1.17274165868
13     24     1.17275068333
14     24     1.17275957831
15     24     1.17279977325
16     24     1.17299511503
17     24     1.17382516778
18     24     1.1767981905
19     24     1.1863118632
20     24     1.21259033651
21     24     1.27828651977
22     24     1.42249528501
23     24     1.71091281547
24     24     2.22384739551
25     24     3.05736608807
26     24     4.27337675392
27     24     5.89472430838
28     24     7.84961749487
29     24     10
30     24     7.84961749487
31     24     5.89472430838
32     24     4.27337675392
33     24     3.05736608807
34     24     2.22384739551
35     24     1.71091281547
36     24     1.42249528501
37     24     1.27828651977
38     24     1.21259033651
39     24     1.1863118632
40     24     1.1767981905
41     24     1.17382516778
42     24     1.17299511503
43     24     1.1727998085
44     24     1.17275972489
45     24     1.17275290359
46     24     1.17274976228
47     24     1.17274156173
48     24     1.17268538497
49     24     1.17250737881
50     24     1.17173634708
51     24     1.16963235068
52     24     1.16312304481
53     24     1.14793980247
54     24     1.11192369775
55     24     1.04091505942
56     24     0.907802185393
57     24     0.692430329364
58     24     0.380482926048
59     24     0

0     25     0
1     25     0.733146685998
2     25     1.30390117167
3     25     1.68177451462
4     25     1.8998512418
5     25     2.01645102865
6     25     2.07094657981
7     25     2.09575364413
8     25     2.10507292029
9     25     2.10872799792
10     25     2.10978105753
11     25     2.11013832848
12     25     2.11021119942
13     25     2.11023353683
14     25     2.11024270753
15     25     2.1102804874
16     25     2.11046596186
17     25     2.11122199419
18     25     2.11399408043
19     25     2.12257004954
20     25     2.14673868977
21     25     2.20557791554
22     25     2.33683464994
23     25     2.59416730642
24     25     3.05736608807
25     25     3.79970248359
26     25     4.89137365348
27     25     6.33509335657
28     25     8.08275404979
29     25     10
30     25     8.08275404979
31     25     6.33509335657
32     25     4.89137365348
33     25     3.79970248359
34     25     3.05736608807
35     25     2.59416730642
36     25     2.33683464994
37     25     2.20557791554
38     25     2.14673868977
39     25     2.12257004954
40     25     2.11399408043
41     25     2.11122199419
42     25     2.11046597067
43     25     2.11028052589
44     25     2.1102434002
45     25     2.11023621788
46     25     2.11023265985
47     25     2.11021110246
48     25     2.11013832102
49     25     2.10978105716
50     25     2.10872799791
51     25     2.10507292029
52     25     2.09575364413
53     25     2.07094657981
54     25     2.01645102865
55     25     1.8998512418
56     25     1.68177451462
57     25     1.30390117167
58     25     0.733146685998
59     25     0

0     26     0
1     26     1.35181889291
2     26     2.31548564996
3     26     2.89382709343
4     26     3.20959913886
5     26     3.36557456852
6     26     3.43929101618
7     26     3.4698828285
8     26     3.48255010998
9     26     3.48680392174
10     26     3.48834261933
11     26     3.48873575704
12     26     3.48885996164
13     26     3.48888280843
14     26     3.48889446466
15     26     3.48892849525
16     26     3.48908447708
17     26     3.48974673736
18     26     3.49204997336
19     26     3.49942032357
20     26     3.51936929765
21     26     3.56924173284
22     26     3.67718481175
23     26     3.89307096957
24     26     4.27337675392
25     26     4.89137365348
26     26     5.78765418686
27     26     6.98269489803
28     26     8.41950685135
29     26     10
30     26     8.41950685135
31     26     6.98269489803
32     26     5.78765418686
33     26     4.89137365348
34     26     4.27337675392
35     26     3.89307096957
36     26     3.67718481175
37     26     3.56924173284
38     26     3.51936929765
39     26     3.49942032357
40     26     3.49204997336
41     26     3.48974673891
42     26     3.4890844842
43     26     3.48892865281
44     26     3.48889510952
45     26     3.48888890037
46     26     3.48888198589
47     26     3.48885987505
48     26     3.48873574958
49     26     3.48834261896
50     26     3.48680392173
51     26     3.48255010998
52     26     3.4698828285
53     26     3.43929101618
54     26     3.36557456852
55     26     3.20959913886
56     26     2.89382709343
57     26     2.31548564996
58     26     1.35181889291
59     26     0

0     27     0
1     27     2.47089416953
2     27     3.91790099766
3     27     4.66720924807
4     27     5.03119218491
5     27     5.20229397902
6     27     5.27682022584
7     27     5.30871993098
8     27     5.32060423102
9     27     5.32513849605
10     27     5.32649749823
11     27     5.32695416041
12     27     5.32705654883
13     27     5.32708735062
14     27     5.32709639604
15     27     5.32712171758
16     27     5.327242481
17     27     5.32771721731
18     27     5.32945783042
19     27     5.33471834773
20     27     5.34954344148
21     27     5.38506901175
22     27     5.46431836083
23     27     5.61803477067
24     27     5.89472430838
25     27     6.33509335657
26     27     6.98269489803
27     27     7.83580199532
28     27     8.86851058676
29     27     10
30     27     8.86851058676
31     27     7.83580199532
32     27     6.98269489803
33     27     6.33509335657
34     27     5.89472430838
35     27     5.61803477067
36     27     5.46431836083
37     27     5.38506901175
38     27     5.34954344148
39     27     5.33471834773
40     27     5.32945783059
41     27     5.32771721813
42     27     5.32724250486
43     27     5.32712182061
44     27     5.3270975855
45     27     5.32709192042
46     27     5.3270867458
47     27     5.32705647434
48     27     5.32695415468
49     27     5.32649749785
50     27     5.32513849605
51     27     5.32060423102
52     27     5.30871993098
53     27     5.27682022584
54     27     5.20229397902
55     27     5.03119218491
56     27     4.66720924807
57     27     3.91790099766
58     27     2.47089416953
59     27     0

0     28     0
1     28     4.70365753463
2     28     6.39761641723
3     28     7.06768795844
4     28     7.34960736379
5     28     7.46913456882
6     28     7.52012625111
7     28     7.54028728908
8     28     7.54828781421
9     28     7.55097731287
10     28     7.55193325369
11     28     7.55218674842
12     28     7.55226638199
13     28     7.55228206736
14     28     7.55228860908
15     28     7.55230292767
16     28     7.55236511148
17     28     7.55262884929
18     28     7.55352553026
19     28     7.55639490329
20     28     7.56404656458
21     28     7.58317571781
22     28     7.62416676043
23     28     7.70614884568
24     28     7.84961749487
25     28     8.08275404979
26     28     8.41950685135
27     28     8.86851058676
28     28     9.40731506926
29     28     10
30     28     9.40731506926
31     28     8.86851058676
32     28     8.41950685135
33     28     8.08275404979
34     28     7.84961749487
35     28     7.70614884568
36     28     7.62416676043
37     28     7.58317571781
38     28     7.56404656458
39     28     7.55639490329
40     28     7.5535255303
41     28     7.5526288512
42     28     7.55236512015
43     28     7.55230305756
44     28     7.55228913791
45     28     7.55228631078
46     28     7.55228170447
47     28     7.55226634379
48     28     7.5521867446
49     28     7.5519332535
50     28     7.55097731286
51     28     7.54828781421
52     28     7.54028728908
53     28     7.52012625111
54     28     7.46913456882
55     28     7.34960736379
56     28     7.06768795844
57     28     6.39761641723
58     28     4.70365753463
59     28     0

0     29     0
1     29     10
2     29     10
3     29     10
4     29     10
5     29     10
6     29     10
7     29     10
8     29     10
9     29     10
10     29     10
11     29     10
12     29     10
13     29     10
14     29     10
15     29     10
16     29     10
17     29     10
18     29     10
19     29     10
20     29     10
21     29     10
22     29     10
23     29     10
24     29     10
25     29     10
26     29     10
27     29     10
28     29     10
29     29     10
30     29     10
31     29     10
32     29     10
33     29     10
34     29     10
35     29     10
36     29     10
37     29     10
38     29     10
39     29     10
40     29     10
41     29     10
42     29     10
43     29     10
44     29     10
45     29     10
46     29     10
47     29     10
48     29     10
49     29     10
50     29     10
51     29     10
52     29     10
53     29     10
54     29     10
55     29     10
56     29     10
57     29     10
58     29     10
59     29     0

0     30     0
1     30     4.70365753463
2     30     6.39761641723
3     30     7.06768795844
4     30     7.34960736379
5     30     7.46913456882
6     30     7.52012625111
7     30     7.54028728908
8     30     7.54828781421
9     30     7.55097731287
10     30     7.55193325369
11     30     7.55218674842
12     30     7.55226638199
13     30     7.55228206736
14     30     7.55228860908
15     30     7.55230292767
16     30     7.55236511148
17     30     7.55262884929
18     30     7.55352553026
19     30     7.55639490329
20     30     7.56404656458
21     30     7.58317571781
22     30     7.62416676043
23     30     7.70614884568
24     30     7.84961749487
25     30     8.08275404979
26     30     8.41950685135
27     30     8.86851058676
28     30     9.40731506926
29     30     10
30     30     9.40731506926
31     30     8.86851058676
32     30     8.41950685135
33     30     8.08275404979
34     30     7.84961749487
35     30     7.70614884568
36     30     7.62416676043
37     30     7.58317571781
38     30     7.56404656458
39     30     7.55639490329
40     30     7.5535255303
41     30     7.5526288512
42     30     7.55236512015
43     30     7.55230305756
44     30     7.55228913791
45     30     7.55228631078
46     30     7.55228170447
47     30     7.55226634379
48     30     7.5521867446
49     30     7.5519332535
50     30     7.55097731286
51     30     7.54828781421
52     30     7.54028728908
53     30     7.52012625111
54     30     7.46913456882
55     30     7.34960736379
56     30     7.06768795844
57     30     6.39761641723
58     30     4.70365753463
59     30     0

0     31     0
1     31     2.47089416953
2     31     3.91790099766
3     31     4.66720924807
4     31     5.03119218491
5     31     5.20229397902
6     31     5.27682022584
7     31     5.30871993098
8     31     5.32060423102
9     31     5.32513849605
10     31     5.32649749823
11     31     5.32695416041
12     31     5.32705654883
13     31     5.32708735062
14     31     5.32709639604
15     31     5.32712171758
16     31     5.327242481
17     31     5.32771721731
18     31     5.32945783042
19     31     5.33471834773
20     31     5.34954344148
21     31     5.38506901175
22     31     5.46431836083
23     31     5.61803477067
24     31     5.89472430838
25     31     6.33509335657
26     31     6.98269489803
27     31     7.83580199532
28     31     8.86851058676
29     31     10
30     31     8.86851058676
31     31     7.83580199532
32     31     6.98269489803
33     31     6.33509335657
34     31     5.89472430838
35     31     5.61803477067
36     31     5.46431836083
37     31     5.38506901175
38     31     5.34954344148
39     31     5.33471834773
40     31     5.32945783059
41     31     5.32771721813
42     31     5.32724250486
43     31     5.32712182061
44     31     5.3270975855
45     31     5.32709192042
46     31     5.3270867458
47     31     5.32705647434
48     31     5.32695415468
49     31     5.32649749785
50     31     5.32513849605
51     31     5.32060423102
52     31     5.30871993098
53     31     5.27682022584
54     31     5.20229397902
55     31     5.03119218491
56     31     4.66720924807
57     31     3.91790099766
58     31     2.47089416953
59     31     0

0     32     0
1     32     1.35181889291
2     32     2.31548564996
3     32     2.89382709343
4     32     3.20959913886
5     32     3.36557456852
6     32     3.43929101618
7     32     3.4698828285
8     32     3.48255010998
9     32     3.48680392174
10     32     3.48834261933
11     32     3.48873575704
12     32     3.48885996164
13     32     3.48888280843
14     32     3.48889446466
15     32     3.48892849525
16     32     3.48908447708
17     32     3.48974673736
18     32     3.49204997336
19     32     3.49942032357
20     32     3.51936929765
21     32     3.56924173284
22     32     3.67718481175
23     32     3.89307096957
24     32     4.27337675392
25     32     4.89137365348
26     32     5.78765418686
27     32     6.98269489803
28     32     8.41950685135
29     32     10
30     32     8.41950685135
31     32     6.98269489803
32     32     5.78765418686
33     32     4.89137365348
34     32     4.27337675392
35     32     3.89307096957
36     32     3.67718481175
37     32     3.56924173284
38     32     3.51936929765
39     32     3.49942032357
40     32     3.49204997336
41     32     3.48974673891
42     32     3.4890844842
43     32     3.48892865281
44     32     3.48889510952
45     32     3.48888890037
46     32     3.48888198589
47     32     3.48885987505
48     32     3.48873574958
49     32     3.48834261896
50     32     3.48680392173
51     32     3.48255010998
52     32     3.4698828285
53     32     3.43929101618
54     32     3.36557456852
55     32     3.20959913886
56     32     2.89382709343
57     32     2.31548564996
58     32     1.35181889291
59     32     0

0     33     0
1     33     0.733146685998
2     33     1.30390117167
3     33     1.68177451462
4     33     1.8998512418
5     33     2.01645102865
6     33     2.07094657981
7     33     2.09575364413
8     33     2.10507292029
9     33     2.10872799792
10     33     2.10978105753
11     33     2.11013832848
12     33     2.11021119942
13     33     2.11023353683
14     33     2.11024270753
15     33     2.1102804874
16     33     2.11046596186
17     33     2.11122199419
18     33     2.11399408043
19     33     2.12257004954
20     33     2.14673868977
21     33     2.20557791554
22     33     2.33683464994
23     33     2.59416730642
24     33     3.05736608807
25     33     3.79970248359
26     33     4.89137365348
27     33     6.33509335657
28     33     8.08275404979
29     33     10
30     33     8.08275404979
31     33     6.33509335657
32     33     4.89137365348
33     33     3.79970248359
34     33     3.05736608807
35     33     2.59416730642
36     33     2.33683464994
37     33     2.20557791554
38     33     2.14673868977
39     33     2.12257004954
40     33     2.11399408043
41     33     2.11122199419
42     33     2.11046597067
43     33     2.11028052589
44     33     2.1102434002
45     33     2.11023621788
46     33     2.11023265985
47     33     2.11021110246
48     33     2.11013832102
49     33     2.10978105716
50     33     2.10872799791
51     33     2.10507292029
52     33     2.09575364413
53     33     2.07094657981
54     33     2.01645102865
55     33     1.8998512418
56     33     1.68177451462
57     33     1.30390117167
58     33     0.733146685998
59     33     0

0     34     0
1     34     0.380482926048
2     34     0.692430329364
3     34     0.907802185393
4     34     1.04091505942
5     34     1.11192369775
6     34     1.14793980247
7     34     1.16312304481
8     34     1.16963235068
9     34     1.17173634709
10     34     1.17250737918
11     34     1.17268539243
12     34     1.17274165868
13     34     1.17275068333
14     34     1.17275957831
15     34     1.17279977325
16     34     1.17299511503
17     34     1.17382516778
18     34     1.1767981905
19     34     1.1863118632
20     34     1.21259033651
21     34     1.27828651977
22     34     1.42249528501
23     34     1.71091281547
24     34     2.22384739551
25     34     3.05736608807
26     34     4.27337675392
27     34     5.89472430838
28     34     7.84961749487
29     34     10
30     34     7.84961749487
31     34     5.89472430838
32     34     4.27337675392
33     34     3.05736608807
34     34     2.22384739551
35     34     1.71091281547
36     34     1.42249528501
37     34     1.27828651977
38     34     1.21259033651
39     34     1.1863118632
40     34     1.1767981905
41     34     1.17382516778
42     34     1.17299511503
43     34     1.1727998085
44     34     1.17275972489
45     34     1.17275290359
46     34     1.17274976228
47     34     1.17274156173
48     34     1.17268538497
49     34     1.17250737881
50     34     1.17173634708
51     34     1.16963235068
52     34     1.16312304481
53     34     1.14793980247
54     34     1.11192369775
55     34     1.04091505942
56     34     0.907802185393
57     34     0.692430329364
58     34     0.380482926048
59     34     0

0     35     0
1     35     0.186022594571
2     35     0.341214544824
3     35     0.453779953386
4     35     0.523220726609
5     35     0.562973013002
6     35     0.581892437021
7     35     0.590835368457
8     35     0.594075497902
9     35     0.595365489107
10     35     0.59570061967
11     35     0.595814250537
12     35     0.595833019343
13     35     0.595839382804
14     35     0.595846615997
15     35     0.595887263644
16     35     0.596089973096
17     35     0.596941177055
18     35     0.600062258236
19     35     0.609927569785
20     35     0.637729811424
21     35     0.706473531354
22     35     0.859824906584
23     35     1.16378487404
24     35     1.71091281547
25     35     2.59416730642
26     35     3.89307096957
27     35     5.61803477067
28     35     7.70614884568
29     35     10
30     35     7.70614884568
31     35     5.61803477067
32     35     3.89307096957
33     35     2.59416730642
34     35     1.71091281547
35     35     1.16378487404
36     35     0.859824906584
37     35     0.706473531354
38     35     0.637729811424
39     35     0.609927569785
40     35     0.600062258236
41     35     0.596941177055
42     35     0.596089973096
43     35     0.595887263644
44     35     0.595846721753
45     35     0.595839800262
46     35     0.595838461759
47     35     0.59583292239
48     35     0.595814243079
49     35     0.595700619297
50     35     0.595365489098
51     35     0.594075497902
52     35     0.590835368457
53     35     0.581892437021
54     35     0.562973013002
55     35     0.523220726609
56     35     0.453779953386
57     35     0.341214544824
58     35     0.186022594571
59     35     0

0     36     0
1     36     0.0838794713491
2     36     0.155598429847
3     36     0.207301983246
4     36     0.241081005806
5     36     0.259372240198
6     36     0.268989538126
7     36     0.272904034064
8     36     0.274607889332
9     36     0.275104443654
10     36     0.275286164015
11     36     0.27531990112
12     36     0.275330494205
13     36     0.275332337369
14     36     0.275339399868
15     36     0.275380294279
16     36     0.275584061292
17     36     0.276450071096
18     36     0.279608166893
19     36     0.289714073442
20     36     0.318024237858
21     36     0.388799648899
22     36     0.545808068127
23     36     0.859824906584
24     36     1.42249528501
25     36     2.33683464994
26     36     3.67718481175
27     36     5.46431836083
28     36     7.62416676043
29     36     10
30     36     7.62416676043
31     36     5.46431836083
32     36     3.67718481175
33     36     2.33683464994
34     36     1.42249528501
35     36     0.859824906584
36     36     0.545808068127
37     36     0.388799648899
38     36     0.318024237858
39     36     0.289714073442
40     36     0.279608166893
41     36     0.276450071096
42     36     0.275584061292
43     36     0.275380294279
44     36     0.275339399868
45     36     0.275332584133
46     36     0.275331416324
47     36     0.275330397253
48     36     0.275319893663
49     36     0.275286163642
50     36     0.275104443645
51     36     0.274607889332
52     36     0.272904034064
53     36     0.268989538126
54     36     0.259372240198
55     36     0.241081005806
56     36     0.207301983246
57     36     0.155598429847
58     36     0.0838794713491
59     36     0

0     37     0
1     37     0.0348879036028
2     37     0.0644647807349
3     37     0.0866916228551
4     37     0.100504995244
5     37     0.108654169089
6     37     0.112398033452
7     37     0.114191759567
8     37     0.114778184725
9     37     0.115011019307
10     37     0.115059614927
11     37     0.11507583089
12     37     0.115077543869
13     37     0.115078923191
14     37     0.115085738926
15     37     0.115126633336
16     37     0.115331105389
17     37     0.116198965925
18     37     0.119381121222
19     37     0.129540493326
20     37     0.158171451076
21     37     0.22955636945
22     37     0.388799648899
23     37     0.706473531354
24     37     1.27828651977
25     37     2.20557791554
26     37     3.56924173284
27     37     5.38506901175
28     37     7.58317571781
29     37     10
30     37     7.58317571781
31     37     5.38506901175
32     37     3.56924173284
33     37     2.20557791554
34     37     1.27828651977
35     37     0.706473531354
36     37     0.388799648899
37     37     0.22955636945
38     37     0.158171451076
39     37     0.129540493326
40     37     0.119381121222
41     37     0.116198965925
42     37     0.115331105389
43     37     0.115126633336
44     37     0.115085738926
45     37     0.115078923191
46     37     0.115078002145
47     37     0.115077446917
48     37     0.115075823433
49     37     0.115059614554
50     37     0.115011019298
51     37     0.114778184725
52     37     0.114191759567
53     37     0.112398033452
54     37     0.108654169089
55     37     0.100504995244
56     37     0.0866916228551
57     37     0.0644647807349
58     37     0.0348879036028
59     37     0

0     38     0
1     38     0.0130692517268
2     38     0.0244049454341
3     38     0.0325653759137
4     38     0.0380106918601
5     38     0.0408539894306
6     38     0.0423643223257
7     38     0.042919794214
8     38     0.0431604317782
9     38     0.0432168300267
10     38     0.0432370829913
11     38     0.0432393697702
12     38     0.0432401541366
13     38     0.0432410751819
14     38     0.043247890917
15     38     0.0432887853276
16     38     0.0434932573808
17     38     0.0443622636067
18     38     0.047547092181
19     38     0.0577385436191
20     38     0.0864336600353
21     38     0.158171451076
22     38     0.318024237858
23     38     0.637729811424
24     38     1.21259033651
25     38     2.14673868977
26     38     3.51936929765
27     38     5.34954344148
28     38     7.56404656458
29     38     10
30     38     7.56404656458
31     38     5.34954344148
32     38     3.51936929765
33     38     2.14673868977
34     38     1.21259033651
35     38     0.637729811424
36     38     0.318024237858
37     38     0.158171451076
38     38     0.0864336600353
39     38     0.0577385436191
40     38     0.047547092181
41     38     0.0443622636067
42     38     0.0434932573808
43     38     0.0432887853276
44     38     0.043247890917
45     38     0.0432410751819
46     38     0.0432401541366
47     38     0.0432400571844
48     38     0.0432393623123
49     38     0.0432370826184
50     38     0.0432168300176
51     38     0.0431604317782
52     38     0.042919794214
53     38     0.0423643223257
54     38     0.0408539894306
55     38     0.0380106918601
56     38     0.0325653759137
57     38     0.0244049454341
58     38     0.0130692517268
59     38     0

0     39     0
1     39     0.00446164980531
2     39     0.00822084988613
3     39     0.0110777046211
4     39     0.0127889923897
5     39     0.0138044844061
6     39     0.0142269504977
7     39     0.0144279098095
8     39     0.0144808787809
9     39     0.0145014610189
10     39     0.0145040703501
11     39     0.014504917981
12     39     0.0145050149331
13     39     0.0145059359784
14     39     0.0145127517135
15     39     0.0145536461241
16     39     0.0147581181773
17     39     0.0156271244032
18     39     0.0188134805649
19     39     0.0290081399362
20     39     0.0577385436191
21     39     0.129540493326
22     39     0.289714073442
23     39     0.609927569785
24     39     1.1863118632
25     39     2.12257004954
26     39     3.49942032357
27     39     5.33471834773
28     39     7.55639490329
29     39     10
30     39     7.55639490329
31     39     5.33471834773
32     39     3.49942032357
33     39     2.12257004954
34     39     1.1863118632
35     39     0.609927569785
36     39     0.289714073442
37     39     0.129540493326
38     39     0.0577385436191
39     39     0.0290081399362
40     39     0.0188134805649
41     39     0.0156271244032
42     39     0.0147581181773
43     39     0.0145536461241
44     39     0.0145127517135
45     39     0.0145059359784
46     39     0.0145050149331
47     39     0.014504917981
48     39     0.0145049105231
49     39     0.0145040699772
50     39     0.0145014610098
51     39     0.0144808787809
52     39     0.0144279098095
53     39     0.0142269504977
54     39     0.0138044844061
55     39     0.0127889923897
56     39     0.0110777046211
57     39     0.00822084988613
58     39     0.00446164980531
59     39     0

0     40     0
1     40     0.00133878591441
2     40     0.00250367629633
3     40     0.00331422415911
4     40     0.00385575978726
5     40     0.00411280590924
6     40     0.00424801553891
7     40     0.00428827361247
8     40     0.00430529817095
9     40     0.00430773025982
10     40     0.00430857080573
11     40     0.00430857826359
12     40     0.00430867521573
13     40     0.00430959626101
14     40     0.00431641199611
15     40     0.00435730640675
16     40     0.0045617784599
17     40     0.00543078468581
18     40     0.00861714084749
19     40     0.0188134805649
20     40     0.047547092181
21     40     0.119381121222
22     40     0.279608166893
23     40     0.600062258236
24     40     1.1767981905
25     40     2.11399408043
26     40     3.49204997336
27     40     5.32945783059
28     40     7.5535255303
29     40     10
30     40     7.5535255303
31     40     5.32945783059
32     40     3.49204997336
33     40     2.11399408043
34     40     1.1767981905
35     40     0.600062258236
36     40     0.279608166893
37     40     0.119381121222
38     40     0.047547092181
39     40     0.0188134805649
40     40     0.00861714084749
41     40     0.00543078468581
42     40     0.0045617784599
43     40     0.00435730640675
44     40     0.00431641199611
45     40     0.00430959626101
46     40     0.00430867521573
47     40     0.00430857826359
48     40     0.00430857080573
49     40     0.00430857043284
50     40     0.00430773025073
51     40     0.00430529817095
52     40     0.00428827361247
53     40     0.00424801553891
54     40     0.00411280590924
55     40     0.00385575978726
56     40     0.00331422415911
57     40     0.00250367629633
58     40     0.00133878591441
59     40     0

0     41     0
1     41     0.000362511482308
2     41     0.00066075007453
3     41     0.000886871703187
4     41     0.00101089956843
5     41     0.00108361388811
6     41     0.0011082625042
7     41     0.00111968168312
8     41     0.00112152684778
9     41     0.00112221427116
10     41     0.00112221464406
11     41     0.00112222210191
12     41     0.00112231905405
13     41     0.00112324009933
14     41     0.00113005583444
15     41     0.00117095024507
16     41     0.00137542229822
17     41     0.00224442852414
18     41     0.00543078468581
19     41     0.0156271244032
20     41     0.0443622636067
21     41     0.116198965925
22     41     0.276450071096
23     41     0.596941177055
24     41     1.17382516778
25     41     2.11122199419
26     41     3.48974673891
27     41     5.32771721813
28     41     7.5526288512
29     41     10
30     41     7.5526288512
31     41     5.32771721813
32     41     3.48974673891
33     41     2.11122199419
34     41     1.17382516778
35     41     0.596941177055
36     41     0.276450071096
37     41     0.116198965925
38     41     0.0443622636067
39     41     0.0156271244032
40     41     0.00543078468581
41     41     0.00224442852414
42     41     0.00137542229822
43     41     0.00117095024507
44     41     0.00113005583444
45     41     0.00112324009933
46     41     0.00112231905405
47     41     0.00112222210191
48     41     0.00112221464406
49     41     0.00112221427116
50     41     0.00112221426207
51     41     0.00112152684778
52     41     0.00111968168312
53     41     0.0011082625042
54     41     0.00108361388811
55     41     0.00101089956843
56     41     0.000886871703187
57     41     0.00066075007453
58     41     0.000362511482308
59     41     0

0     42     0
1     42     8.34598631627e-05
2     42     0.000155840662046
3     42     0.000202594292205
4     42     0.000233415612456
5     42     0.000245457540586
6     42     0.00025161612939
7     42     0.000252749759966
8     42     0.000253208036156
9     42     0.000253208045251
10     42     0.000253208418144
11     42     0.000253215876
12     42     0.000253312828136
13     42     0.00025423387342
14     42     0.000261049608525
15     42     0.000301944019157
16     42     0.000506416072312
17     42     0.00137542229822
18     42     0.0045617784599
19     42     0.0147581181773
20     42     0.0434932573808
21     42     0.115331105389
22     42     0.275584061292
23     42     0.596089973096
24     42     1.17299511503
25     42     2.11046597067
26     42     3.4890844842
27     42     5.32724250486
28     42     7.55236512015
29     42     10
30     42     7.55236512015
31     42     5.32724250486
32     42     3.4890844842
33     42     2.11046597067
34     42     1.17299511503
35     42     0.596089973096
36     42     0.275584061292
37     42     0.115331105389
38     42     0.0434932573808
39     42     0.0147581181773
40     42     0.0045617784599
41     42     0.00137542229822
42     42     0.000506416072312
43     42     0.000301944019157
44     42     0.000261049608525
45     42     0.00025423387342
46     42     0.000253312828136
47     42     0.000253215876
48     42     0.000253208418144
49     42     0.000253208045251
50     42     0.000253208036156
51     42     0.000253208036156
52     42     0.000252749759966
53     42     0.00025161612939
54     42     0.000245457540586
55     42     0.000233415612456
56     42     0.000202594292205
57     42     0.000155840662046
58     42     8.34598631627e-05
59     42     0

0     43     0
1     43     1.71625288203e-05
2     43     3.06104720948e-05
3     43     4.06780782214e-05
4     43     4.52986023447e-05
5     43     4.79307527712e-05
6     43     4.84892188979e-05
7     43     4.87359830004e-05
8     43     4.87359830004e-05
9     43     4.87359920953e-05
10     43     4.87363649881e-05
11     43     4.87438228447e-05
12     43     4.88407749799e-05
13     43     4.97618202644e-05
14     43     5.65775553696e-05
15     43     9.74719660007e-05
16     43     0.000301944019157
17     43     0.00117095024507
18     43     0.00435730640675
19     43     0.0145536461241
20     43     0.0432887853276
21     43     0.115126633336
22     43     0.275380294279
23     43     0.595887263644
24     43     1.1727998085
25     43     2.11028052589
26     43     3.48892865281
27     43     5.32712182061
28     43     7.55230305756
29     43     10
30     43     7.55230305756
31     43     5.32712182061
32     43     3.48892865281
33     43     2.11028052589
34     43     1.1727998085
35     43     0.595887263644
36     43     0.275380294279
37     43     0.115126633336
38     43     0.0432887853276
39     43     0.0145536461241
40     43     0.00435730640675
41     43     0.00117095024507
42     43     0.000301944019157
43     43     9.74719660007e-05
44     43     5.65775553696e-05
45     43     4.97618202644e-05
46     43     4.88407749799e-05
47     43     4.87438228447e-05
48     43     4.87363649881e-05
49     43     4.87359920953e-05
50     43     4.87359830004e-05
51     43     4.87359830004e-05
52     43     4.87359830004e-05
53     43     4.84892188979e-05
54     43     4.79307527712e-05
55     43     4.52986023447e-05
56     43     4.06780782214e-05
57     43     3.06104720948e-05
58     43     1.71625288203e-05
59     43     0

0     44     0
1     44     2.84393536276e-06
2     44     5.28892996954e-06
3     44     6.64748768031e-06
4     44     7.51873812987e-06
5     44     7.73581632529e-06
6     44     7.84157236922e-06
7     44     7.84157236922e-06
8     44     7.84157236922e-06
9     44     7.84158146416e-06
10     44     7.84195435699e-06
11     44     7.84941221355e-06
12     44     7.94636434875e-06
13     44     8.86740963324e-06
14     44     1.56831447384e-05
15     44     5.65775553696e-05
16     44     0.000261049608525
17     44     0.00113005583444
18     44     0.00431641199611
19     44     0.0145127517135
20     44     0.043247890917
21     44     0.115085738926
22     44     0.275339399868
23     44     0.595846721753
24     44     1.17275972489
25     44     2.1102434002
26     44     3.48889510952
27     44     5.3270975855
28     44     7.55228913791
29     44     10
30     44     7.55228913791
31     44     5.3270975855
32     44     3.48889510952
33     44     2.1102434002
34     44     1.17275972489
35     44     0.595846721753
36     44     0.275339399868
37     44     0.115085738926
38     44     0.043247890917
39     44     0.0145127517135
40     44     0.00431641199611
41     44     0.00113005583444
42     44     0.000261049608525
43     44     5.65775553696e-05
44     44     1.56831447384e-05
45     44     8.86740963324e-06
46     44     7.94636434875e-06
47     44     7.84941221355e-06
48     44     7.84195435699e-06
49     44     7.84158146416e-06
50     44     7.84157236922e-06
51     44     7.84157236922e-06
52     44     7.84157236922e-06
53     44     7.84157236922e-06
54     44     7.73581632529e-06
55     44     7.51873812987e-06
56     44     6.64748768031e-06
57     44     5.28892996954e-06
58     44     2.84393536276e-06
59     44     0

0     45     0
1     45     4.15748218074e-07
2     45     7.10278982297e-07
3     45     9.25647327676e-07
4     45     9.90585249383e-07
5     45     1.02583726402e-06
6     45     1.02583726402e-06
7     45     1.02583726402e-06
8     45     1.02583726402e-06
9     45     1.02584635897e-06
10     45     1.0262192518e-06
11     45     1.03367710835e-06
12     45     1.13062924356e-06
13     45     2.05167452805e-06
14     45     8.86740963324e-06
15     45     4.97618202644e-05
16     45     0.00025423387342
17     45     0.00112324009933
18     45     0.00430959626101
19     45     0.0145059359784
20     45     0.0432410751819
21     45     0.115078923191
22     45     0.275332584133
23     45     0.595839800262
24     45     1.17275290359
25     45     2.11023621788
26     45     3.48888890037
27     45     5.32709192042
28     45     7.55228631078
29     45     10
30     45     7.55228631078
31     45     5.32709192042
32     45     3.48888890037
33     45     2.11023621788
34     45     1.17275290359
35     45     0.595839800262
36     45     0.275332584133
37     45     0.115078923191
38     45     0.0432410751819
39     45     0.0145059359784
40     45     0.00430959626101
41     45     0.00112324009933
42     45     0.00025423387342
43     45     4.97618202644e-05
44     45     8.86740963324e-06
45     45     2.05167452805e-06
46     45     1.13062924356e-06
47     45     1.03367710835e-06
48     45     1.0262192518e-06
49     45     1.02584635897e-06
50     45     1.02583726402e-06
51     45     1.02583726402e-06
52     45     1.02583726402e-06
53     45     1.02583726402e-06
54     45     1.02583726402e-06
55     45     9.90585249383e-07
56     45     9.25647327676e-07
57     45     7.10278982297e-07
58     45     4.15748218074e-07
59     45     0

0     46     0
1     46     4.41832526121e-08
2     46     8.15998646431e-08
3     46     9.59789758781e-08
4     46     1.04791979538e-07
5     46     1.04791979538e-07
6     46     1.04791979538e-07
7     46     1.04791979538e-07
8     46     1.04791979538e-07
9     46     1.04801074485e-07
10     46     1.05173967313e-07
11     46     1.12631823868e-07
12     46     2.09583959077e-07
13     46     1.13062924356e-06
14     46     7.94636434875e-06
15     46     4.88407749799e-05
16     46     0.000253312828136
17     46     0.00112231905405
18     46     0.00430867521573
19     46     0.0145050149331
20     46     0.0432401541366
21     46     0.115078002145
22     46     0.275331416324
23     46     0.595838461759
24     46     1.17274976228
25     46     2.11023265985
26     46     3.48888198589
27     46     5.3270867458
28     46     7.55228170447
29     46     10
30     46     7.55228170447
31     46     5.3270867458
32     46     3.48888198589
33     46     2.11023265985
34     46     1.17274976228
35     46     0.595838461759
36     46     0.275331416324
37     46     0.115078002145
38     46     0.0432401541366
39     46     0.0145050149331
40     46     0.00430867521573
41     46     0.00112231905405
42     46     0.000253312828136
43     46     4.88407749799e-05
44     46     7.94636434875e-06
45     46     1.13062924356e-06
46     46     2.09583959077e-07
47     46     1.12631823868e-07
48     46     1.05173967313e-07
49     46     1.04801074485e-07
50     46     1.04791979538e-07
51     46     1.04791979538e-07
52     46     1.04791979538e-07
53     46     1.04791979538e-07
54     46     1.04791979538e-07
55     46     1.04791979538e-07
56     46     9.59789758781e-08
57     46     8.15998646431e-08
58     46     4.41832526121e-08
59     46     0

0     47     0
1     47     4.07453626394e-09
2     47     6.28460838925e-09
3     47     7.83984432928e-09
4     47     7.83984432928e-09
5     47     7.83984432928e-09
6     47     7.83984432928e-09
7     47     7.83984432928e-09
8     47     7.83984432928e-09
9     47     7.8489392763e-09
10     47     8.22183210403e-09
11     47     1.56796886586e-08
12     47     1.12631823868e-07
13     47     1.03367710835e-06
14     47     7.84941221355e-06
15     47     4.87438228447e-05
16     47     0.000253215876
17     47     0.00112222210191
18     47     0.00430857826359
19     47     0.014504917981
20     47     0.0432400571844
21     47     0.115077446917
22     47     0.275330397253
23     47     0.59583292239
24     47     1.17274156173
25     47     2.11021110246
26     47     3.48885987505
27     47     5.32705647434
28     47     7.55226634379
29     47     10
30     47     7.55226634379
31     47     5.32705647434
32     47     3.48885987505
33     47     2.11021110246
34     47     1.17274156173
35     47     0.59583292239
36     47     0.275330397253
37     47     0.115077446917
38     47     0.0432400571844
39     47     0.014504917981
40     47     0.00430857826359
41     47     0.00112222210191
42     47     0.000253215876
43     47     4.87438228447e-05
44     47     7.84941221355e-06
45     47     1.03367710835e-06
46     47     1.12631823868e-07
47     47     1.56796886586e-08
48     47     8.22183210403e-09
49     47     7.8489392763e-09
50     47     7.83984432928e-09
51     47     7.83984432928e-09
52     47     7.83984432928e-09
53     47     7.83984432928e-09
54     47     7.83984432928e-09
55     47     7.83984432928e-09
56     47     7.83984432928e-09
57     47     6.28460838925e-09
58     47     4.07453626394e-09
59     47     0

0     48     0
1     48     2.09183781408e-10
2     48     3.81987774745e-10
3     48     3.81987774745e-10
4     48     3.81987774745e-10
5     48     3.81987774745e-10
6     48     3.81987774745e-10
7     48     3.81987774745e-10
8     48     3.81987774745e-10
9     48     3.91082721762e-10
10     48     7.63975549489e-10
11     48     8.22183210403e-09
12     48     1.05173967313e-07
13     48     1.0262192518e-06
14     48     7.84195435699e-06
15     48     4.87363649881e-05
16     48     0.000253208418144
17     48     0.00112221464406
18     48     0.00430857080573
19     48     0.0145049105231
20     48     0.0432393623123
21     48     0.115075823433
22     48     0.275319893663
23     48     0.595814243079
24     48     1.17268538497
25     48     2.11013832102
26     48     3.48873574958
27     48     5.32695415468
28     48     7.5521867446
29     48     10
30     48     7.5521867446
31     48     5.32695415468
32     48     3.48873574958
33     48     2.11013832102
34     48     1.17268538497
35     48     0.595814243079
36     48     0.275319893663
37     48     0.115075823433
38     48     0.0432393623123
39     48     0.0145049105231
40     48     0.00430857080573
41     48     0.00112221464406
42     48     0.000253208418144
43     48     4.87363649881e-05
44     48     7.84195435699e-06
45     48     1.0262192518e-06
46     48     1.05173967313e-07
47     48     8.22183210403e-09
48     48     7.63975549489e-10
49     48     3.91082721762e-10
50     48     3.81987774745e-10
51     48     3.81987774745e-10
52     48     3.81987774745e-10
53     48     3.81987774745e-10
54     48     3.81987774745e-10
55     48     3.81987774745e-10
56     48     3.81987774745e-10
57     48     3.81987774745e-10
58     48     2.09183781408e-10
59     48     0

0     49     0
1     49     9.09494701773e-12
2     49     9.09494701773e-12
3     49     9.09494701773e-12
4     49     9.09494701773e-12
5     49     9.09494701773e-12
6     49     9.09494701773e-12
7     49     9.09494701773e-12
8     49     9.09494701773e-12
9     49     1.81898940355e-11
10     49     3.91082721762e-10
11     49     7.8489392763e-09
12     49     1.04801074485e-07
13     49     1.02584635897e-06
14     49     7.84158146416e-06
15     49     4.87359920953e-05
16     49     0.000253208045251
17     49     0.00112221427116
18     49     0.00430857043284
19     49     0.0145040699772
20     49     0.0432370826184
21     49     0.115059614554
22     49     0.275286163642
23     49     0.595700619297
24     49     1.17250737881
25     49     2.10978105716
26     49     3.48834261896
27     49     5.32649749785
28     49     7.5519332535
29     49     10
30     49     7.5519332535
31     49     5.32649749785
32     49     3.48834261896
33     49     2.10978105716
34     49     1.17250737881
35     49     0.595700619297
36     49     0.275286163642
37     49     0.115059614554
38     49     0.0432370826184
39     49     0.0145040699772
40     49     0.00430857043284
41     49     0.00112221427116
42     49     0.000253208045251
43     49     4.87359920953e-05
44     49     7.84158146416e-06
45     49     1.02584635897e-06
46     49     1.04801074485e-07
47     49     7.8489392763e-09
48     49     3.91082721762e-10
49     49     1.81898940355e-11
50     49     9.09494701773e-12
51     49     9.09494701773e-12
52     49     9.09494701773e-12
53     49     9.09494701773e-12
54     49     9.09494701773e-12
55     49     9.09494701773e-12
56     49     9.09494701773e-12
57     49     9.09494701773e-12
58     49     9.09494701773e-12
59     49     0

0     50     0
1     50     0.0
2     50     0.0
3     50     0.0
4     50     0.0
5     50     0.0
6     50     0.0
7     50     0.0
8     50     0.0
9     50     9.09494701773e-12
10     50     3.81987774745e-10
11     50     7.83984432928e-09
12     50     1.04791979538e-07
13     50     1.02583726402e-06
14     50     7.84157236922e-06
15     50     4.87359830004e-05
16     50     0.000253208036156
17     50     0.00112221426207
18     50     0.00430773025073
19     50     0.0145014610098
20     50     0.0432168300176
21     50     0.115011019298
22     50     0.275104443645
23     50     0.595365489098
24     50     1.17173634708
25     50     2.10872799791
26     50     3.48680392173
27     50     5.32513849605
28     50     7.55097731286
29     50     10
30     50     7.55097731286
31     50     5.32513849605
32     50     3.48680392173
33     50     2.10872799791
34     50     1.17173634708
35     50     0.595365489098
36     50     0.275104443645
37     50     0.115011019298
38     50     0.0432168300176
39     50     0.0145014610098
40     50     0.00430773025073
41     50     0.00112221426207
42     50     0.000253208036156
43     50     4.87359830004e-05
44     50     7.84157236922e-06
45     50     1.02583726402e-06
46     50     1.04791979538e-07
47     50     7.83984432928e-09
48     50     3.81987774745e-10
49     50     9.09494701773e-12
50     50     0.0
51     50     0.0
52     50     0.0
53     50     0.0
54     50     0.0
55     50     0.0
56     50     0.0
57     50     0.0
58     50     0.0
59     50     0

0     51     0
1     51     0.0
2     51     0.0
3     51     0.0
4     51     0.0
5     51     0.0
6     51     0.0
7     51     0.0
8     51     0.0
9     51     9.09494701773e-12
10     51     3.81987774745e-10
11     51     7.83984432928e-09
12     51     1.04791979538e-07
13     51     1.02583726402e-06
14     51     7.84157236922e-06
15     51     4.87359830004e-05
16     51     0.000253208036156
17     51     0.00112152684778
18     51     0.00430529817095
19     51     0.0144808787809
20     51     0.0431604317782
21     51     0.114778184725
22     51     0.274607889332
23     51     0.594075497902
24     51     1.16963235068
25     51     2.10507292029
26     51     3.48255010998
27     51     5.32060423102
28     51     7.54828781421
29     51     10
30     51     7.54828781421
31     51     5.32060423102
32     51     3.48255010998
33     51     2.10507292029
34     51     1.16963235068
35     51     0.594075497902
36     51     0.274607889332
37     51     0.114778184725
38     51     0.0431604317782
39     51     0.0144808787809
40     51     0.00430529817095
41     51     0.00112152684778
42     51     0.000253208036156
43     51     4.87359830004e-05
44     51     7.84157236922e-06
45     51     1.02583726402e-06
46     51     1.04791979538e-07
47     51     7.83984432928e-09
48     51     3.81987774745e-10
49     51     9.09494701773e-12
50     51     0.0
51     51     0.0
52     51     0.0
53     51     0.0
54     51     0.0
55     51     0.0
56     51     0.0
57     51     0.0
58     51     0.0
59     51     0

0     52     0
1     52     0.0
2     52     0.0
3     52     0.0
4     52     0.0
5     52     0.0
6     52     0.0
7     52     0.0
8     52     0.0
9     52     9.09494701773e-12
10     52     3.81987774745e-10
11     52     7.83984432928e-09
12     52     1.04791979538e-07
13     52     1.02583726402e-06
14     52     7.84157236922e-06
15     52     4.87359830004e-05
16     52     0.000252749759966
17     52     0.00111968168312
18     52     0.00428827361247
19     52     0.0144279098095
20     52     0.042919794214
21     52     0.114191759567
22     52     0.272904034064
23     52     0.590835368457
24     52     1.16312304481
25     52     2.09575364413
26     52     3.4698828285
27     52     5.30871993098
28     52     7.54028728908
29     52     10
30     52     7.54028728908
31     52     5.30871993098
32     52     3.4698828285
33     52     2.09575364413
34     52     1.16312304481
35     52     0.590835368457
36     52     0.272904034064
37     52     0.114191759567
38     52     0.042919794214
39     52     0.0144279098095
40     52     0.00428827361247
41     52     0.00111968168312
42     52     0.000252749759966
43     52     4.87359830004e-05
44     52     7.84157236922e-06
45     52     1.02583726402e-06
46     52     1.04791979538e-07
47     52     7.83984432928e-09
48     52     3.81987774745e-10
49     52     9.09494701773e-12
50     52     0.0
51     52     0.0
52     52     0.0
53     52     0.0
54     52     0.0
55     52     0.0
56     52     0.0
57     52     0.0
58     52     0.0
59     52     0

0     53     0
1     53     0.0
2     53     0.0
3     53     0.0
4     53     0.0
5     53     0.0
6     53     0.0
7     53     0.0
8     53     0.0
9     53     9.09494701773e-12
10     53     3.81987774745e-10
11     53     7.83984432928e-09
12     53     1.04791979538e-07
13     53     1.02583726402e-06
14     53     7.84157236922e-06
15     53     4.84892188979e-05
16     53     0.00025161612939
17     53     0.0011082625042
18     53     0.00424801553891
19     53     0.0142269504977
20     53     0.0423643223257
21     53     0.112398033452
22     53     0.268989538126
23     53     0.581892437021
24     53     1.14793980247
25     53     2.07094657981
26     53     3.43929101618
27     53     5.27682022584
28     53     7.52012625111
29     53     10
30     53     7.52012625111
31     53     5.27682022584
32     53     3.43929101618
33     53     2.07094657981
34     53     1.14793980247
35     53     0.581892437021
36     53     0.268989538126
37     53     0.112398033452
38     53     0.0423643223257
39     53     0.0142269504977
40     53     0.00424801553891
41     53     0.0011082625042
42     53     0.00025161612939
43     53     4.84892188979e-05
44     53     7.84157236922e-06
45     53     1.02583726402e-06
46     53     1.04791979538e-07
47     53     7.83984432928e-09
48     53     3.81987774745e-10
49     53     9.09494701773e-12
50     53     0.0
51     53     0.0
52     53     0.0
53     53     0.0
54     53     0.0
55     53     0.0
56     53     0.0
57     53     0.0
58     53     0.0
59     53     0

0     54     0
1     54     0.0
2     54     0.0
3     54     0.0
4     54     0.0
5     54     0.0
6     54     0.0
7     54     0.0
8     54     0.0
9     54     9.09494701773e-12
10     54     3.81987774745e-10
11     54     7.83984432928e-09
12     54     1.04791979538e-07
13     54     1.02583726402e-06
14     54     7.73581632529e-06
15     54     4.79307527712e-05
16     54     0.000245457540586
17     54     0.00108361388811
18     54     0.00411280590924
19     54     0.0138044844061
20     54     0.0408539894306
21     54     0.108654169089
22     54     0.259372240198
23     54     0.562973013002
24     54     1.11192369775
25     54     2.01645102865
26     54     3.36557456852
27     54     5.20229397902
28     54     7.46913456882
29     54     10
30     54     7.46913456882
31     54     5.20229397902
32     54     3.36557456852
33     54     2.01645102865
34     54     1.11192369775
35     54     0.562973013002
36     54     0.259372240198
37     54     0.108654169089
38     54     0.0408539894306
39     54     0.0138044844061
40     54     0.00411280590924
41     54     0.00108361388811
42     54     0.000245457540586
43     54     4.79307527712e-05
44     54     7.73581632529e-06
45     54     1.02583726402e-06
46     54     1.04791979538e-07
47     54     7.83984432928e-09
48     54     3.81987774745e-10
49     54     9.09494701773e-12
50     54     0.0
51     54     0.0
52     54     0.0
53     54     0.0
54     54     0.0
55     54     0.0
56     54     0.0
57     54     0.0
58     54     0.0
59     54     0

0     55     0
1     55     0.0
2     55     0.0
3     55     0.0
4     55     0.0
5     55     0.0
6     55     0.0
7     55     0.0
8     55     0.0
9     55     9.09494701773e-12
10     55     3.81987774745e-10
11     55     7.83984432928e-09
12     55     1.04791979538e-07
13     55     9.90585249383e-07
14     55     7.51873812987e-06
15     55     4.52986023447e-05
16     55     0.000233415612456
17     55     0.00101089956843
18     55     0.00385575978726
19     55     0.0127889923897
20     55     0.0380106918601
21     55     0.100504995244
22     55     0.241081005806
23     55     0.523220726609
24     55     1.04091505942
25     55     1.8998512418
26     55     3.20959913886
27     55     5.03119218491
28     55     7.34960736379
29     55     10
30     55     7.34960736379
31     55     5.03119218491
32     55     3.20959913886
33     55     1.8998512418
34     55     1.04091505942
35     55     0.523220726609
36     55     0.241081005806
37     55     0.100504995244
38     55     0.0380106918601
39     55     0.0127889923897
40     55     0.00385575978726
41     55     0.00101089956843
42     55     0.000233415612456
43     55     4.52986023447e-05
44     55     7.51873812987e-06
45     55     9.90585249383e-07
46     55     1.04791979538e-07
47     55     7.83984432928e-09
48     55     3.81987774745e-10
49     55     9.09494701773e-12
50     55     0.0
51     55     0.0
52     55     0.0
53     55     0.0
54     55     0.0
55     55     0.0
56     55     0.0
57     55     0.0
58     55     0.0
59     55     0

0     56     0
1     56     0.0
2     56     0.0
3     56     0.0
4     56     0.0
5     56     0.0
6     56     0.0
7     56     0.0
8     56     0.0
9     56     9.09494701773e-12
10     56     3.81987774745e-10
11     56     7.83984432928e-09
12     56     9.59789758781e-08
13     56     9.25647327676e-07
14     56     6.64748768031e-06
15     56     4.06780782214e-05
16     56     0.000202594292205
17     56     0.000886871703187
18     56     0.00331422415911
19     56     0.0110777046211
20     56     0.0325653759137
21     56     0.0866916228551
22     56     0.207301983246
23     56     0.453779953386
24     56     0.907802185393
25     56     1.68177451462
26     56     2.89382709343
27     56     4.66720924807
28     56     7.06768795844
29     56     10
30     56     7.06768795844
31     56     4.66720924807
32     56     2.89382709343
33     56     1.68177451462
34     56     0.907802185393
35     56     0.453779953386
36     56     0.207301983246
37     56     0.0866916228551
38     56     0.0325653759137
39     56     0.0110777046211
40     56     0.00331422415911
41     56     0.000886871703187
42     56     0.000202594292205
43     56     4.06780782214e-05
44     56     6.64748768031e-06
45     56     9.25647327676e-07
46     56     9.59789758781e-08
47     56     7.83984432928e-09
48     56     3.81987774745e-10
49     56     9.09494701773e-12
50     56     0.0
51     56     0.0
52     56     0.0
53     56     0.0
54     56     0.0
55     56     0.0
56     56     0.0
57     56     0.0
58     56     0.0
59     56     0

0     57     0
1     57     0.0
2     57     0.0
3     57     0.0
4     57     0.0
5     57     0.0
6     57     0.0
7     57     0.0
8     57     0.0
9     57     9.09494701773e-12
10     57     3.81987774745e-10
11     57     6.28460838925e-09
12     57     8.15998646431e-08
13     57     7.10278982297e-07
14     57     5.28892996954e-06
15     57     3.06104720948e-05
16     57     0.000155840662046
17     57     0.00066075007453
18     57     0.00250367629633
19     57     0.00822084988613
20     57     0.0244049454341
21     57     0.0644647807349
22     57     0.155598429847
23     57     0.341214544824
24     57     0.692430329364
25     57     1.30390117167
26     57     2.31548564996
27     57     3.91790099766
28     57     6.39761641723
29     57     10
30     57     6.39761641723
31     57     3.91790099766
32     57     2.31548564996
33     57     1.30390117167
34     57     0.692430329364
35     57     0.341214544824
36     57     0.155598429847
37     57     0.0644647807349
38     57     0.0244049454341
39     57     0.00822084988613
40     57     0.00250367629633
41     57     0.00066075007453
42     57     0.000155840662046
43     57     3.06104720948e-05
44     57     5.28892996954e-06
45     57     7.10278982297e-07
46     57     8.15998646431e-08
47     57     6.28460838925e-09
48     57     3.81987774745e-10
49     57     9.09494701773e-12
50     57     0.0
51     57     0.0
52     57     0.0
53     57     0.0
54     57     0.0
55     57     0.0
56     57     0.0
57     57     0.0
58     57     0.0
59     57     0

0     58     0
1     58     0.0
2     58     0.0
3     58     0.0
4     58     0.0
5     58     0.0
6     58     0.0
7     58     0.0
8     58     0.0
9     58     9.09494701773e-12
10     58     2.09183781408e-10
11     58     4.07453626394e-09
12     58     4.41832526121e-08
13     58     4.15748218074e-07
14     58     2.84393536276e-06
15     58     1.71625288203e-05
16     58     8.34598631627e-05
17     58     0.000362511482308
18     58     0.00133878591441
19     58     0.00446164980531
20     58     0.0130692517268
21     58     0.0348879036028
22     58     0.0838794713491
23     58     0.186022594571
24     58     0.380482926048
25     58     0.733146685998
26     58     1.35181889291
27     58     2.47089416953
28     58     4.70365753463
29     58     10
30     58     4.70365753463
31     58     2.47089416953
32     58     1.35181889291
33     58     0.733146685998
34     58     0.380482926048
35     58     0.186022594571
36     58     0.0838794713491
37     58     0.0348879036028
38     58     0.0130692517268
39     58     0.00446164980531
40     58     0.00133878591441
41     58     0.000362511482308
42     58     8.34598631627e-05
43     58     1.71625288203e-05
44     58     2.84393536276e-06
45     58     4.15748218074e-07
46     58     4.41832526121e-08
47     58     4.07453626394e-09
48     58     2.09183781408e-10
49     58     9.09494701773e-12
50     58     0.0
51     58     0.0
52     58     0.0
53     58     0.0
54     58     0.0
55     58     0.0
56     58     0.0
57     58     0.0
58     58     0.0
59     58     0

0     59     0
1     59     0
2     59     0
3     59     0
4     59     0
5     59     0
6     59     0
7     59     0
8     59     0
9     59     0
10     59     0
11     59     0
12     59     0
13     59     0
14     59     0
15     59     0
16     59     0
17     59     0
18     59     0
19     59     0
20     59     0
21     59     0
22     59     0
23     59     0
24     59     0
25     59     0
26     59     0
27     59     0
28     59     0
29     59     0
30     59     0
31     59     0
32     59     0
33     59     0
34     59     0
35     59     0
36     59     0
37     59     0
38     59     0
39     59     0
40     59     0
41     59     0
42     59     0
43     59     0
44     59     0
45     59     0
46     59     0
47     59     0
48     59     0
49     59     0
50     59     0
51     59     0
52     59     0
53     59     0
54     59     0
55     59     0
56     59     0
57     59     0
58     59     0
59     59     0

