0     0     0
1     0     0
2     0     0
3     0     0
4     0     0
5     0     0
6     0     0
7     0     0
8     0     0
9     0     0
10     0     0
11     0     0
12     0     0
13     0     0
14     0     0
15     0     0
16     0     0
17     0     0
18     0     0
19     0     0
20     0     0
21     0     0
22     0     0
23     0     0
24     0     0
25     0     0
26     0     0
27     0     0
28     0     0
29     0     0
30     0     0
31     0     0
32     0     0
33     0     0
34     0     0
35     0     0
36     0     0
37     0     0
38     0     0
39     0     0
40     0     0
41     0     0
42     0     0
43     0     0
44     0     0
45     0     0
46     0     0
47     0     0
48     0     0
49     0     0
50     0     0
51     0     0
52     0     0
53     0     0
54     0     0
55     0     0
56     0     0
57     0     0
58     0     0
59     0     0

0     1     0
1     1     0.0
2     1     0.0
3     1     0.0
4     1     0.0
5     1     0.0
6     1     0.0
7     1     0.0
8     1     0.0
9     1     0.0
10     1     0.0
11     1     0.0
12     1     0.0
13     1     0.0
14     1     0.0
15     1     3.72529029846e-08
16     1     6.33299350739e-07
17     1     8.64267349243e-06
18     1     6.75395131111e-05
19     1     0.000441484153271
20     1     0.00213496387005
21     1     0.00886678695679
22     1     0.0300737470388
23     1     0.0895418599248
24     1     0.230424068868
25     1     0.534743964672
26     1     1.13086204976
27     1     2.27708097547
28     1     4.58863630891
29     1     10
30     1     4.58863630891
31     1     2.27708097547
32     1     1.13086204976
33     1     0.534743964672
34     1     0.230424068868
35     1     0.0895418599248
36     1     0.0300737470388
37     1     0.00886678695679
38     1     0.00213496387005
39     1     0.000441484153271
40     1     6.75395131111e-05
41     1     8.64267349243e-06
42     1     6.33299350739e-07
43     1     3.72529029846e-08
44     1     0.0
45     1     0.0
46     1     0.0
47     1     0.0
48     1     0.0
49     1     0.0
50     1     0.0
51     1     0.0
52     1     0.0
53     1     0.0
54     1     0.0
55     1     0.0
56     1     0.0
57     1     0.0
58     1     0.0
59     1     0

0     2     0
1     2     0.0
2     2     0.0
3     2     0.0
4     2     0.0
5     2     0.0
6     2     0.0
7     2     0.0
8     2     0.0
9     2     0.0
10     2     0.0
11     2     0.0
12     2     0.0
13     2     0.0
14     2     0.0
15     2     3.72529029846e-08
16     2     1.11758708954e-06
17     2     1.33365392685e-05
18     2     0.000121220946312
19     2     0.000749938189983
20     2     0.00385895371437
21     2     0.0155980885029
22     2     0.0542779266834
23     2     0.158750899136
24     2     0.409392789006
25     2     0.926999524236
26     2     1.89826048911
27     2     3.54880031198
28     2     6.18030518293
29     2     10
30     2     6.18030518293
31     2     3.54880031198
32     2     1.89826048911
33     2     0.926999524236
34     2     0.409392789006
35     2     0.158750899136
36     2     0.0542779266834
37     2     0.0155980885029
38     2     0.00385895371437
39     2     0.000749938189983
40     2     0.000121220946312
41     2     1.33365392685e-05
42     2     1.11758708954e-06
43     2     3.72529029846e-08
44     2     0.0
45     2     0.0
46     2     0.0
47     2     0.0
48     2     0.0
49     2     0.0
50     2     0.0
51     2     0.0
52     2     0.0
53     2     0.0
54     2     0.0
55     2     0.0
56     2     0.0
57     2     0.0
58     2     0.0
59     2     0

0     3     0
1     3     0.0
2     3     0.0
3     3     0.0
4     3     0.0
5     3     0.0
6     3     0.0
7     3     0.0
8     3     0.0
9     3     0.0
10     3     0.0
11     3     0.0
12     3     0.0
13     3     0.0
14     3     0.0
15     3     3.72529029846e-08
16     3     1.11758708954e-06
17     3     1.62422657013e-05
18     3     0.000141710042953
19     3     0.0009511038661
20     3     0.00478375703096
21     3     0.0200679898262
22     3     0.068834386766
23     3     0.203953571618
24     3     0.51821410656
25     3     1.16422042251
26     3     2.31699459255
27     3     4.15950413793
28     3     6.766612418
29     3     10
30     3     6.766612418
31     3     4.15950413793
32     3     2.31699459255
33     3     1.16422042251
34     3     0.51821410656
35     3     0.203953571618
36     3     0.068834386766
37     3     0.0200679898262
38     3     0.00478375703096
39     3     0.0009511038661
40     3     0.000141710042953
41     3     1.62422657013e-05
42     3     1.11758708954e-06
43     3     3.72529029846e-08
44     3     0.0
45     3     0.0
46     3     0.0
47     3     0.0
48     3     0.0
49     3     0.0
50     3     0.0
51     3     0.0
52     3     0.0
53     3     0.0
54     3     0.0
55     3     0.0
56     3     0.0
57     3     0.0
58     3     0.0
59     3     0

0     4     0
1     4     0.0
2     4     0.0
3     4     0.0
4     4     0.0
5     4     0.0
6     4     0.0
7     4     0.0
8     4     0.0
9     4     0.0
10     4     0.0
11     4     0.0
12     4     0.0
13     4     0.0
14     4     0.0
15     4     3.72529029846e-08
16     4     1.11758708954e-06
17     4     1.62422657013e-05
18     4     0.000152364373207
19     4     0.00101052224636
20     4     0.00529147684574
21     4     0.0219997763634
22     4     0.076937302947
23     4     0.226111486554
24     4     0.576942190528
25     4     1.28055199981
26     4     2.52058513463
27     4     4.42154362798
28     4     6.98945604265
29     4     10
30     4     6.98945604265
31     4     4.42154362798
32     4     2.52058513463
33     4     1.28055199981
34     4     0.576942190528
35     4     0.226111486554
36     4     0.076937302947
37     4     0.0219997763634
38     4     0.00529147684574
39     4     0.00101052224636
40     4     0.000152364373207
41     4     1.62422657013e-05
42     4     1.11758708954e-06
43     4     3.72529029846e-08
44     4     0.0
45     4     0.0
46     4     0.0
47     4     0.0
48     4     0.0
49     4     0.0
50     4     0.0
51     4     0.0
52     4     0.0
53     4     0.0
54     4     0.0
55     4     0.0
56     4     0.0
57     4     0.0
58     4     0.0
59     4     0

0     5     0
1     5     0.0
2     5     0.0
3     5     0.0
4     5     0.0
5     5     0.0
6     5     0.0
7     5     0.0
8     5     0.0
9     5     0.0
10     5     0.0
11     5     0.0
12     5     0.0
13     5     0.0
14     5     0.0
15     5     3.72529029846e-08
16     5     1.11758708954e-06
17     5     1.62422657013e-05
18     5     0.000152364373207
19     5     0.00103715807199
20     5     0.00541318207979
21     5     0.022911131382
22     5     0.0798388943076
23     5     0.236643515527
24     5     0.6009016186
25     5     1.33359774947
26     5     2.60328635573
27     5     4.52854845673
28     5     7.06981126219
29     5     10
30     5     7.06981126219
31     5     4.52854845673
32     5     2.60328635573
33     5     1.33359774947
34     5     0.6009016186
35     5     0.236643515527
36     5     0.0798388943076
37     5     0.022911131382
38     5     0.00541318207979
39     5     0.00103715807199
40     5     0.000152364373207
41     5     1.62422657013e-05
42     5     1.11758708954e-06
43     5     3.72529029846e-08
44     5     0.0
45     5     0.0
46     5     0.0
47     5     0.0
48     5     0.0
49     5     0.0
50     5     0.0
51     5     0.0
52     5     0.0
53     5     0.0
54     5     0.0
55     5     0.0
56     5     0.0
57     5     0.0
58     5     0.0
59     5     0

0     6     0
1     6     0.0
2     6     0.0
3     6     0.0
4     6     0.0
5     6     0.0
6     6     0.0
7     6     0.0
8     6     0.0
9     6     0.0
10     6     0.0
11     6     0.0
12     6     0.0
13     6     0.0
14     6     0.0
15     6     3.72529029846e-08
16     6     1.11758708954e-06
17     6     1.62422657013e-05
18     6     0.000152364373207
19     6     0.00103715807199
20     6     0.00546112656593
21     6     0.0230930745602
22     6     0.0810350477695
23     6     0.23982103914
24     6     0.610791370273
25     6     1.35187484324
26     6     2.63589434326
27     6     4.56540588289
28     6     7.098711133
29     6     10
30     6     7.098711133
31     6     4.56540588289
32     6     2.63589434326
33     6     1.35187484324
34     6     0.610791370273
35     6     0.23982103914
36     6     0.0810350477695
37     6     0.0230930745602
38     6     0.00546112656593
39     6     0.00103715807199
40     6     0.000152364373207
41     6     1.62422657013e-05
42     6     1.11758708954e-06
43     6     3.72529029846e-08
44     6     0.0
45     6     0.0
46     6     0.0
47     6     0.0
48     6     0.0
49     6     0.0
50     6     0.0
51     6     0.0
52     6     0.0
53     6     0.0
54     6     0.0
55     6     0.0
56     6     0.0
57     6     0.0
58     6     0.0
59     6     0

0     7     0
1     7     0.0
2     7     0.0
3     7     0.0
4     7     0.0
5     7     0.0
6     7     0.0
7     7     0.0
8     7     0.0
9     7     0.0
10     7     0.0
11     7     0.0
12     7     0.0
13     7     0.0
14     7     0.0
15     7     3.72529029846e-08
16     7     1.11758708954e-06
17     7     1.62422657013e-05
18     7     0.000152364373207
19     7     0.00103715807199
20     7     0.00546112656593
21     7     0.0231570005417
22     7     0.0812366604805
23     7     0.240981541574
24     7     0.613326616585
25     7     1.35852605104
26     7     2.64545757324
27     7     4.57825694233
28     7     7.1072781831
29     7     10
30     7     7.1072781831
31     7     4.57825694233
32     7     2.64545757324
33     7     1.35852605104
34     7     0.613326616585
35     7     0.240981541574
36     7     0.0812366604805
37     7     0.0231570005417
38     7     0.00546112656593
39     7     0.00103715807199
40     7     0.000152364373207
41     7     1.62422657013e-05
42     7     1.11758708954e-06
43     7     3.72529029846e-08
44     7     0.0
45     7     0.0
46     7     0.0
47     7     0.0
48     7     0.0
49     7     0.0
50     7     0.0
51     7     0.0
52     7     0.0
53     7     0.0
54     7     0.0
55     7     0.0
56     7     0.0
57     7     0.0
58     7     0.0
59     7     0

0     8     0
1     8     0.0
2     8     0.0
3     8     0.0
4     8     0.0
5     8     0.0
6     8     0.0
7     8     0.0
8     8     0.0
9     8     0.0
10     8     0.0
11     8     0.0
12     8     0.0
13     8     0.0
14     8     0.0
15     8     3.72529029846e-08
16     8     1.11758708954e-06
17     8     1.62422657013e-05
18     8     0.000152364373207
19     8     0.00103715807199
20     8     0.00546112656593
21     8     0.0231570005417
22     8     0.081300586462
23     8     0.241147503257
24     8     0.614156424999
25     8     1.35997593403
26     8     2.64856725931
27     8     4.58146028221
28     8     7.10997566581
29     8     10
30     8     7.10997566581
31     8     4.58146028221
32     8     2.64856725931
33     8     1.35997593403
34     8     0.614156424999
35     8     0.241147503257
36     8     0.081300586462
37     8     0.0231570005417
38     8     0.00546112656593
39     8     0.00103715807199
40     8     0.000152364373207
41     8     1.62422657013e-05
42     8     1.11758708954e-06
43     8     3.72529029846e-08
44     8     0.0
45     8     0.0
46     8     0.0
47     8     0.0
48     8     0.0
49     8     0.0
50     8     0.0
51     8     0.0
52     8     0.0
53     8     0.0
54     8     0.0
55     8     0.0
56     8     0.0
57     8     0.0
58     8     0.0
59     8     0

0     9     0
1     9     0.0
2     9     0.0
3     9     0.0
4     9     0.0
5     9     0.0
6     9     0.0
7     9     0.0
8     9     0.0
9     9     0.0
10     9     0.0
11     9     0.0
12     9     0.0
13     9     0.0
14     9     0.0
15     9     3.72529029846e-08
16     9     1.11758708954e-06
17     9     1.62422657013e-05
18     9     0.000152364373207
19     9     0.00103715807199
20     9     0.00546112656593
21     9     0.0231570005417
22     9     0.081300586462
23     9     0.241195447743
24     9     0.614256821573
25     9     1.36040538549
26     9     2.6491388306
27     9     4.58240222186
28     9     7.1105376631
29     9     10
30     9     7.1105376631
31     9     4.58240222186
32     9     2.6491388306
33     9     1.36040538549
34     9     0.614256821573
35     9     0.241195447743
36     9     0.081300586462
37     9     0.0231570005417
38     9     0.00546112656593
39     9     0.00103715807199
40     9     0.000152364373207
41     9     1.62422657013e-05
42     9     1.11758708954e-06
43     9     3.72529029846e-08
44     9     0.0
45     9     0.0
46     9     0.0
47     9     0.0
48     9     0.0
49     9     0.0
50     9     0.0
51     9     0.0
52     9     0.0
53     9     0.0
54     9     0.0
55     9     0.0
56     9     0.0
57     9     0.0
58     9     0.0
59     9     0

0     10     0
1     10     0.0
2     10     0.0
3     10     0.0
4     10     0.0
5     10     0.0
6     10     0.0
7     10     0.0
8     10     0.0
9     10     0.0
10     10     0.0
11     10     0.0
12     10     0.0
13     10     0.0
14     10     0.0
15     10     3.72529029846e-08
16     10     1.11758708954e-06
17     10     1.62422657013e-05
18     10     0.000152364373207
19     10     0.00103715807199
20     10     0.00546112656593
21     10     0.0231570005417
22     10     0.081300586462
23     10     0.241195447743
24     10     0.614283457398
25     10     1.36044882238
26     10     2.64929331839
27     10     4.58254497498
28     10     7.11068868637
29     10     10
30     10     7.11068868637
31     10     4.58254497498
32     10     2.64929331839
33     10     1.36044882238
34     10     0.614283457398
35     10     0.241195447743
36     10     0.081300586462
37     10     0.0231570005417
38     10     0.00546112656593
39     10     0.00103715807199
40     10     0.000152364373207
41     10     1.62422657013e-05
42     10     1.11758708954e-06
43     10     3.72529029846e-08
44     10     0.0
45     10     0.0
46     10     0.0
47     10     0.0
48     10     0.0
49     10     0.0
50     10     0.0
51     10     0.0
52     10     0.0
53     10     0.0
54     10     0.0
55     10     0.0
56     10     0.0
57     10     0.0
58     10     0.0
59     10     0

0     11     0
1     11     0.0
2     11     0.0
3     11     0.0
4     11     0.0
5     11     0.0
6     11     0.0
7     11     0.0
8     11     0.0
9     11     0.0
10     11     0.0
11     11     0.0
12     11     0.0
13     11     0.0
14     11     0.0
15     11     3.72529029846e-08
16     11     1.11758708954e-06
17     11     1.62422657013e-05
18     11     0.000152364373207
19     11     0.00103715807199
20     11     0.00546112656593
21     11     0.0231570005417
22     11     0.081300586462
23     11     0.241195447743
24     11     0.614283457398
25     11     1.36045947671
26     11     2.64930605888
27     11     4.58258043975
28     11     7.11070667952
29     11     10
30     11     7.11070667952
31     11     4.58258043975
32     11     2.64930605888
33     11     1.36045947671
34     11     0.614283457398
35     11     0.241195447743
36     11     0.081300586462
37     11     0.0231570005417
38     11     0.00546112656593
39     11     0.00103715807199
40     11     0.000152364373207
41     11     1.62422657013e-05
42     11     1.11758708954e-06
43     11     3.72529029846e-08
44     11     0.0
45     11     0.0
46     11     0.0
47     11     0.0
48     11     0.0
49     11     0.0
50     11     0.0
51     11     0.0
52     11     0.0
53     11     0.0
54     11     0.0
55     11     0.0
56     11     0.0
57     11     0.0
58     11     0.0
59     11     0

0     12     0
1     12     0.0
2     12     0.0
3     12     0.0
4     12     0.0
5     12     0.0
6     12     0.0
7     12     0.0
8     12     0.0
9     12     0.0
10     12     0.0
11     12     0.0
12     12     0.0
13     12     0.0
14     12     0.0
15     12     3.72529029846e-08
16     12     1.11758708954e-06
17     12     1.62422657013e-05
18     12     0.000152364373207
19     12     0.00103715807199
20     12     0.00546112656593
21     12     0.0231570005417
22     12     0.081300586462
23     12     0.241195447743
24     12     0.614283457398
25     12     1.36045947671
26     12     2.64930896461
27     12     4.58258271217
28     12     7.1107108146
29     12     10
30     12     7.1107108146
31     12     4.58258271217
32     12     2.64930896461
33     12     1.36045947671
34     12     0.614283457398
35     12     0.241195447743
36     12     0.081300586462
37     12     0.0231570005417
38     12     0.00546112656593
39     12     0.00103715807199
40     12     0.000152364373207
41     12     1.62422657013e-05
42     12     1.11758708954e-06
43     12     3.72529029846e-08
44     12     0.0
45     12     0.0
46     12     0.0
47     12     0.0
48     12     0.0
49     12     0.0
50     12     0.0
51     12     0.0
52     12     0.0
53     12     0.0
54     12     0.0
55     12     0.0
56     12     0.0
57     12     0.0
58     12     0.0
59     12     0

0     13     0
1     13     0.0
2     13     0.0
3     13     0.0
4     13     0.0
5     13     0.0
6     13     0.0
7     13     0.0
8     13     0.0
9     13     0.0
10     13     0.0
11     13     0.0
12     13     0.0
13     13     0.0
14     13     0.0
15     13     3.72529029846e-08
16     13     1.11758708954e-06
17     13     1.62422657013e-05
18     13     0.000152364373207
19     13     0.00103715807199
20     13     0.00546112656593
21     13     0.0231570005417
22     13     0.081300586462
23     13     0.241195447743
24     13     0.614283457398
25     13     1.36045947671
26     13     2.64930896461
27     13     4.58258319646
28     13     7.11071100086
29     13     10
30     13     7.11071100086
31     13     4.58258319646
32     13     2.64930896461
33     13     1.36045947671
34     13     0.614283457398
35     13     0.241195447743
36     13     0.081300586462
37     13     0.0231570005417
38     13     0.00546112656593
39     13     0.00103715807199
40     13     0.000152364373207
41     13     1.62422657013e-05
42     13     1.11758708954e-06
43     13     3.72529029846e-08
44     13     0.0
45     13     0.0
46     13     0.0
47     13     0.0
48     13     0.0
49     13     0.0
50     13     0.0
51     13     0.0
52     13     0.0
53     13     0.0
54     13     0.0
55     13     0.0
56     13     0.0
57     13     0.0
58     13     0.0
59     13     0

0     14     0
1     14     0.0
2     14     0.0
3     14     0.0
4     14     0.0
5     14     0.0
6     14     0.0
7     14     0.0
8     14     0.0
9     14     0.0
10     14     0.0
11     14     0.0
12     14     0.0
13     14     0.0
14     14     0.0
15     14     3.72529029846e-08
16     14     1.11758708954e-06
17     14     1.62422657013e-05
18     14     0.000152364373207
19     14     0.00103715807199
20     14     0.00546112656593
21     14     0.0231570005417
22     14     0.081300586462
23     14     0.241195447743
24     14     0.614283457398
25     14     1.36045947671
26     14     2.64930896461
27     14     4.58258319646
28     14     7.11071103811
29     14     10
30     14     7.11071103811
31     14     4.58258319646
32     14     2.64930896461
33     14     1.36045947671
34     14     0.614283457398
35     14     0.241195447743
36     14     0.081300586462
37     14     0.0231570005417
38     14     0.00546112656593
39     14     0.00103715807199
40     14     0.000152364373207
41     14     1.62422657013e-05
42     14     1.11758708954e-06
43     14     3.72529029846e-08
44     14     0.0
45     14     0.0
46     14     0.0
47     14     0.0
48     14     0.0
49     14     0.0
50     14     0.0
51     14     0.0
52     14     0.0
53     14     0.0
54     14     0.0
55     14     0.0
56     14     0.0
57     14     0.0
58     14     0.0
59     14     0

0     15     0
1     15     3.72529029846e-08
2     15     3.72529029846e-08
3     15     3.72529029846e-08
4     15     3.72529029846e-08
5     15     3.72529029846e-08
6     15     3.72529029846e-08
7     15     3.72529029846e-08
8     15     3.72529029846e-08
9     15     3.72529029846e-08
10     15     3.72529029846e-08
11     15     3.72529029846e-08
12     15     3.72529029846e-08
13     15     3.72529029846e-08
14     15     3.72529029846e-08
15     15     7.45058059692e-08
16     15     1.15483999252e-06
17     15     1.62795186043e-05
18     15     0.00015240162611
19     15     0.0010371953249
20     15     0.00546116381884
21     15     0.0231570377946
22     15     0.0813006237149
23     15     0.241195484996
24     15     0.614283494651
25     15     1.36045951396
26     15     2.64930900186
27     15     4.58258323371
28     15     7.11071107537
29     15     10
30     15     7.11071107537
31     15     4.58258323371
32     15     2.64930900186
33     15     1.36045951396
34     15     0.614283494651
35     15     0.241195484996
36     15     0.0813006237149
37     15     0.0231570377946
38     15     0.00546116381884
39     15     0.0010371953249
40     15     0.00015240162611
41     15     1.62795186043e-05
42     15     1.15483999252e-06
43     15     7.45058059692e-08
44     15     3.72529029846e-08
45     15     3.72529029846e-08
46     15     3.72529029846e-08
47     15     3.72529029846e-08
48     15     3.72529029846e-08
49     15     3.72529029846e-08
50     15     3.72529029846e-08
51     15     3.72529029846e-08
52     15     3.72529029846e-08
53     15     3.72529029846e-08
54     15     3.72529029846e-08
55     15     3.72529029846e-08
56     15     3.72529029846e-08
57     15     3.72529029846e-08
58     15     3.72529029846e-08
59     15     0

0     16     0
1     16     6.33299350739e-07
2     16     1.11758708954e-06
3     16     1.11758708954e-06
4     16     1.11758708954e-06
5     16     1.11758708954e-06
6     16     1.11758708954e-06
7     16     1.11758708954e-06
8     16     1.11758708954e-06
9     16     1.11758708954e-06
10     16     1.11758708954e-06
11     16     1.11758708954e-06
12     16     1.11758708954e-06
13     16     1.11758708954e-06
14     16     1.11758708954e-06
15     16     1.15483999252e-06
16     16     2.23517417908e-06
17     16     1.73598527908e-05
18     16     0.000153481960297
19     16     0.00103827565908
20     16     0.00546224415302
21     16     0.0231581181288
22     16     0.0813017040491
23     16     0.24119656533
24     16     0.614284574986
25     16     1.3604605943
26     16     2.6493100822
27     16     4.58258431405
28     16     7.11071163416
29     16     10
30     16     7.11071163416
31     16     4.58258431405
32     16     2.6493100822
33     16     1.3604605943
34     16     0.614284574986
35     16     0.24119656533
36     16     0.0813017040491
37     16     0.0231581181288
38     16     0.00546224415302
39     16     0.00103827565908
40     16     0.000153481960297
41     16     1.73598527908e-05
42     16     2.23517417908e-06
43     16     1.15483999252e-06
44     16     1.11758708954e-06
45     16     1.11758708954e-06
46     16     1.11758708954e-06
47     16     1.11758708954e-06
48     16     1.11758708954e-06
49     16     1.11758708954e-06
50     16     1.11758708954e-06
51     16     1.11758708954e-06
52     16     1.11758708954e-06
53     16     1.11758708954e-06
54     16     1.11758708954e-06
55     16     1.11758708954e-06
56     16     1.11758708954e-06
57     16     1.11758708954e-06
58     16     6.33299350739e-07
59     16     0

0     17     0
1     17     8.64267349243e-06
2     17     1.33365392685e-05
3     17     1.62422657013e-05
4     17     1.62422657013e-05
5     17     1.62422657013e-05
6     17     1.62422657013e-05
7     17     1.62422657013e-05
8     17     1.62422657013e-05
9     17     1.62422657013e-05
10     17     1.62422657013e-05
11     17     1.62422657013e-05
12     17     1.62422657013e-05
13     17     1.62422657013e-05
14     17     1.62422657013e-05
15     17     1.62795186043e-05
16     17     1.73598527908e-05
17     17     3.24845314026e-05
18     17     0.000168606638908
19     17     0.0010534003377
20     17     0.00547736883163
21     17     0.0231732428074
22     17     0.0813168287277
23     17     0.241211690009
24     17     0.614299699664
25     17     1.36047571898
26     17     2.64932520688
27     17     4.58259604871
28     17     7.11071945727
29     17     10
30     17     7.11071945727
31     17     4.58259604871
32     17     2.64932520688
33     17     1.36047571898
34     17     0.614299699664
35     17     0.241211690009
36     17     0.0813168287277
37     17     0.0231732428074
38     17     0.00547736883163
39     17     0.0010534003377
40     17     0.000168606638908
41     17     3.24845314026e-05
42     17     1.73598527908e-05
43     17     1.62795186043e-05
44     17     1.62422657013e-05
45     17     1.62422657013e-05
46     17     1.62422657013e-05
47     17     1.62422657013e-05
48     17     1.62422657013e-05
49     17     1.62422657013e-05
50     17     1.62422657013e-05
51     17     1.62422657013e-05
52     17     1.62422657013e-05
53     17     1.62422657013e-05
54     17     1.62422657013e-05
55     17     1.62422657013e-05
56     17     1.62422657013e-05
57     17     1.33365392685e-05
58     17     8.64267349243e-06
59     17     0

0     18     0
1     18     6.75395131111e-05
2     18     0.000121220946312
3     18     0.000141710042953
4     18     0.000152364373207
5     18     0.000152364373207
6     18     0.000152364373207
7     18     0.000152364373207
8     18     0.000152364373207
9     18     0.000152364373207
10     18     0.000152364373207
11     18     0.000152364373207
12     18     0.000152364373207
13     18     0.000152364373207
14     18     0.000152364373207
15     18     0.00015240162611
16     18     0.000153481960297
17     18     0.000168606638908
18     18     0.000304728746414
19     18     0.0011895224452
20     18     0.00561349093914
21     18     0.0233093649149
22     18     0.0814529508352
23     18     0.241347812116
24     18     0.614435821772
25     18     1.36061184108
26     18     2.64944776893
27     18     4.58270166069
28     18     7.11077421904
29     18     10
30     18     7.11077421904
31     18     4.58270166069
32     18     2.64944776893
33     18     1.36061184108
34     18     0.614435821772
35     18     0.241347812116
36     18     0.0814529508352
37     18     0.0233093649149
38     18     0.00561349093914
39     18     0.0011895224452
40     18     0.000304728746414
41     18     0.000168606638908
42     18     0.000153481960297
43     18     0.00015240162611
44     18     0.000152364373207
45     18     0.000152364373207
46     18     0.000152364373207
47     18     0.000152364373207
48     18     0.000152364373207
49     18     0.000152364373207
50     18     0.000152364373207
51     18     0.000152364373207
52     18     0.000152364373207
53     18     0.000152364373207
54     18     0.000152364373207
55     18     0.000152364373207
56     18     0.000141710042953
57     18     0.000121220946312
58     18     6.75395131111e-05
59     18     0

0     19     0
1     19     0.000441484153271
2     19     0.000749938189983
3     19     0.0009511038661
4     19     0.00101052224636
5     19     0.00103715807199
6     19     0.00103715807199
7     19     0.00103715807199
8     19     0.00103715807199
9     19     0.00103715807199
10     19     0.00103715807199
11     19     0.00103715807199
12     19     0.00103715807199
13     19     0.00103715807199
14     19     0.00103715807199
15     19     0.0010371953249
16     19     0.00103827565908
17     19     0.0010534003377
18     19     0.0011895224452
19     19     0.00207431614399
20     19     0.00649828463793
21     19     0.0241941586137
22     19     0.082337744534
23     19     0.242232605815
24     19     0.61532061547
25     19     1.36145934463
26     19     2.65024442226
27     19     4.58329491317
28     19     7.11113017052
29     19     10
30     19     7.11113017052
31     19     4.58329491317
32     19     2.65024442226
33     19     1.36145934463
34     19     0.61532061547
35     19     0.242232605815
36     19     0.082337744534
37     19     0.0241941586137
38     19     0.00649828463793
39     19     0.00207431614399
40     19     0.0011895224452
41     19     0.0010534003377
42     19     0.00103827565908
43     19     0.0010371953249
44     19     0.00103715807199
45     19     0.00103715807199
46     19     0.00103715807199
47     19     0.00103715807199
48     19     0.00103715807199
49     19     0.00103715807199
50     19     0.00103715807199
51     19     0.00103715807199
52     19     0.00103715807199
53     19     0.00103715807199
54     19     0.00103715807199
55     19     0.00101052224636
56     19     0.0009511038661
57     19     0.000749938189983
58     19     0.000441484153271
59     19     0

0     20     0
1     20     0.00213496387005
2     20     0.00385895371437
3     20     0.00478375703096
4     20     0.00529147684574
5     20     0.00541318207979
6     20     0.00546112656593
7     20     0.00546112656593
8     20     0.00546112656593
9     20     0.00546112656593
10     20     0.00546112656593
11     20     0.00546112656593
12     20     0.00546112656593
13     20     0.00546112656593
14     20     0.00546112656593
15     20     0.00546116381884
16     20     0.00546224415302
17     20     0.00547736883163
18     20     0.00561349093914
19     20     0.00649828463793
20     20     0.0109222531319
21     20     0.0286181271076
22     20     0.086761713028
23     20     0.246656574309
24     20     0.619670003653
25     20     1.36569686234
26     20     2.65392258763
27     20     4.58626117557
28     20     7.11267262697
29     20     10
30     20     7.11267262697
31     20     4.58626117557
32     20     2.65392258763
33     20     1.36569686234
34     20     0.619670003653
35     20     0.246656574309
36     20     0.086761713028
37     20     0.0286181271076
38     20     0.0109222531319
39     20     0.00649828463793
40     20     0.00561349093914
41     20     0.00547736883163
42     20     0.00546224415302
43     20     0.00546116381884
44     20     0.00546112656593
45     20     0.00546112656593
46     20     0.00546112656593
47     20     0.00546112656593
48     20     0.00546112656593
49     20     0.00546112656593
50     20     0.00546112656593
51     20     0.00546112656593
52     20     0.00546112656593
53     20     0.00546112656593
54     20     0.00541318207979
55     20     0.00529147684574
56     20     0.00478375703096
57     20     0.00385895371437
58     20     0.00213496387005
59     20     0

0     21     0
1     21     0.00886678695679
2     21     0.0155980885029
3     21     0.0200679898262
4     21     0.0219997763634
5     21     0.022911131382
6     21     0.0230930745602
7     21     0.0231570005417
8     21     0.0231570005417
9     21     0.0231570005417
10     21     0.0231570005417
11     21     0.0231570005417
12     21     0.0231570005417
13     21     0.0231570005417
14     21     0.0231570005417
15     21     0.0231570377946
16     21     0.0231581181288
17     21     0.0231732428074
18     21     0.0233093649149
19     21     0.0241941586137
20     21     0.0286181271076
21     21     0.0463140010834
22     21     0.104457587004
23     21     0.264240577817
24     21     0.637067556381
25     21     1.38197571039
26     21     2.66863524914
27     21     4.59705837071
28     21     7.11884245276
29     21     10
30     21     7.11884245276
31     21     4.59705837071
32     21     2.66863524914
33     21     1.38197571039
34     21     0.637067556381
35     21     0.264240577817
36     21     0.104457587004
37     21     0.0463140010834
38     21     0.0286181271076
39     21     0.0241941586137
40     21     0.0233093649149
41     21     0.0231732428074
42     21     0.0231581181288
43     21     0.0231570377946
44     21     0.0231570005417
45     21     0.0231570005417
46     21     0.0231570005417
47     21     0.0231570005417
48     21     0.0231570005417
49     21     0.0231570005417
50     21     0.0231570005417
51     21     0.0231570005417
52     21     0.0231570005417
53     21     0.0230930745602
54     21     0.022911131382
55     21     0.0219997763634
56     21     0.0200679898262
57     21     0.0155980885029
58     21     0.00886678695679
59     21     0

0     22     0
1     22     0.0300737470388
2     22     0.0542779266834
3     22     0.068834386766
4     22     0.076937302947
5     22     0.0798388943076
6     22     0.0810350477695
7     22     0.0812366604805
8     22     0.081300586462
9     22     0.081300586462
10     22     0.081300586462
11     22     0.081300586462
12     22     0.081300586462
13     22     0.081300586462
14     22     0.081300586462
15     22     0.0813006237149
16     22     0.0813017040491
17     22     0.0813168287277
18     22     0.0814529508352
19     22     0.082337744534
20     22     0.086761713028
21     22     0.104457587004
22     22     0.162473320961
23     22     0.322016589344
24     22     0.693165510893
25     22     1.43546335399
26     22     2.71429196
27     22     4.63253486902
28     22     7.13735193014
29     22     10
30     22     7.13735193014
31     22     4.63253486902
32     22     2.71429196
33     22     1.43546335399
34     22     0.693165510893
35     22     0.322016589344
36     22     0.162473320961
37     22     0.104457587004
38     22     0.086761713028
39     22     0.082337744534
40     22     0.0814529508352
41     22     0.0813168287277
42     22     0.0813017040491
43     22     0.0813006237149
44     22     0.081300586462
45     22     0.081300586462
46     22     0.081300586462
47     22     0.081300586462
48     22     0.081300586462
49     22     0.081300586462
50     22     0.081300586462
51     22     0.081300586462
52     22     0.0812366604805
53     22     0.0810350477695
54     22     0.0798388943076
55     22     0.076937302947
56     22     0.068834386766
57     22     0.0542779266834
58     22     0.0300737470388
59     22     0

0     23     0
1     23     0.0895418599248
2     23     0.158750899136
3     23     0.203953571618
4     23     0.226111486554
5     23     0.236643515527
6     23     0.23982103914
7     23     0.240981541574
8     23     0.241147503257
9     23     0.241195447743
10     23     0.241195447743
11     23     0.241195447743
12     23     0.241195447743
13     23     0.241195447743
14     23     0.241195447743
15     23     0.241195484996
16     23     0.24119656533
17     23     0.241211690009
18     23     0.241347812116
19     23     0.242232605815
20     23     0.246656574309
21     23     0.264240577817
22     23     0.322016589344
23     23     0.47964207828
24     23     0.8474348858
25     23     1.57798632979
26     23     2.83984791487
27     23     4.72415678203
28     23     7.18825299293
29     23     10
30     23     7.18825299293
31     23     4.72415678203
32     23     2.83984791487
33     23     1.57798632979
34     23     0.8474348858
35     23     0.47964207828
36     23     0.322016589344
37     23     0.264240577817
38     23     0.246656574309
39     23     0.242232605815
40     23     0.241347812116
41     23     0.241211690009
42     23     0.24119656533
43     23     0.241195484996
44     23     0.241195447743
45     23     0.241195447743
46     23     0.241195447743
47     23     0.241195447743
48     23     0.241195447743
49     23     0.241195447743
50     23     0.241195447743
51     23     0.241147503257
52     23     0.240981541574
53     23     0.23982103914
54     23     0.236643515527
55     23     0.226111486554
56     23     0.203953571618
57     23     0.158750899136
58     23     0.0895418599248
59     23     0

0     24     0
1     24     0.230424068868
2     24     0.409392789006
3     24     0.51821410656
4     24     0.576942190528
5     24     0.6009016186
6     24     0.610791370273
7     24     0.613326616585
8     24     0.614156424999
9     24     0.614256821573
10     24     0.614283457398
11     24     0.614283457398
12     24     0.614283457398
13     24     0.614283457398
14     24     0.614283457398
15     24     0.614283494651
16     24     0.614284574986
17     24     0.614299699664
18     24     0.614435821772
19     24     0.61532061547
20     24     0.619670003653
21     24     0.637067556381
22     24     0.693165510893
23     24     0.8474348858
24     24     1.2018032372
25     24     1.91053994
26     24     3.12150046229
27     24     4.93794124573
28     24     7.30023533106
29     24     10
30     24     7.30023533106
31     24     4.93794124573
32     24     3.12150046229
33     24     1.91053994
34     24     1.2018032372
35     24     0.8474348858
36     24     0.693165510893
37     24     0.637067556381
38     24     0.619670003653
39     24     0.61532061547
40     24     0.614435821772
41     24     0.614299699664
42     24     0.614284574986
43     24     0.614283494651
44     24     0.614283457398
45     24     0.614283457398
46     24     0.614283457398
47     24     0.614283457398
48     24     0.614283457398
49     24     0.614283457398
50     24     0.614256821573
51     24     0.614156424999
52     24     0.613326616585
53     24     0.610791370273
54     24     0.6009016186
55     24     0.576942190528
56     24     0.51821410656
57     24     0.409392789006
58     24     0.230424068868
59     24     0

0     25     0
1     25     0.534743964672
2     25     0.926999524236
3     25     1.16422042251
4     25     1.28055199981
5     25     1.33359774947
6     25     1.35187484324
7     25     1.35852605104
8     25     1.35997593403
9     25     1.36040538549
10     25     1.36044882238
11     25     1.36045947671
12     25     1.36045947671
13     25     1.36045947671
14     25     1.36045947671
15     25     1.36045951396
16     25     1.3604605943
17     25     1.36047571898
18     25     1.36061184108
19     25     1.36145934463
20     25     1.36569686234
21     25     1.38197571039
22     25     1.43546335399
23     25     1.57798632979
24     25     1.91053994
25     25     2.56110399961
26     25     3.68480555713
27     25     5.34854315221
28     25     7.52420000732
29     25     10
30     25     7.52420000732
31     25     5.34854315221
32     25     3.68480555713
33     25     2.56110399961
34     25     1.91053994
35     25     1.57798632979
36     25     1.43546335399
37     25     1.38197571039
38     25     1.36569686234
39     25     1.36145934463
40     25     1.36061184108
41     25     1.36047571898
42     25     1.3604605943
43     25     1.36045951396
44     25     1.36045947671
45     25     1.36045947671
46     25     1.36045947671
47     25     1.36045947671
48     25     1.36045947671
49     25     1.36044882238
50     25     1.36040538549
51     25     1.35997593403
52     25     1.35852605104
53     25     1.35187484324
54     25     1.33359774947
55     25     1.28055199981
56     25     1.16422042251
57     25     0.926999524236
58     25     0.534743964672
59     25     0

0     26     0
1     26     1.13086204976
2     26     1.89826048911
3     26     2.31699459255
4     26     2.52058513463
5     26     2.60328635573
6     26     2.63589434326
7     26     2.64545757324
8     26     2.64856725931
9     26     2.6491388306
10     26     2.64929331839
11     26     2.64930605888
12     26     2.64930896461
13     26     2.64930896461
14     26     2.64930896461
15     26     2.64930900186
16     26     2.6493100822
17     26     2.64932520688
18     26     2.64944776893
19     26     2.65024442226
20     26     2.65392258763
21     26     2.66863524914
22     26     2.71429196
23     26     2.83984791487
24     26     3.12150046229
25     26     3.68480555713
26     26     4.63398918509
27     26     6.05776462704
28     26     7.89747446775
29     26     10
30     26     7.89747446775
31     26     6.05776462704
32     26     4.63398918509
33     26     3.68480555713
34     26     3.12150046229
35     26     2.83984791487
36     26     2.71429196
37     26     2.66863524914
38     26     2.65392258763
39     26     2.65024442226
40     26     2.64944776893
41     26     2.64932520688
42     26     2.6493100822
43     26     2.64930900186
44     26     2.64930896461
45     26     2.64930896461
46     26     2.64930896461
47     26     2.64930896461
48     26     2.64930605888
49     26     2.64929331839
50     26     2.6491388306
51     26     2.64856725931
52     26     2.64545757324
53     26     2.63589434326
54     26     2.60328635573
55     26     2.52058513463
56     26     2.31699459255
57     26     1.89826048911
58     26     1.13086204976
59     26     0

0     27     0
1     27     2.27708097547
2     27     3.54880031198
3     27     4.15950413793
4     27     4.42154362798
5     27     4.52854845673
6     27     4.56540588289
7     27     4.57825694233
8     27     4.58146028221
9     27     4.58240222186
10     27     4.58254497498
11     27     4.58258043975
12     27     4.58258271217
13     27     4.58258319646
14     27     4.58258319646
15     27     4.58258323371
16     27     4.58258431405
17     27     4.58259604871
18     27     4.58270166069
19     27     4.58329491317
20     27     4.58626117557
21     27     4.59705837071
22     27     4.63253486902
23     27     4.72415678203
24     27     4.93794124573
25     27     5.34854315221
26     27     6.05776462704
27     27     7.09760062397
28     27     8.45738615841
29     27     10
30     27     8.45738615841
31     27     7.09760062397
32     27     6.05776462704
33     27     5.34854315221
34     27     4.93794124573
35     27     4.72415678203
36     27     4.63253486902
37     27     4.59705837071
38     27     4.58626117557
39     27     4.58329491317
40     27     4.58270166069
41     27     4.58259604871
42     27     4.58258431405
43     27     4.58258323371
44     27     4.58258319646
45     27     4.58258319646
46     27     4.58258319646
47     27     4.58258271217
48     27     4.58258043975
49     27     4.58254497498
50     27     4.58240222186
51     27     4.58146028221
52     27     4.57825694233
53     27     4.56540588289
54     27     4.52854845673
55     27     4.42154362798
56     27     4.15950413793
57     27     3.54880031198
58     27     2.27708097547
59     27     0

0     28     0
1     28     4.58863630891
2     28     6.18030518293
3     28     6.766612418
4     28     6.98945604265
5     28     7.06981126219
6     28     7.098711133
7     28     7.1072781831
8     28     7.10997566581
9     28     7.1105376631
10     28     7.11068868637
11     28     7.11070667952
12     28     7.1107108146
13     28     7.11071100086
14     28     7.11071103811
15     28     7.11071107537
16     28     7.11071163416
17     28     7.11071945727
18     28     7.11077421904
19     28     7.11113017052
20     28     7.11267262697
21     28     7.11884245276
22     28     7.13735193014
23     28     7.18825299293
24     28     7.30023533106
25     28     7.52420000732
26     28     7.89747446775
27     28     8.45738615841
28     28     9.17727261782
29     28     10
30     28     9.17727261782
31     28     8.45738615841
32     28     7.89747446775
33     28     7.52420000732
34     28     7.30023533106
35     28     7.18825299293
36     28     7.13735193014
37     28     7.11884245276
38     28     7.11267262697
39     28     7.11113017052
40     28     7.11077421904
41     28     7.11071945727
42     28     7.11071163416
43     28     7.11071107537
44     28     7.11071103811
45     28     7.11071103811
46     28     7.11071100086
47     28     7.1107108146
48     28     7.11070667952
49     28     7.11068868637
50     28     7.1105376631
51     28     7.10997566581
52     28     7.1072781831
53     28     7.098711133
54     28     7.06981126219
55     28     6.98945604265
56     28     6.766612418
57     28     6.18030518293
58     28     4.58863630891
59     28     0

0     29     0
1     29     10
2     29     10
3     29     10
4     29     10
5     29     10
6     29     10
7     29     10
8     29     10
9     29     10
10     29     10
11     29     10
12     29     10
13     29     10
14     29     10
15     29     10
16     29     10
17     29     10
18     29     10
19     29     10
20     29     10
21     29     10
22     29     10
23     29     10
24     29     10
25     29     10
26     29     10
27     29     10
28     29     10
29     29     10
30     29     10
31     29     10
32     29     10
33     29     10
34     29     10
35     29     10
36     29     10
37     29     10
38     29     10
39     29     10
40     29     10
41     29     10
42     29     10
43     29     10
44     29     10
45     29     10
46     29     10
47     29     10
48     29     10
49     29     10
50     29     10
51     29     10
52     29     10
53     29     10
54     29     10
55     29     10
56     29     10
57     29     10
58     29     10
59     29     0

0     30     0
1     30     4.58863630891
2     30     6.18030518293
3     30     6.766612418
4     30     6.98945604265
5     30     7.06981126219
6     30     7.098711133
7     30     7.1072781831
8     30     7.10997566581
9     30     7.1105376631
10     30     7.11068868637
11     30     7.11070667952
12     30     7.1107108146
13     30     7.11071100086
14     30     7.11071103811
15     30     7.11071107537
16     30     7.11071163416
17     30     7.11071945727
18     30     7.11077421904
19     30     7.11113017052
20     30     7.11267262697
21     30     7.11884245276
22     30     7.13735193014
23     30     7.18825299293
24     30     7.30023533106
25     30     7.52420000732
26     30     7.89747446775
27     30     8.45738615841
28     30     9.17727261782
29     30     10
30     30     9.17727261782
31     30     8.45738615841
32     30     7.89747446775
33     30     7.52420000732
34     30     7.30023533106
35     30     7.18825299293
36     30     7.13735193014
37     30     7.11884245276
38     30     7.11267262697
39     30     7.11113017052
40     30     7.11077421904
41     30     7.11071945727
42     30     7.11071163416
43     30     7.11071107537
44     30     7.11071103811
45     30     7.11071103811
46     30     7.11071100086
47     30     7.1107108146
48     30     7.11070667952
49     30     7.11068868637
50     30     7.1105376631
51     30     7.10997566581
52     30     7.1072781831
53     30     7.098711133
54     30     7.06981126219
55     30     6.98945604265
56     30     6.766612418
57     30     6.18030518293
58     30     4.58863630891
59     30     0

0     31     0
1     31     2.27708097547
2     31     3.54880031198
3     31     4.15950413793
4     31     4.42154362798
5     31     4.52854845673
6     31     4.56540588289
7     31     4.57825694233
8     31     4.58146028221
9     31     4.58240222186
10     31     4.58254497498
11     31     4.58258043975
12     31     4.58258271217
13     31     4.58258319646
14     31     4.58258319646
15     31     4.58258323371
16     31     4.58258431405
17     31     4.58259604871
18     31     4.58270166069
19     31     4.58329491317
20     31     4.58626117557
21     31     4.59705837071
22     31     4.63253486902
23     31     4.72415678203
24     31     4.93794124573
25     31     5.34854315221
26     31     6.05776462704
27     31     7.09760062397
28     31     8.45738615841
29     31     10
30     31     8.45738615841
31     31     7.09760062397
32     31     6.05776462704
33     31     5.34854315221
34     31     4.93794124573
35     31     4.72415678203
36     31     4.63253486902
37     31     4.59705837071
38     31     4.58626117557
39     31     4.58329491317
40     31     4.58270166069
41     31     4.58259604871
42     31     4.58258431405
43     31     4.58258323371
44     31     4.58258319646
45     31     4.58258319646
46     31     4.58258319646
47     31     4.58258271217
48     31     4.58258043975
49     31     4.58254497498
50     31     4.58240222186
51     31     4.58146028221
52     31     4.57825694233
53     31     4.56540588289
54     31     4.52854845673
55     31     4.42154362798
56     31     4.15950413793
57     31     3.54880031198
58     31     2.27708097547
59     31     0

0     32     0
1     32     1.13086204976
2     32     1.89826048911
3     32     2.31699459255
4     32     2.52058513463
5     32     2.60328635573
6     32     2.63589434326
7     32     2.64545757324
8     32     2.64856725931
9     32     2.6491388306
10     32     2.64929331839
11     32     2.64930605888
12     32     2.64930896461
13     32     2.64930896461
14     32     2.64930896461
15     32     2.64930900186
16     32     2.6493100822
17     32     2.64932520688
18     32     2.64944776893
19     32     2.65024442226
20     32     2.65392258763
21     32     2.66863524914
22     32     2.71429196
23     32     2.83984791487
24     32     3.12150046229
25     32     3.68480555713
26     32     4.63398918509
27     32     6.05776462704
28     32     7.89747446775
29     32     10
30     32     7.89747446775
31     32     6.05776462704
32     32     4.63398918509
33     32     3.68480555713
34     32     3.12150046229
35     32     2.83984791487
36     32     2.71429196
37     32     2.66863524914
38     32     2.65392258763
39     32     2.65024442226
40     32     2.64944776893
41     32     2.64932520688
42     32     2.6493100822
43     32     2.64930900186
44     32     2.64930896461
45     32     2.64930896461
46     32     2.64930896461
47     32     2.64930896461
48     32     2.64930605888
49     32     2.64929331839
50     32     2.6491388306
51     32     2.64856725931
52     32     2.64545757324
53     32     2.63589434326
54     32     2.60328635573
55     32     2.52058513463
56     32     2.31699459255
57     32     1.89826048911
58     32     1.13086204976
59     32     0

0     33     0
1     33     0.534743964672
2     33     0.926999524236
3     33     1.16422042251
4     33     1.28055199981
5     33     1.33359774947
6     33     1.35187484324
7     33     1.35852605104
8     33     1.35997593403
9     33     1.36040538549
10     33     1.36044882238
11     33     1.36045947671
12     33     1.36045947671
13     33     1.36045947671
14     33     1.36045947671
15     33     1.36045951396
16     33     1.3604605943
17     33     1.36047571898
18     33     1.36061184108
19     33     1.36145934463
20     33     1.36569686234
21     33     1.38197571039
22     33     1.43546335399
23     33     1.57798632979
24     33     1.91053994
25     33     2.56110399961
26     33     3.68480555713
27     33     5.34854315221
28     33     7.52420000732
29     33     10
30     33     7.52420000732
31     33     5.34854315221
32     33     3.68480555713
33     33     2.56110399961
34     33     1.91053994
35     33     1.57798632979
36     33     1.43546335399
37     33     1.38197571039
38     33     1.36569686234
39     33     1.36145934463
40     33     1.36061184108
41     33     1.36047571898
42     33     1.3604605943
43     33     1.36045951396
44     33     1.36045947671
45     33     1.36045947671
46     33     1.36045947671
47     33     1.36045947671
48     33     1.36045947671
49     33     1.36044882238
50     33     1.36040538549
51     33     1.35997593403
52     33     1.35852605104
53     33     1.35187484324
54     33     1.33359774947
55     33     1.28055199981
56     33     1.16422042251
57     33     0.926999524236
58     33     0.534743964672
59     33     0

0     34     0
1     34     0.230424068868
2     34     0.409392789006
3     34     0.51821410656
4     34     0.576942190528
5     34     0.6009016186
6     34     0.610791370273
7     34     0.613326616585
8     34     0.614156424999
9     34     0.614256821573
10     34     0.614283457398
11     34     0.614283457398
12     34     0.614283457398
13     34     0.614283457398
14     34     0.614283457398
15     34     0.614283494651
16     34     0.614284574986
17     34     0.614299699664
18     34     0.614435821772
19     34     0.61532061547
20     34     0.619670003653
21     34     0.637067556381
22     34     0.693165510893
23     34     0.8474348858
24     34     1.2018032372
25     34     1.91053994
26     34     3.12150046229
27     34     4.93794124573
28     34     7.30023533106
29     34     10
30     34     7.30023533106
31     34     4.93794124573
32     34     3.12150046229
33     34     1.91053994
34     34     1.2018032372
35     34     0.8474348858
36     34     0.693165510893
37     34     0.637067556381
38     34     0.619670003653
39     34     0.61532061547
40     34     0.614435821772
41     34     0.614299699664
42     34     0.614284574986
43     34     0.614283494651
44     34     0.614283457398
45     34     0.614283457398
46     34     0.614283457398
47     34     0.614283457398
48     34     0.614283457398
49     34     0.614283457398
50     34     0.614256821573
51     34     0.614156424999
52     34     0.613326616585
53     34     0.610791370273
54     34     0.6009016186
55     34     0.576942190528
56     34     0.51821410656
57     34     0.409392789006
58     34     0.230424068868
59     34     0

0     35     0
1     35     0.0895418599248
2     35     0.158750899136
3     35     0.203953571618
4     35     0.226111486554
5     35     0.236643515527
6     35     0.23982103914
7     35     0.240981541574
8     35     0.241147503257
9     35     0.241195447743
10     35     0.241195447743
11     35     0.241195447743
12     35     0.241195447743
13     35     0.241195447743
14     35     0.241195447743
15     35     0.241195484996
16     35     0.24119656533
17     35     0.241211690009
18     35     0.241347812116
19     35     0.242232605815
20     35     0.246656574309
21     35     0.264240577817
22     35     0.322016589344
23     35     0.47964207828
24     35     0.8474348858
25     35     1.57798632979
26     35     2.83984791487
27     35     4.72415678203
28     35     7.18825299293
29     35     10
30     35     7.18825299293
31     35     4.72415678203
32     35     2.83984791487
33     35     1.57798632979
34     35     0.8474348858
35     35     0.47964207828
36     35     0.322016589344
37     35     0.264240577817
38     35     0.246656574309
39     35     0.242232605815
40     35     0.241347812116
41     35     0.241211690009
42     35     0.24119656533
43     35     0.241195484996
44     35     0.241195447743
45     35     0.241195447743
46     35     0.241195447743
47     35     0.241195447743
48     35     0.241195447743
49     35     0.241195447743
50     35     0.241195447743
51     35     0.241147503257
52     35     0.240981541574
53     35     0.23982103914
54     35     0.236643515527
55     35     0.226111486554
56     35     0.203953571618
57     35     0.158750899136
58     35     0.0895418599248
59     35     0

0     36     0
1     36     0.0300737470388
2     36     0.0542779266834
3     36     0.068834386766
4     36     0.076937302947
5     36     0.0798388943076
6     36     0.0810350477695
7     36     0.0812366604805
8     36     0.081300586462
9     36     0.081300586462
10     36     0.081300586462
11     36     0.081300586462
12     36     0.081300586462
13     36     0.081300586462
14     36     0.081300586462
15     36     0.0813006237149
16     36     0.0813017040491
17     36     0.0813168287277
18     36     0.0814529508352
19     36     0.082337744534
20     36     0.086761713028
21     36     0.104457587004
22     36     0.162473320961
23     36     0.322016589344
24     36     0.693165510893
25     36     1.43546335399
26     36     2.71429196
27     36     4.63253486902
28     36     7.13735193014
29     36     10
30     36     7.13735193014
31     36     4.63253486902
32     36     2.71429196
33     36     1.43546335399
34     36     0.693165510893
35     36     0.322016589344
36     36     0.162473320961
37     36     0.104457587004
38     36     0.086761713028
39     36     0.082337744534
40     36     0.0814529508352
41     36     0.0813168287277
42     36     0.0813017040491
43     36     0.0813006237149
44     36     0.081300586462
45     36     0.081300586462
46     36     0.081300586462
47     36     0.081300586462
48     36     0.081300586462
49     36     0.081300586462
50     36     0.081300586462
51     36     0.081300586462
52     36     0.0812366604805
53     36     0.0810350477695
54     36     0.0798388943076
55     36     0.076937302947
56     36     0.068834386766
57     36     0.0542779266834
58     36     0.0300737470388
59     36     0

0     37     0
1     37     0.00886678695679
2     37     0.0155980885029
3     37     0.0200679898262
4     37     0.0219997763634
5     37     0.022911131382
6     37     0.0230930745602
7     37     0.0231570005417
8     37     0.0231570005417
9     37     0.0231570005417
10     37     0.0231570005417
11     37     0.0231570005417
12     37     0.0231570005417
13     37     0.0231570005417
14     37     0.0231570005417
15     37     0.0231570377946
16     37     0.0231581181288
17     37     0.0231732428074
18     37     0.0233093649149
19     37     0.0241941586137
20     37     0.0286181271076
21     37     0.0463140010834
22     37     0.104457587004
23     37     0.264240577817
24     37     0.637067556381
25     37     1.38197571039
26     37     2.66863524914
27     37     4.59705837071
28     37     7.11884245276
29     37     10
30     37     7.11884245276
31     37     4.59705837071
32     37     2.66863524914
33     37     1.38197571039
34     37     0.637067556381
35     37     0.264240577817
36     37     0.104457587004
37     37     0.0463140010834
38     37     0.0286181271076
39     37     0.0241941586137
40     37     0.0233093649149
41     37     0.0231732428074
42     37     0.0231581181288
43     37     0.0231570377946
44     37     0.0231570005417
45     37     0.0231570005417
46     37     0.0231570005417
47     37     0.0231570005417
48     37     0.0231570005417
49     37     0.0231570005417
50     37     0.0231570005417
51     37     0.0231570005417
52     37     0.0231570005417
53     37     0.0230930745602
54     37     0.022911131382
55     37     0.0219997763634
56     37     0.0200679898262
57     37     0.0155980885029
58     37     0.00886678695679
59     37     0

0     38     0
1     38     0.00213496387005
2     38     0.00385895371437
3     38     0.00478375703096
4     38     0.00529147684574
5     38     0.00541318207979
6     38     0.00546112656593
7     38     0.00546112656593
8     38     0.00546112656593
9     38     0.00546112656593
10     38     0.00546112656593
11     38     0.00546112656593
12     38     0.00546112656593
13     38     0.00546112656593
14     38     0.00546112656593
15     38     0.00546116381884
16     38     0.00546224415302
17     38     0.00547736883163
18     38     0.00561349093914
19     38     0.00649828463793
20     38     0.0109222531319
21     38     0.0286181271076
22     38     0.086761713028
23     38     0.246656574309
24     38     0.619670003653
25     38     1.36569686234
26     38     2.65392258763
27     38     4.58626117557
28     38     7.11267262697
29     38     10
30     38     7.11267262697
31     38     4.58626117557
32     38     2.65392258763
33     38     1.36569686234
34     38     0.619670003653
35     38     0.246656574309
36     38     0.086761713028
37     38     0.0286181271076
38     38     0.0109222531319
39     38     0.00649828463793
40     38     0.00561349093914
41     38     0.00547736883163
42     38     0.00546224415302
43     38     0.00546116381884
44     38     0.00546112656593
45     38     0.00546112656593
46     38     0.00546112656593
47     38     0.00546112656593
48     38     0.00546112656593
49     38     0.00546112656593
50     38     0.00546112656593
51     38     0.00546112656593
52     38     0.00546112656593
53     38     0.00546112656593
54     38     0.00541318207979
55     38     0.00529147684574
56     38     0.00478375703096
57     38     0.00385895371437
58     38     0.00213496387005
59     38     0

0     39     0
1     39     0.000441484153271
2     39     0.000749938189983
3     39     0.0009511038661
4     39     0.00101052224636
5     39     0.00103715807199
6     39     0.00103715807199
7     39     0.00103715807199
8     39     0.00103715807199
9     39     0.00103715807199
10     39     0.00103715807199
11     39     0.00103715807199
12     39     0.00103715807199
13     39     0.00103715807199
14     39     0.00103715807199
15     39     0.0010371953249
16     39     0.00103827565908
17     39     0.0010534003377
18     39     0.0011895224452
19     39     0.00207431614399
20     39     0.00649828463793
21     39     0.0241941586137
22     39     0.082337744534
23     39     0.242232605815
24     39     0.61532061547
25     39     1.36145934463
26     39     2.65024442226
27     39     4.58329491317
28     39     7.11113017052
29     39     10
30     39     7.11113017052
31     39     4.58329491317
32     39     2.65024442226
33     39     1.36145934463
34     39     0.61532061547
35     39     0.242232605815
36     39     0.082337744534
37     39     0.0241941586137
38     39     0.00649828463793
39     39     0.00207431614399
40     39     0.0011895224452
41     39     0.0010534003377
42     39     0.00103827565908
43     39     0.0010371953249
44     39     0.00103715807199
45     39     0.00103715807199
46     39     0.00103715807199
47     39     0.00103715807199
48     39     0.00103715807199
49     39     0.00103715807199
50     39     0.00103715807199
51     39     0.00103715807199
52     39     0.00103715807199
53     39     0.00103715807199
54     39     0.00103715807199
55     39     0.00101052224636
56     39     0.0009511038661
57     39     0.000749938189983
58     39     0.000441484153271
59     39     0

0     40     0
1     40     6.75395131111e-05
2     40     0.000121220946312
3     40     0.000141710042953
4     40     0.000152364373207
5     40     0.000152364373207
6     40     0.000152364373207
7     40     0.000152364373207
8     40     0.000152364373207
9     40     0.000152364373207
10     40     0.000152364373207
11     40     0.000152364373207
12     40     0.000152364373207
13     40     0.000152364373207
14     40     0.000152364373207
15     40     0.00015240162611
16     40     0.000153481960297
17     40     0.000168606638908
18     40     0.000304728746414
19     40     0.0011895224452
20     40     0.00561349093914
21     40     0.0233093649149
22     40     0.0814529508352
23     40     0.241347812116
24     40     0.614435821772
25     40     1.36061184108
26     40     2.64944776893
27     40     4.58270166069
28     40     7.11077421904
29     40     10
30     40     7.11077421904
31     40     4.58270166069
32     40     2.64944776893
33     40     1.36061184108
34     40     0.614435821772
35     40     0.241347812116
36     40     0.0814529508352
37     40     0.0233093649149
38     40     0.00561349093914
39     40     0.0011895224452
40     40     0.000304728746414
41     40     0.000168606638908
42     40     0.000153481960297
43     40     0.00015240162611
44     40     0.000152364373207
45     40     0.000152364373207
46     40     0.000152364373207
47     40     0.000152364373207
48     40     0.000152364373207
49     40     0.000152364373207
50     40     0.000152364373207
51     40     0.000152364373207
52     40     0.000152364373207
53     40     0.000152364373207
54     40     0.000152364373207
55     40     0.000152364373207
56     40     0.000141710042953
57     40     0.000121220946312
58     40     6.75395131111e-05
59     40     0

0     41     0
1     41     8.64267349243e-06
2     41     1.33365392685e-05
3     41     1.62422657013e-05
4     41     1.62422657013e-05
5     41     1.62422657013e-05
6     41     1.62422657013e-05
7     41     1.62422657013e-05
8     41     1.62422657013e-05
9     41     1.62422657013e-05
10     41     1.62422657013e-05
11     41     1.62422657013e-05
12     41     1.62422657013e-05
13     41     1.62422657013e-05
14     41     1.62422657013e-05
15     41     1.62795186043e-05
16     41     1.73598527908e-05
17     41     3.24845314026e-05
18     41     0.000168606638908
19     41     0.0010534003377
20     41     0.00547736883163
21     41     0.0231732428074
22     41     0.0813168287277
23     41     0.241211690009
24     41     0.614299699664
25     41     1.36047571898
26     41     2.64932520688
27     41     4.58259604871
28     41     7.11071945727
29     41     10
30     41     7.11071945727
31     41     4.58259604871
32     41     2.64932520688
33     41     1.36047571898
34     41     0.614299699664
35     41     0.241211690009
36     41     0.0813168287277
37     41     0.0231732428074
38     41     0.00547736883163
39     41     0.0010534003377
40     41     0.000168606638908
41     41     3.24845314026e-05
42     41     1.73598527908e-05
43     41     1.62795186043e-05
44     41     1.62422657013e-05
45     41     1.62422657013e-05
46     41     1.62422657013e-05
47     41     1.62422657013e-05
48     41     1.62422657013e-05
49     41     1.62422657013e-05
50     41     1.62422657013e-05
51     41     1.62422657013e-05
52     41     1.62422657013e-05
53     41     1.62422657013e-05
54     41     1.62422657013e-05
55     41     1.62422657013e-05
56     41     1.62422657013e-05
57     41     1.33365392685e-05
58     41     8.64267349243e-06
59     41     0

0     42     0
1     42     6.33299350739e-07
2     42     1.11758708954e-06
3     42     1.11758708954e-06
4     42     1.11758708954e-06
5     42     1.11758708954e-06
6     42     1.11758708954e-06
7     42     1.11758708954e-06
8     42     1.11758708954e-06
9     42     1.11758708954e-06
10     42     1.11758708954e-06
11     42     1.11758708954e-06
12     42     1.11758708954e-06
13     42     1.11758708954e-06
14     42     1.11758708954e-06
15     42     1.15483999252e-06
16     42     2.23517417908e-06
17     42     1.73598527908e-05
18     42     0.000153481960297
19     42     0.00103827565908
20     42     0.00546224415302
21     42     0.0231581181288
22     42     0.0813017040491
23     42     0.24119656533
24     42     0.614284574986
25     42     1.3604605943
26     42     2.6493100822
27     42     4.58258431405
28     42     7.11071163416
29     42     10
30     42     7.11071163416
31     42     4.58258431405
32     42     2.6493100822
33     42     1.3604605943
34     42     0.614284574986
35     42     0.24119656533
36     42     0.0813017040491
37     42     0.0231581181288
38     42     0.00546224415302
39     42     0.00103827565908
40     42     0.000153481960297
41     42     1.73598527908e-05
42     42     2.23517417908e-06
43     42     1.15483999252e-06
44     42     1.11758708954e-06
45     42     1.11758708954e-06
46     42     1.11758708954e-06
47     42     1.11758708954e-06
48     42     1.11758708954e-06
49     42     1.11758708954e-06
50     42     1.11758708954e-06
51     42     1.11758708954e-06
52     42     1.11758708954e-06
53     42     1.11758708954e-06
54     42     1.11758708954e-06
55     42     1.11758708954e-06
56     42     1.11758708954e-06
57     42     1.11758708954e-06
58     42     6.33299350739e-07
59     42     0

0     43     0
1     43     3.72529029846e-08
2     43     3.72529029846e-08
3     43     3.72529029846e-08
4     43     3.72529029846e-08
5     43     3.72529029846e-08
6     43     3.72529029846e-08
7     43     3.72529029846e-08
8     43     3.72529029846e-08
9     43     3.72529029846e-08
10     43     3.72529029846e-08
11     43     3.72529029846e-08
12     43     3.72529029846e-08
13     43     3.72529029846e-08
14     43     3.72529029846e-08
15     43     7.45058059692e-08
16     43     1.15483999252e-06
17     43     1.62795186043e-05
18     43     0.00015240162611
19     43     0.0010371953249
20     43     0.00546116381884
21     43     0.0231570377946
22     43     0.0813006237149
23     43     0.241195484996
24     43     0.614283494651
25     43     1.36045951396
26     43     2.64930900186
27     43     4.58258323371
28     43     7.11071107537
29     43     10
30     43     7.11071107537
31     43     4.58258323371
32     43     2.64930900186
33     43     1.36045951396
34     43     0.614283494651
35     43     0.241195484996
36     43     0.0813006237149
37     43     0.0231570377946
38     43     0.00546116381884
39     43     0.0010371953249
40     43     0.00015240162611
41     43     1.62795186043e-05
42     43     1.15483999252e-06
43     43     7.45058059692e-08
44     43     3.72529029846e-08
45     43     3.72529029846e-08
46     43     3.72529029846e-08
47     43     3.72529029846e-08
48     43     3.72529029846e-08
49     43     3.72529029846e-08
50     43     3.72529029846e-08
51     43     3.72529029846e-08
52     43     3.72529029846e-08
53     43     3.72529029846e-08
54     43     3.72529029846e-08
55     43     3.72529029846e-08
56     43     3.72529029846e-08
57     43     3.72529029846e-08
58     43     3.72529029846e-08
59     43     0

0     44     0
1     44     0.0
2     44     0.0
3     44     0.0
4     44     0.0
5     44     0.0
6     44     0.0
7     44     0.0
8     44     0.0
9     44     0.0
10     44     0.0
11     44     0.0
12     44     0.0
13     44     0.0
14     44     0.0
15     44     3.72529029846e-08
16     44     1.11758708954e-06
17     44     1.62422657013e-05
18     44     0.000152364373207
19     44     0.00103715807199
20     44     0.00546112656593
21     44     0.0231570005417
22     44     0.081300586462
23     44     0.241195447743
24     44     0.614283457398
25     44     1.36045947671
26     44     2.64930896461
27     44     4.58258319646
28     44     7.11071103811
29     44     10
30     44     7.11071103811
31     44     4.58258319646
32     44     2.64930896461
33     44     1.36045947671
34     44     0.614283457398
35     44     0.241195447743
36     44     0.081300586462
37     44     0.0231570005417
38     44     0.00546112656593
39     44     0.00103715807199
40     44     0.000152364373207
41     44     1.62422657013e-05
42     44     1.11758708954e-06
43     44     3.72529029846e-08
44     44     0.0
45     44     0.0
46     44     0.0
47     44     0.0
48     44     0.0
49     44     0.0
50     44     0.0
51     44     0.0
52     44     0.0
53     44     0.0
54     44     0.0
55     44     0.0
56     44     0.0
57     44     0.0
58     44     0.0
59     44     0

0     45     0
1     45     0.0
2     45     0.0
3     45     0.0
4     45     0.0
5     45     0.0
6     45     0.0
7     45     0.0
8     45     0.0
9     45     0.0
10     45     0.0
11     45     0.0
12     45     0.0
13     45     0.0
14     45     0.0
15     45     3.72529029846e-08
16     45     1.11758708954e-06
17     45     1.62422657013e-05
18     45     0.000152364373207
19     45     0.00103715807199
20     45     0.00546112656593
21     45     0.0231570005417
22     45     0.081300586462
23     45     0.241195447743
24     45     0.614283457398
25     45     1.36045947671
26     45     2.64930896461
27     45     4.58258319646
28     45     7.11071103811
29     45     10
30     45     7.11071103811
31     45     4.58258319646
32     45     2.64930896461
33     45     1.36045947671
34     45     0.614283457398
35     45     0.241195447743
36     45     0.081300586462
37     45     0.0231570005417
38     45     0.00546112656593
39     45     0.00103715807199
40     45     0.000152364373207
41     45     1.62422657013e-05
42     45     1.11758708954e-06
43     45     3.72529029846e-08
44     45     0.0
45     45     0.0
46     45     0.0
47     45     0.0
48     45     0.0
49     45     0.0
50     45     0.0
51     45     0.0
52     45     0.0
53     45     0.0
54     45     0.0
55     45     0.0
56     45     0.0
57     45     0.0
58     45     0.0
59     45     0

0     46     0
1     46     0.0
2     46     0.0
3     46     0.0
4     46     0.0
5     46     0.0
6     46     0.0
7     46     0.0
8     46     0.0
9     46     0.0
10     46     0.0
11     46     0.0
12     46     0.0
13     46     0.0
14     46     0.0
15     46     3.72529029846e-08
16     46     1.11758708954e-06
17     46     1.62422657013e-05
18     46     0.000152364373207
19     46     0.00103715807199
20     46     0.00546112656593
21     46     0.0231570005417
22     46     0.081300586462
23     46     0.241195447743
24     46     0.614283457398
25     46     1.36045947671
26     46     2.64930896461
27     46     4.58258319646
28     46     7.11071100086
29     46     10
30     46     7.11071100086
31     46     4.58258319646
32     46     2.64930896461
33     46     1.36045947671
34     46     0.614283457398
35     46     0.241195447743
36     46     0.081300586462
37     46     0.0231570005417
38     46     0.00546112656593
39     46     0.00103715807199
40     46     0.000152364373207
41     46     1.62422657013e-05
42     46     1.11758708954e-06
43     46     3.72529029846e-08
44     46     0.0
45     46     0.0
46     46     0.0
47     46     0.0
48     46     0.0
49     46     0.0
50     46     0.0
51     46     0.0
52     46     0.0
53     46     0.0
54     46     0.0
55     46     0.0
56     46     0.0
57     46     0.0
58     46     0.0
59     46     0

0     47     0
1     47     0.0
2     47     0.0
3     47     0.0
4     47     0.0
5     47     0.0
6     47     0.0
7     47     0.0
8     47     0.0
9     47     0.0
10     47     0.0
11     47     0.0
12     47     0.0
13     47     0.0
14     47     0.0
15     47     3.72529029846e-08
16     47     1.11758708954e-06
17     47     1.62422657013e-05
18     47     0.000152364373207
19     47     0.00103715807199
20     47     0.00546112656593
21     47     0.0231570005417
22     47     0.081300586462
23     47     0.241195447743
24     47     0.614283457398
25     47     1.36045947671
26     47     2.64930896461
27     47     4.58258271217
28     47     7.1107108146
29     47     10
30     47     7.1107108146
31     47     4.58258271217
32     47     2.64930896461
33     47     1.36045947671
34     47     0.614283457398
35     47     0.241195447743
36     47     0.081300586462
37     47     0.0231570005417
38     47     0.00546112656593
39     47     0.00103715807199
40     47     0.000152364373207
41     47     1.62422657013e-05
42     47     1.11758708954e-06
43     47     3.72529029846e-08
44     47     0.0
45     47     0.0
46     47     0.0
47     47     0.0
48     47     0.0
49     47     0.0
50     47     0.0
51     47     0.0
52     47     0.0
53     47     0.0
54     47     0.0
55     47     0.0
56     47     0.0
57     47     0.0
58     47     0.0
59     47     0

0     48     0
1     48     0.0
2     48     0.0
3     48     0.0
4     48     0.0
5     48     0.0
6     48     0.0
7     48     0.0
8     48     0.0
9     48     0.0
10     48     0.0
11     48     0.0
12     48     0.0
13     48     0.0
14     48     0.0
15     48     3.72529029846e-08
16     48     1.11758708954e-06
17     48     1.62422657013e-05
18     48     0.000152364373207
19     48     0.00103715807199
20     48     0.00546112656593
21     48     0.0231570005417
22     48     0.081300586462
23     48     0.241195447743
24     48     0.614283457398
25     48     1.36045947671
26     48     2.64930605888
27     48     4.58258043975
28     48     7.11070667952
29     48     10
30     48     7.11070667952
31     48     4.58258043975
32     48     2.64930605888
33     48     1.36045947671
34     48     0.614283457398
35     48     0.241195447743
36     48     0.081300586462
37     48     0.0231570005417
38     48     0.00546112656593
39     48     0.00103715807199
40     48     0.000152364373207
41     48     1.62422657013e-05
42     48     1.11758708954e-06
43     48     3.72529029846e-08
44     48     0.0
45     48     0.0
46     48     0.0
47     48     0.0
48     48     0.0
49     48     0.0
50     48     0.0
51     48     0.0
52     48     0.0
53     48     0.0
54     48     0.0
55     48     0.0
56     48     0.0
57     48     0.0
58     48     0.0
59     48     0

0     49     0
1     49     0.0
2     49     0.0
3     49     0.0
4     49     0.0
5     49     0.0
6     49     0.0
7     49     0.0
8     49     0.0
9     49     0.0
10     49     0.0
11     49     0.0
12     49     0.0
13     49     0.0
14     49     0.0
15     49     3.72529029846e-08
16     49     1.11758708954e-06
17     49     1.62422657013e-05
18     49     0.000152364373207
19     49     0.00103715807199
20     49     0.00546112656593
21     49     0.0231570005417
22     49     0.081300586462
23     49     0.241195447743
24     49     0.614283457398
25     49     1.36044882238
26     49     2.64929331839
27     49     4.58254497498
28     49     7.11068868637
29     49     10
30     49     7.11068868637
31     49     4.58254497498
32     49     2.64929331839
33     49     1.36044882238
34     49     0.614283457398
35     49     0.241195447743
36     49     0.081300586462
37     49     0.0231570005417
38     49     0.00546112656593
39     49     0.00103715807199
40     49     0.000152364373207
41     49     1.62422657013e-05
42     49     1.11758708954e-06
43     49     3.72529029846e-08
44     49     0.0
45     49     0.0
46     49     0.0
47     49     0.0
48     49     0.0
49     49     0.0
50     49     0.0
51     49     0.0
52     49     0.0
53     49     0.0
54     49     0.0
55     49     0.0
56     49     0.0
57     49     0.0
58     49     0.0
59     49     0

0     50     0
1     50     0.0
2     50     0.0
3     50     0.0
4     50     0.0
5     50     0.0
6     50     0.0
7     50     0.0
8     50     0.0
9     50     0.0
10     50     0.0
11     50     0.0
12     50     0.0
13     50     0.0
14     50     0.0
15     50     3.72529029846e-08
16     50     1.11758708954e-06
17     50     1.62422657013e-05
18     50     0.000152364373207
19     50     0.00103715807199
20     50     0.00546112656593
21     50     0.0231570005417
22     50     0.081300586462
23     50     0.241195447743
24     50     0.614256821573
25     50     1.36040538549
26     50     2.6491388306
27     50     4.58240222186
28     50     7.1105376631
29     50     10
30     50     7.1105376631
31     50     4.58240222186
32     50     2.6491388306
33     50     1.36040538549
34     50     0.614256821573
35     50     0.241195447743
36     50     0.081300586462
37     50     0.0231570005417
38     50     0.00546112656593
39     50     0.00103715807199
40     50     0.000152364373207
41     50     1.62422657013e-05
42     50     1.11758708954e-06
43     50     3.72529029846e-08
44     50     0.0
45     50     0.0
46     50     0.0
47     50     0.0
48     50     0.0
49     50     0.0
50     50     0.0
51     50     0.0
52     50     0.0
53     50     0.0
54     50     0.0
55     50     0.0
56     50     0.0
57     50     0.0
58     50     0.0
59     50     0

0     51     0
1     51     0.0
2     51     0.0
3     51     0.0
4     51     0.0
5     51     0.0
6     51     0.0
7     51     0.0
8     51     0.0
9     51     0.0
10     51     0.0
11     51     0.0
12     51     0.0
13     51     0.0
14     51     0.0
15     51     3.72529029846e-08
16     51     1.11758708954e-06
17     51     1.62422657013e-05
18     51     0.000152364373207
19     51     0.00103715807199
20     51     0.00546112656593
21     51     0.0231570005417
22     51     0.081300586462
23     51     0.241147503257
24     51     0.614156424999
25     51     1.35997593403
26     51     2.64856725931
27     51     4.58146028221
28     51     7.10997566581
29     51     10
30     51     7.10997566581
31     51     4.58146028221
32     51     2.64856725931
33     51     1.35997593403
34     51     0.614156424999
35     51     0.241147503257
36     51     0.081300586462
37     51     0.0231570005417
38     51     0.00546112656593
39     51     0.00103715807199
40     51     0.000152364373207
41     51     1.62422657013e-05
42     51     1.11758708954e-06
43     51     3.72529029846e-08
44     51     0.0
45     51     0.0
46     51     0.0
47     51     0.0
48     51     0.0
49     51     0.0
50     51     0.0
51     51     0.0
52     51     0.0
53     51     0.0
54     51     0.0
55     51     0.0
56     51     0.0
57     51     0.0
58     51     0.0
59     51     0

0     52     0
1     52     0.0
2     52     0.0
3     52     0.0
4     52     0.0
5     52     0.0
6     52     0.0
7     52     0.0
8     52     0.0
9     52     0.0
10     52     0.0
11     52     0.0
12     52     0.0
13     52     0.0
14     52     0.0
15     52     3.72529029846e-08
16     52     1.11758708954e-06
17     52     1.62422657013e-05
18     52     0.000152364373207
19     52     0.00103715807199
20     52     0.00546112656593
21     52     0.0231570005417
22     52     0.0812366604805
23     52     0.240981541574
24     52     0.613326616585
25     52     1.35852605104
26     52     2.64545757324
27     52     4.57825694233
28     52     7.1072781831
29     52     10
30     52     7.1072781831
31     52     4.57825694233
32     52     2.64545757324
33     52     1.35852605104
34     52     0.613326616585
35     52     0.240981541574
36     52     0.0812366604805
37     52     0.0231570005417
38     52     0.00546112656593
39     52     0.00103715807199
40     52     0.000152364373207
41     52     1.62422657013e-05
42     52     1.11758708954e-06
43     52     3.72529029846e-08
44     52     0.0
45     52     0.0
46     52     0.0
47     52     0.0
48     52     0.0
49     52     0.0
50     52     0.0
51     52     0.0
52     52     0.0
53     52     0.0
54     52     0.0
55     52     0.0
56     52     0.0
57     52     0.0
58     52     0.0
59     52     0

0     53     0
1     53     0.0
2     53     0.0
3     53     0.0
4     53     0.0
5     53     0.0
6     53     0.0
7     53     0.0
8     53     0.0
9     53     0.0
10     53     0.0
11     53     0.0
12     53     0.0
13     53     0.0
14     53     0.0
15     53     3.72529029846e-08
16     53     1.11758708954e-06
17     53     1.62422657013e-05
18     53     0.000152364373207
19     53     0.00103715807199
20     53     0.00546112656593
21     53     0.0230930745602
22     53     0.0810350477695
23     53     0.23982103914
24     53     0.610791370273
25     53     1.35187484324
26     53     2.63589434326
27     53     4.56540588289
28     53     7.098711133
29     53     10
30     53     7.098711133
31     53     4.56540588289
32     53     2.63589434326
33     53     1.35187484324
34     53     0.610791370273
35     53     0.23982103914
36     53     0.0810350477695
37     53     0.0230930745602
38     53     0.00546112656593
39     53     0.00103715807199
40     53     0.000152364373207
41     53     1.62422657013e-05
42     53     1.11758708954e-06
43     53     3.72529029846e-08
44     53     0.0
45     53     0.0
46     53     0.0
47     53     0.0
48     53     0.0
49     53     0.0
50     53     0.0
51     53     0.0
52     53     0.0
53     53     0.0
54     53     0.0
55     53     0.0
56     53     0.0
57     53     0.0
58     53     0.0
59     53     0

0     54     0
1     54     0.0
2     54     0.0
3     54     0.0
4     54     0.0
5     54     0.0
6     54     0.0
7     54     0.0
8     54     0.0
9     54     0.0
10     54     0.0
11     54     0.0
12     54     0.0
13     54     0.0
14     54     0.0
15     54     3.72529029846e-08
16     54     1.11758708954e-06
17     54     1.62422657013e-05
18     54     0.000152364373207
19     54     0.00103715807199
20     54     0.00541318207979
21     54     0.022911131382
22     54     0.0798388943076
23     54     0.236643515527
24     54     0.6009016186
25     54     1.33359774947
26     54     2.60328635573
27     54     4.52854845673
28     54     7.06981126219
29     54     10
30     54     7.06981126219
31     54     4.52854845673
32     54     2.60328635573
33     54     1.33359774947
34     54     0.6009016186
35     54     0.236643515527
36     54     0.0798388943076
37     54     0.022911131382
38     54     0.00541318207979
39     54     0.00103715807199
40     54     0.000152364373207
41     54     1.62422657013e-05
42     54     1.11758708954e-06
43     54     3.72529029846e-08
44     54     0.0
45     54     0.0
46     54     0.0
47     54     0.0
48     54     0.0
49     54     0.0
50     54     0.0
51     54     0.0
52     54     0.0
53     54     0.0
54     54     0.0
55     54     0.0
56     54     0.0
57     54     0.0
58     54     0.0
59     54     0

0     55     0
1     55     0.0
2     55     0.0
3     55     0.0
4     55     0.0
5     55     0.0
6     55     0.0
7     55     0.0
8     55     0.0
9     55     0.0
10     55     0.0
11     55     0.0
12     55     0.0
13     55     0.0
14     55     0.0
15     55     3.72529029846e-08
16     55     1.11758708954e-06
17     55     1.62422657013e-05
18     55     0.000152364373207
19     55     0.00101052224636
20     55     0.00529147684574
21     55     0.0219997763634
22     55     0.076937302947
23     55     0.226111486554
24     55     0.576942190528
25     55     1.28055199981
26     55     2.52058513463
27     55     4.42154362798
28     55     6.98945604265
29     55     10
30     55     6.98945604265
31     55     4.42154362798
32     55     2.52058513463
33     55     1.28055199981
34     55     0.576942190528
35     55     0.226111486554
36     55     0.076937302947
37     55     0.0219997763634
38     55     0.00529147684574
39     55     0.00101052224636
40     55     0.000152364373207
41     55     1.62422657013e-05
42     55     1.11758708954e-06
43     55     3.72529029846e-08
44     55     0.0
45     55     0.0
46     55     0.0
47     55     0.0
48     55     0.0
49     55     0.0
50     55     0.0
51     55     0.0
52     55     0.0
53     55     0.0
54     55     0.0
55     55     0.0
56     55     0.0
57     55     0.0
58     55     0.0
59     55     0

0     56     0
1     56     0.0
2     56     0.0
3     56     0.0
4     56     0.0
5     56     0.0
6     56     0.0
7     56     0.0
8     56     0.0
9     56     0.0
10     56     0.0
11     56     0.0
12     56     0.0
13     56     0.0
14     56     0.0
15     56     3.72529029846e-08
16     56     1.11758708954e-06
17     56     1.62422657013e-05
18     56     0.000141710042953
19     56     0.0009511038661
20     56     0.00478375703096
21     56     0.0200679898262
22     56     0.068834386766
23     56     0.203953571618
24     56     0.51821410656
25     56     1.16422042251
26     56     2.31699459255
27     56     4.15950413793
28     56     6.766612418
29     56     10
30     56     6.766612418
31     56     4.15950413793
32     56     2.31699459255
33     56     1.16422042251
34     56     0.51821410656
35     56     0.203953571618
36     56     0.068834386766
37     56     0.0200679898262
38     56     0.00478375703096
39     56     0.0009511038661
40     56     0.000141710042953
41     56     1.62422657013e-05
42     56     1.11758708954e-06
43     56     3.72529029846e-08
44     56     0.0
45     56     0.0
46     56     0.0
47     56     0.0
48     56     0.0
49     56     0.0
50     56     0.0
51     56     0.0
52     56     0.0
53     56     0.0
54     56     0.0
55     56     0.0
56     56     0.0
57     56     0.0
58     56     0.0
59     56     0

0     57     0
1     57     0.0
2     57     0.0
3     57     0.0
4     57     0.0
5     57     0.0
6     57     0.0
7     57     0.0
8     57     0.0
9     57     0.0
10     57     0.0
11     57     0.0
12     57     0.0
13     57     0.0
14     57     0.0
15     57     3.72529029846e-08
16     57     1.11758708954e-06
17     57     1.33365392685e-05
18     57     0.000121220946312
19     57     0.000749938189983
20     57     0.00385895371437
21     57     0.0155980885029
22     57     0.0542779266834
23     57     0.158750899136
24     57     0.409392789006
25     57     0.926999524236
26     57     1.89826048911
27     57     3.54880031198
28     57     6.18030518293
29     57     10
30     57     6.18030518293
31     57     3.54880031198
32     57     1.89826048911
33     57     0.926999524236
34     57     0.409392789006
35     57     0.158750899136
36     57     0.0542779266834
37     57     0.0155980885029
38     57     0.00385895371437
39     57     0.000749938189983
40     57     0.000121220946312
41     57     1.33365392685e-05
42     57     1.11758708954e-06
43     57     3.72529029846e-08
44     57     0.0
45     57     0.0
46     57     0.0
47     57     0.0
48     57     0.0
49     57     0.0
50     57     0.0
51     57     0.0
52     57     0.0
53     57     0.0
54     57     0.0
55     57     0.0
56     57     0.0
57     57     0.0
58     57     0.0
59     57     0

0     58     0
1     58     0.0
2     58     0.0
3     58     0.0
4     58     0.0
5     58     0.0
6     58     0.0
7     58     0.0
8     58     0.0
9     58     0.0
10     58     0.0
11     58     0.0
12     58     0.0
13     58     0.0
14     58     0.0
15     58     3.72529029846e-08
16     58     6.33299350739e-07
17     58     8.64267349243e-06
18     58     6.75395131111e-05
19     58     0.000441484153271
20     58     0.00213496387005
21     58     0.00886678695679
22     58     0.0300737470388
23     58     0.0895418599248
24     58     0.230424068868
25     58     0.534743964672
26     58     1.13086204976
27     58     2.27708097547
28     58     4.58863630891
29     58     10
30     58     4.58863630891
31     58     2.27708097547
32     58     1.13086204976
33     58     0.534743964672
34     58     0.230424068868
35     58     0.0895418599248
36     58     0.0300737470388
37     58     0.00886678695679
38     58     0.00213496387005
39     58     0.000441484153271
40     58     6.75395131111e-05
41     58     8.64267349243e-06
42     58     6.33299350739e-07
43     58     3.72529029846e-08
44     58     0.0
45     58     0.0
46     58     0.0
47     58     0.0
48     58     0.0
49     58     0.0
50     58     0.0
51     58     0.0
52     58     0.0
53     58     0.0
54     58     0.0
55     58     0.0
56     58     0.0
57     58     0.0
58     58     0.0
59     58     0

0     59     0
1     59     0
2     59     0
3     59     0
4     59     0
5     59     0
6     59     0
7     59     0
8     59     0
9     59     0
10     59     0
11     59     0
12     59     0
13     59     0
14     59     0
15     59     0
16     59     0
17     59     0
18     59     0
19     59     0
20     59     0
21     59     0
22     59     0
23     59     0
24     59     0
25     59     0
26     59     0
27     59     0
28     59     0
29     59     0
30     59     0
31     59     0
32     59     0
33     59     0
34     59     0
35     59     0
36     59     0
37     59     0
38     59     0
39     59     0
40     59     0
41     59     0
42     59     0
43     59     0
44     59     0
45     59     0
46     59     0
47     59     0
48     59     0
49     59     0
50     59     0
51     59     0
52     59     0
53     59     0
54     59     0
55     59     0
56     59     0
57     59     0
58     59     0
59     59     0

