0     0     0
1     0     0
2     0     0
3     0     0
4     0     0
5     0     0
6     0     0
7     0     0
8     0     0
9     0     0
10     0     0
11     0     0
12     0     0
13     0     0
14     0     0
15     0     0
16     0     0
17     0     0
18     0     0
19     0     0
20     0     0
21     0     0
22     0     0
23     0     0
24     0     0
25     0     0
26     0     0
27     0     0
28     0     0
29     0     0
30     0     0
31     0     0
32     0     0
33     0     0
34     0     0
35     0     0
36     0     0
37     0     0
38     0     0
39     0     0
40     0     0
41     0     0
42     0     0
43     0     0
44     0     0
45     0     0
46     0     0
47     0     0
48     0     0
49     0     0
50     0     0
51     0     0
52     0     0
53     0     0
54     0     0
55     0     0
56     0     0
57     0     0
58     0     0
59     0     0

0     1     0
1     1     4.14070622874e-11
2     1     1.78816141846e-10
3     1     8.50967563419e-10
4     1     4.33880218452e-09
5     1     2.04577074567e-08
6     1     9.12593270867e-08
7     1     3.69204062176e-07
8     1     1.40535302981e-06
9     1     4.90375696628e-06
10     1     1.61347150598e-05
11     1     4.91351021521e-05
12     1     0.000141436986354
13     1     0.000379750449873
14     1     0.000966075173833
15     1     0.00230727773408
16     1     0.00523428348692
17     1     0.0112123044386
18     1     0.0228810716968
19     1     0.0443417716675
20     1     0.0821880985742
21     1     0.145631169965
22     1     0.248371614663
23     1     0.40898795197
24     1     0.656292745952
25     1     1.03712565085
26     1     1.64602710237
27     1     2.7052428217
28     1     4.83465815319
29     1     10
30     1     4.83465815319
31     1     2.7052428217
32     1     1.64602710237
33     1     1.03712565085
34     1     0.656292745952
35     1     0.40898795197
36     1     0.248371614663
37     1     0.145631169965
38     1     0.0821880985742
39     1     0.0443417716675
40     1     0.0228810716968
41     1     0.0112123044386
42     1     0.00523428348692
43     1     0.00230727773408
44     1     0.000966075173833
45     1     0.000379750449873
46     1     0.000141436986354
47     1     4.91351021521e-05
48     1     1.61347150598e-05
49     1     4.90375701612e-06
50     1     1.40535312949e-06
51     1     3.69204725452e-07
52     1     9.12604695669e-08
53     1     2.04613564801e-08
54     1     4.34419917019e-09
55     1     8.61818688622e-10
56     1     1.92591535495e-10
57     1     6.08860001872e-11
58     1     2.36333882254e-11
59     1     0

0     2     0
1     2     1.78816141846e-10
2     2     5.17574880436e-10
3     2     1.89825779266e-09
4     2     8.4731720201e-09
5     2     3.98186078244e-08
6     2     1.73478962815e-07
7     2     7.13555046785e-07
8     2     2.68105959492e-06
9     2     9.47928198562e-06
10     2     3.08982700106e-05
11     2     9.50096306434e-05
12     2     0.000271586525924
13     2     0.00073425068877
14     2     0.00185809619577
15     2     0.00445848161186
16     2     0.0100727630872
17     2     0.0216357908388
18     2     0.0439942001731
19     2     0.0853238731392
20     2     0.15753683021
21     2     0.278642125641
22     2     0.472422200703
23     2     0.772631833144
24     2     1.22364446376
25     2     1.89234349954
26     2     2.88213058833
27     2     4.3717009823
28     2     6.64992397584
29     2     10
30     2     6.64992397584
31     2     4.3717009823
32     2     2.88213058833
33     2     1.89234349954
34     2     1.22364446376
35     2     0.772631833144
36     2     0.472422200703
37     2     0.278642125641
38     2     0.15753683021
39     2     0.0853238731392
40     2     0.0439942001731
41     2     0.0216357908388
42     2     0.0100727630872
43     2     0.00445848161186
44     2     0.00185809619577
45     2     0.00073425068877
46     2     0.000271586525924
47     2     9.50096306434e-05
48     2     3.08982701452e-05
49     2     9.4792822697e-06
50     2     2.68106167641e-06
51     2     7.13558853629e-07
52     2     1.7349243067e-07
53     2     3.98398749058e-08
54     2     8.5209811661e-09
55     2     1.96324004483e-09
56     2     6.20333430346e-10
57     2     2.99289451645e-10
58     2     1.44349643024e-10
59     2     0

0     3     0
1     3     8.50967563419e-10
2     3     1.89825779266e-09
3     3     4.19855454731e-09
4     3     1.3848406432e-08
5     3     5.71554452516e-08
6     3     2.46850239831e-07
7     3     9.96095852187e-07
8     3     3.79268083602e-06
9     3     1.32815887113e-05
10     3     4.37674139969e-05
11     3     0.000133650541727
12     3     0.000385098487391
13     3     0.00103562981305
14     3     0.00263522610178
15     3     0.0062963907528
16     3     0.0142729204598
17     3     0.0305425470553
18     3     0.0621840454257
19     3     0.120119905947
20     3     0.221507979993
21     3     0.389623222215
22     3     0.657152958696
23     3     1.06403762472
24     3     1.66248394317
25     3     2.5142486514
26     3     3.69923207278
27     3     5.30926581186
28     3     7.42640513774
29     3     10
30     3     7.42640513774
31     3     5.30926581186
32     3     3.69923207278
33     3     2.5142486514
34     3     1.66248394317
35     3     1.06403762472
36     3     0.657152958696
37     3     0.389623222215
38     3     0.221507979993
39     3     0.120119905947
40     3     0.0621840454257
41     3     0.0305425470553
42     3     0.0142729204598
43     3     0.0062963907528
44     3     0.00263522610178
45     3     0.00103562981305
46     3     0.000385098487391
47     3     0.000133650542045
48     3     4.37674147037e-05
49     3     1.32815943389e-05
50     3     3.79269172849e-06
51     3     9.96137967164e-07
52     3     2.46920995091e-07
53     3     5.7330723055e-08
54     3     1.41031372402e-08
55     3     4.64737422167e-09
56     3     2.46084845679e-09
57     3     1.59122786459e-09
58     3     8.0483796512e-10
59     3     0

0     4     0
1     4     4.33880218452e-09
2     4     8.4731720201e-09
3     4     1.3848406432e-08
4     4     2.70417817622e-08
5     4     8.16026900953e-08
6     4     3.10846144547e-07
7     4     1.23631122631e-06
8     4     4.63297742577e-06
9     4     1.63850248534e-05
10     4     5.36228646166e-05
11     4     0.000165156839335
12     4     0.000473512902132
13     4     0.00128131067834
14     4     0.00324737813054
15     4     0.00779041544066
16     4     0.017597724352
17     4     0.0377328133205
18     4     0.0765467093189
19     4     0.147832206645
20     4     0.271366415791
21     4     0.475802513694
22     4     0.79677848856
23     4     1.27966720174
24     4     1.97336582523
25     4     2.93232506329
26     4     4.20491818881
27     4     5.82782864356
28     4     7.79296268575
29     4     10
30     4     7.79296268575
31     4     5.82782864356
32     4     4.20491818881
33     4     2.93232506329
34     4     1.97336582523
35     4     1.27966720174
36     4     0.79677848856
37     4     0.475802513694
38     4     0.271366415791
39     4     0.147832206645
40     4     0.0765467093189
41     4     0.0377328133205
42     4     0.017597724352
43     4     0.00779041544066
44     4     0.00324737813054
45     4     0.00128131067834
46     4     0.000473512902794
47     4     0.000165156840881
48     4     5.36228779266e-05
49     4     1.63850520431e-05
50     4     4.63309154822e-06
51     4     1.23651460823e-06
52     4     3.11396413754e-07
53     4     8.24551574633e-08
54     4     2.86963353286e-08
55     4     1.60689891057e-08
56     4     1.17268761385e-08
57     4     8.11217663239e-09
58     4     4.28299337165e-09
59     4     0

0     5     0
1     5     2.04577074567e-08
2     5     3.98186078244e-08
3     5     5.71554452516e-08
4     5     8.16026900953e-08
5     5     1.4781703224e-07
6     5     4.12280389479e-07
7     5     1.45050960787e-06
8     5     5.32576034676e-06
9     5     1.85736651358e-05
10     5     6.11842692814e-05
11     5     0.000187515884446
12     5     0.000541040450503
13     5     0.0014588873465
14     5     0.00371412535006
15     5     0.00888324543283
16     5     0.0201198438234
17     5     0.043012031508
18     5     0.0873241858803
19     5     0.168053034734
20     5     0.30803714717
21     5     0.53742423525
22     5     0.895880984536
23     5     1.42741230873
24     5     2.18053453752
25     5     3.19663053457
26     5     4.50677558903
27     5     6.11307880096
28     5     7.97761244344
29     5     10
30     5     7.97761244344
31     5     6.11307880096
32     5     4.50677558903
33     5     3.19663053457
34     5     2.18053453752
35     5     1.42741230873
36     5     0.895880984536
37     5     0.53742423525
38     5     0.30803714717
39     5     0.168053034734
40     5     0.0873241858803
41     5     0.043012031508
42     5     0.0201198438234
43     5     0.00888324543283
44     5     0.00371412535006
45     5     0.00145888734772
46     5     0.000541040453493
47     5     0.000187515912173
48     5     6.11843289117e-05
49     5     1.85739354626e-05
50     5     5.3262700005e-06
51     5     1.45200558949e-06
52     5     4.14743822371e-07
53     5     1.53037630795e-07
54     5     8.90839605985e-08
55     5     6.92300750363e-08
56     5     5.48270016526e-08
57     5     3.94152647657e-08
58     5     2.03973484002e-08
59     5     0

0     6     0
1     6     9.12593270867e-08
2     6     1.73478962815e-07
3     6     2.46850239831e-07
4     6     3.10846144547e-07
5     6     4.12280389479e-07
6     6     7.09807535396e-07
7     6     1.84330886139e-06
8     6     5.99809082541e-06
9     6     2.03774820742e-05
10     6     6.62471105332e-05
11     6     0.000203736020252
12     6     0.000585693278179
13     6     0.00158617179972
14     6     0.00402812413296
15     6     0.00966340496205
16     6     0.0218362412588
17     6     0.0467515536275
18     6     0.0946727084311
19     6     0.182164729986
20     6     0.332789649446
21     6     0.579328350424
22     6     0.961030222735
23     6     1.52363207185
24     6     2.31008406352
25     6     3.35722296142
26     6     4.68067552547
27     6     6.26981681645
28     6     8.0733212259
29     6     10
30     6     8.0733212259
31     6     6.26981681645
32     6     4.68067552547
33     6     3.35722296142
34     6     2.31008406352
35     6     1.52363207185
36     6     0.961030222735
37     6     0.579328350424
38     6     0.332789649446
39     6     0.182164729986
40     6     0.0946727084311
41     6     0.0467515536275
42     6     0.0218362412588
43     6     0.00966340496205
44     6     0.00402812413497
45     6     0.00158617180486
46     6     0.000585693329327
47     6     0.000203736135793
48     6     6.62476740869e-05
49     6     2.0378603304e-05
50     6     6.00164312411e-06
51     6     1.84951043388e-06
52     6     7.24061686447e-07
53     6     4.34032882374e-07
54     6     3.4917918665e-07
55     6     2.97796340126e-07
56     6     2.44367787233e-07
57     6     1.73058044228e-07
58     6     9.11956144108e-08
59     6     0

0     7     0
1     7     3.69204062176e-07
2     7     7.13555046785e-07
3     7     9.96095852187e-07
4     7     1.23631122631e-06
5     7     1.45050960787e-06
6     7     1.84330886139e-06
7     7     3.05842222695e-06
8     7     7.43781576304e-06
9     7     2.24233883881e-05
10     7     7.06361101774e-05
11     7     0.000214357842505
12     7     0.000616668947915
13     7     0.00166516708249
14     7     0.00424000047775
15     7     0.0101533893384
16     7     0.0229853051529
17     7     0.0491238198711
18     7     0.0995399332258
19     7     0.191115218688
20     7     0.348884172488
21     7     0.605554268811
22     7     1.00213287809
23     7     1.58206617042
24     7     2.38810879568
25     7     3.4499315524
26     7     4.7787997766
27     7     6.35431713581
28     7     8.12368613498
29     7     10
30     7     8.12368613498
31     7     6.35431713581
32     7     4.7787997766
33     7     3.4499315524
34     7     2.38810879568
35     7     1.58206617042
36     7     1.00213287809
37     7     0.605554268811
38     7     0.348884172488
39     7     0.191115218688
40     7     0.0995399332258
41     7     0.0491238198711
42     7     0.0229853051529
43     7     0.0101533893414
44     7     0.00424000048561
45     7     0.00166516716639
46     7     0.000616669146577
47     7     0.000214358882001
48     7     7.06382877511e-05
49     7     2.24308056878e-05
50     7     7.45151106131e-06
51     7     3.0923871504e-06
52     7     1.89836903222e-06
53     7     1.55574349021e-06
54     7     1.38549524136e-06
55     7     1.22278190794e-06
56     7     9.93556113215e-07
57     7     7.1312181068e-07
58     7     3.69139389682e-07
59     7     0

0     8     0
1     8     1.40535302981e-06
2     8     2.68105959492e-06
3     8     3.79268083602e-06
4     8     4.63297742577e-06
5     8     5.32576034676e-06
6     8     5.99809082541e-06
7     8     7.43781576304e-06
8     8     1.19935910793e-05
9     8     2.74436512333e-05
10     8     7.68117469455e-05
11     8     0.000224803245538
12     8     0.000637610084231
13     8     0.00171882603829
14     8     0.00436504448969
15     8     0.0104665279328
16     8     0.0236619095187
17     8     0.0506171155124
18     8     0.102424998804
19     8     0.196670999649
20     8     0.358401865466
21     8     0.621491212091
22     8     1.02606887376
23     8     1.61645580086
24     8     2.43218284251
25     8     3.5021194524
26     8     4.83182078269
27     8     6.39949898854
28     8     8.14973074808
29     8     10
30     8     8.14973074808
31     8     6.39949898854
32     8     4.83182078269
33     8     3.5021194524
34     8     2.43218284251
35     8     1.61645580086
36     8     1.02606887376
37     8     0.621491212091
38     8     0.358401865466
39     8     0.196670999649
40     8     0.102424998804
41     8     0.0506171155124
42     8     0.0236619095225
43     8     0.0104665279436
44     8     0.00436504461247
45     8     0.00171882634242
46     8     0.000637611787775
47     8     0.000224806995185
48     8     7.68254376133e-05
49     8     2.7470327053e-05
50     8     1.20646909119e-05
51     8     7.5599715766e-06
52     8     6.24999921735e-06
53     8     5.70581986335e-06
54     8     5.25945338055e-06
55     8     4.61928684046e-06
56     8     3.79010278891e-06
57     8     2.68062321967e-06
58     8     1.4052877243e-06
59     8     0

0     9     0
1     9     4.90375696628e-06
2     9     9.47928198562e-06
3     9     1.32815887113e-05
4     9     1.63850248534e-05
5     9     1.85736651358e-05
6     9     2.03774820742e-05
7     9     2.24233883881e-05
8     9     2.74436512333e-05
9     9     4.32291322266e-05
10     9     9.34439560483e-05
11     9     0.000243377595293
12     9     0.000663055096234
13     9     0.00175986377915
14     9     0.00445251749483
15     9     0.0106474407586
16     9     0.0240772750436
17     9     0.051448560245
18     9     0.104141822903
19     9     0.199760101654
20     9     0.363959190885
21     9     0.630307259946
22     9     1.03972316549
23     9     1.63517644074
24     9     2.45654818522
25     9     3.52975788529
26     9     4.86004638253
27     9     6.42265564453
28     9     8.16315747876
29     9     10
30     9     8.16315747876
31     9     6.42265564453
32     9     4.86004638253
33     9     3.52975788529
34     9     2.45654818522
35     9     1.63517644074
36     9     1.03972316549
37     9     0.630307259946
38     9     0.363959190885
39     9     0.199760101654
40     9     0.104141822903
41     9     0.0514485602495
42     9     0.0240772750568
43     9     0.0106474409192
44     9     0.00445251791043
45     9     0.00175986626745
46     9     0.000663060839948
47     9     0.000243400025044
48     9     9.34899805464e-05
49     9     4.33605655588e-05
50     9     2.76824614855e-05
51     9     2.29526271962e-05
52     9     2.12254288428e-05
53     9     2.00821684672e-05
54     9     1.85069626383e-05
55     9     1.63712310381e-05
56     9     1.32790018532e-05
57     9     9.47884362855e-06
58     9     4.90369157711e-06
59     9     0

0     10     0
1     10     1.61347150598e-05
2     10     3.08982700106e-05
3     10     4.37674139969e-05
4     10     5.36228646166e-05
5     10     6.11842692814e-05
6     10     6.62471105332e-05
7     10     7.06361101774e-05
8     10     7.68117469455e-05
9     10     9.34439560483e-05
10     10     0.000144222106524
11     10     0.000295521513108
12     10     0.000718084988139
13     10     0.0018246802149
14     10     0.00453778934693
15     10     0.0107909618956
16     10     0.0243284043485
17     10     0.0519568601276
18     10     0.105065978104
19     10     0.201521384228
20     10     0.366884032431
21     10     0.635185601049
22     10     1.04683025509
23     10     1.64526903327
24     10     2.46902381995
25     10     3.54423307911
26     10     4.87417954402
27     10     6.43444856192
28     10     8.16975224611
29     10     10
30     10     8.16975224611
31     10     6.43444856192
32     10     4.87417954402
33     10     3.54423307911
34     10     2.46902381995
35     10     1.64526903327
36     10     1.04683025509
37     10     0.635185601049
38     10     0.366884032431
39     10     0.201521384228
40     10     0.105065978109
41     10     0.0519568601421
42     10     0.0243284045368
43     10     0.0107909624035
44     10     0.0045377925939
45     10     0.00182468806093
46     10     0.000718117706915
47     10     0.000295592079768
48     10     0.000144437524665
49     10     9.38570527074e-05
50     10     7.77925277947e-05
51     10     7.23014643885e-05
52     10     6.94318545623e-05
53     10     6.59509460231e-05
54     10     6.11173236469e-05
55     10     5.36090492392e-05
56     10     4.37648217954e-05
57     10     3.08978314193e-05
58     10     1.61346496208e-05
59     10     0

0     11     0
1     11     4.91351021521e-05
2     11     9.50096306434e-05
3     11     0.000133650541727
4     11     0.000165156839335
5     11     0.000187515884446
6     11     0.000203736020252
7     11     0.000214357842505
8     11     0.000224803245538
9     11     0.000243377595293
10     11     0.000295521513108
11     11     0.000447658610851
12     11     0.000872176458315
13     11     0.00198256724692
14     11     0.0047080305422
15     11     0.0109848886338
16     11     0.024586887012
17     11     0.0523240898165
18     11     0.10568082237
19     11     0.202496896998
20     11     0.36854566287
21     11     0.637684086851
22     11     1.05063333102
23     11     1.65028954963
24     11     2.47547108627
25     11     3.55128869618
26     11     4.88128533458
27     11     6.4400962043
28     11     8.1730077408
29     11     10
30     11     8.1730077408
31     11     6.4400962043
32     11     4.88128533458
33     11     3.55128869618
34     11     2.47547108627
35     11     1.65028954963
36     11     1.05063333102
37     11     0.637684086851
38     11     0.36854566287
39     11     0.202496897003
40     11     0.105680822384
41     11     0.0523240900142
42     11     0.0245868875674
43     11     0.0109848924248
44     11     0.00470804011631
45     11     0.00198260983865
46     11     0.000872272838669
47     11     0.00044797259915
48     11     0.000296155786185
49     11     0.000244987075004
50     11     0.000227693833209
51     11     0.000220281449886
52     11     0.00021315197287
53     11     0.000203439351818
54     11     0.000187448892491
55     11     0.000165143011354
56     11     0.000133647948953
57     11     9.50091919175e-05
58     11     4.91350367131e-05
59     11     0

0     12     0
1     12     0.000141436986354
2     12     0.000271586525924
3     12     0.000385098487391
4     12     0.000473512902132
5     12     0.000541040450503
6     12     0.000585693278179
7     12     0.000616668947915
8     12     0.000637610084231
9     12     0.000663055096234
10     12     0.000718084988139
11     12     0.000872176458315
12     12     0.00129779844101
13     12     0.0024106697403
14     12     0.00514054313678
15     12     0.0114311805734
16     12     0.0250572682714
17     12     0.052857293078
18     12     0.106309570896
19     12     0.203332709011
20     12     0.369648283678
21     12     0.639264971409
22     12     1.05270603111
23     12     1.65306582075
24     12     2.47870999334
25     12     3.55494669445
26     12     4.88471835151
27     12     6.44292579108
28     12     8.17455133246
29     12     10
30     12     8.17455133246
31     12     6.44292579108
32     12     4.88471835151
33     12     3.55494669445
34     12     2.47870999334
35     12     1.65306582075
36     12     1.05270603111
37     12     0.639264971409
38     12     0.369648283682
39     12     0.203332709024
40     12     0.106309571082
41     12     0.0528572936219
42     12     0.0250572722354
43     12     0.0114311910197
44     12     0.00514059268891
45     12     0.00241078719224
46     12     0.00129820633259
47     12     0.000873042860394
48     12     0.00072043056753
49     12     0.000667502430903
50     12     0.000647352662466
51     12     0.000633085578428
52     12     0.000615462154325
53     12     0.000585396521931
54     12     0.000540973432367
55     12     0.000473499072923
56     12     0.000385095894299
57     12     0.000271586087198
58     12     0.000141436920915
59     12     0

0     13     0
1     13     0.000379750449873
2     13     0.00073425068877
3     13     0.00103562981305
4     13     0.00128131067834
5     13     0.0014588873465
6     13     0.00158617179972
7     13     0.00166516708249
8     13     0.00171882603829
9     13     0.00175986377915
10     13     0.0018246802149
11     13     0.00198256724692
12     13     0.0024106697403
13     13     0.00352482176034
14     13     0.00625743252397
15     13     0.0125524901252
16     13     0.0261917267275
17     13     0.0540125017085
18     13     0.107516112285
19     13     0.204608293189
20     13     0.371064748824
21     13     0.640834566286
22     13     1.05452927936
23     13     1.65507786017
24     13     2.48095019252
25     13     3.55717209312
26     13     4.88680884185
27     13     6.44450809305
28     13     8.17544082948
29     13     10
30     13     8.17544082948
31     13     6.44450809305
32     13     4.88680884185
33     13     3.55717209312
34     13     2.48095019252
35     13     1.65507786017
36     13     1.05452927936
37     13     0.640834566289
38     13     0.371064748834
39     13     0.204608293346
40     13     0.107516112761
41     13     0.054012505421
42     13     0.0261917369224
43     13     0.0125525416902
44     13     0.00625756034689
45     13     0.00352529468362
46     13     0.00241172422323
47     13     0.00198560922559
48     13     0.00183075835227
49     13     0.00177407100257
50     13     0.00174415732045
51     13     0.00171430003442
52     13     0.00166396014139
53     13     0.00158587499531
54     13     0.00145882032603
55     13     0.00128129684847
56     13     0.00103562721996
57     13     0.000734250250044
58     13     0.000379750384434
59     13     0

0     14     0
1     14     0.000966075173833
2     14     0.00185809619577
3     14     0.00263522610178
4     14     0.00324737813054
5     14     0.00371412535006
6     14     0.00402812413296
7     14     0.00424000047775
8     14     0.00436504448969
9     14     0.00445251749483
10     14     0.00453778934693
11     14     0.0047080305422
12     14     0.00514054313678
13     14     0.00625743252397
14     14     0.00899124088134
15     14     0.0152884471338
16     14     0.0289306605829
17     14     0.056759345994
18     14     0.110273444574
19     14     0.207388465608
20     14     0.373866802481
21     14     0.643672945493
22     14     1.05737442911
23     14     1.6579139305
24     14     2.48367130899
25     14     3.55968486646
26     14     4.88891732294
27     14     6.44606012871
28     14     8.17625728295
29     14     10
30     14     8.17625728295
31     14     6.44606012871
32     14     4.88891732294
33     14     3.55968486646
34     14     2.48367130899
35     14     1.6579139305
36     14     1.05737442911
37     14     0.6436729455
38     14     0.3738668026
39     14     0.207388465982
40     14     0.110273447687
41     14     0.0567593548901
42     14     0.0289307085848
43     14     0.0152885713935
44     14     0.00899173061205
45     14     0.00625857693879
46     14     0.00514405844117
47     14     0.00471541960071
48     14     0.00455619282128
49     14     0.00448717534062
50     14     0.00443680911098
51     14     0.00436051827737
52     14     0.00423879346284
53     14     0.00402782732464
54     14     0.00371405832837
55     14     0.00324736430067
56     14     0.00263522350869
57     14     0.00185809575704
58     14     0.000966075108394
59     14     0

0     15     0
1     15     0.00230727773408
2     15     0.00445848161186
3     15     0.0062963907528
4     15     0.00779041544066
5     15     0.00888324543283
6     15     0.00966340496205
7     15     0.0101533893384
8     15     0.0104665279328
9     15     0.0106474407586
10     15     0.0107909618956
11     15     0.0109848886338
12     15     0.0114311805734
13     15     0.0125524901252
14     15     0.0152884471338
15     15     0.0215856533862
16     15     0.0352257181841
17     15     0.0630499834306
18     15     0.116550302666
19     15     0.213641638157
20     15     0.380061725745
21     15     0.649774428936
22     15     1.06328781797
23     15     1.66354921133
24     15     2.48884042908
25     15     3.56422790377
26     15     4.89257848759
27     15     6.44866051413
28     15     8.17759848551
29     15     10
30     15     8.17759848551
31     15     6.44866051413
32     15     4.89257848759
33     15     3.56422790377
34     15     2.48884042908
35     15     1.66354921133
36     15     1.06328781797
37     15     0.649774429016
38     15     0.380061726007
39     15     0.213641640491
40     15     0.116550309599
41     15     0.0630500233817
42     15     0.035225826035
43     15     0.0215861063376
44     15     0.0152895547692
45     15     0.0125561118828
46     15     0.0114391758914
47     15     0.0110060880923
48     15     0.0108330547333
49     15     0.0107403498499
50     15     0.0106317325175
51     15     0.0104620017939
52     15     0.0101521823258
53     15     0.00966310815496
54     15     0.00888317841115
55     15     0.00779040161079
56     15     0.00629638815971
57     15     0.00445848117313
58     15     0.00230727766864
59     15     0

0     16     0
1     16     0.00523428348692
2     16     0.0100727630872
3     16     0.0142729204598
4     16     0.017597724352
5     16     0.0201198438234
6     16     0.0218362412588
7     16     0.0229853051529
8     16     0.0236619095187
9     16     0.0240772750436
10     16     0.0243284043485
11     16     0.024586887012
12     16     0.0250572682714
13     16     0.0261917267275
14     16     0.0289306605829
15     16     0.0352257181841
16     16     0.0488586316947
17     16     0.0766591002396
18     16     0.13012043205
19     16     0.227112017323
20     16     0.393382160089
21     16     0.662777649766
22     16     1.07584941743
23     16     1.67532792963
24     16     2.499611149
25     16     3.57348850679
26     16     4.9000461325
27     16     6.45384660545
28     16     8.18029536252
29     16     10
30     16     8.18029536252
31     16     6.45384660545
32     16     4.9000461325
33     16     3.57348850679
34     16     2.499611149
35     16     1.67532792963
36     16     1.07584941747
37     16     0.662777649929
38     16     0.393382161651
39     16     0.227112022141
40     16     0.13012046174
41     16     0.076659183719
42     16     0.0488590056137
43     16     0.0352266736628
44     16     0.0289339869512
45     16     0.0261994266562
46     16     0.0250789929145
47     16     0.0246322875236
48     16     0.0244351073313
49     16     0.0242777997969
50     16     0.0240615701377
51     16     0.0236573836751
52     16     0.0229840982602
53     16     0.0218359444568
54     16     0.0201197768036
55     16     0.0175977105222
56     16     0.0142729178667
57     16     0.0100727626484
58     16     0.00523428342148
59     16     0

0     17     0
1     17     0.0112123044386
2     17     0.0216357908388
3     17     0.0305425470553
4     17     0.0377328133205
5     17     0.043012031508
6     17     0.0467515536275
7     17     0.0491238198711
8     17     0.0506171155124
9     17     0.051448560245
10     17     0.0519568601276
11     17     0.0523240898165
12     17     0.052857293078
13     17     0.0540125017085
14     17     0.056759345994
15     17     0.0630499834306
16     17     0.0766591002396
17     17     0.104416787715
18     17     0.157761484254
19     17     0.254571484151
20     17     0.420433788827
21     17     0.689244476837
22     17     1.10121318204
23     17     1.6992316811
24     17     2.5211809844
25     17     3.59220599487
26     17     4.91487580007
27     17     6.46428999539
28     17     8.18562219991
29     17     10
30     17     8.18562219991
31     17     6.46428999539
32     17     4.91487580007
33     17     3.59220599487
34     17     2.5211809844
35     17     1.69923168113
36     17     1.10121318213
37     17     0.689244477769
38     17     0.420433791804
39     17     0.254571503814
40     17     0.157761541765
41     17     0.104417062834
42     17     0.0766598338692
43     17     0.0630527045559
44     17     0.0567659408735
45     17     0.0540323007285
46     17     0.0529007679664
47     17     0.0524328120725
48     17     0.0521724012505
49     17     0.0519062972212
50     17     0.0514328607846
51     17     0.0506125919378
52     17     0.0491226131678
53     17     0.0467512568972
54     17     0.043011964491
55     17     0.0377327994916
56     17     0.0305425444622
57     17     0.0216357904
58     17     0.0112123043732
59     17     0

0     18     0
1     18     0.0228810716968
2     18     0.0439942001731
3     18     0.0621840454257
4     18     0.0765467093189
5     18     0.0873241858803
6     18     0.0946727084311
7     18     0.0995399332258
8     18     0.102424998804
9     18     0.104141822903
10     18     0.105065978104
11     18     0.10568082237
12     18     0.106309570896
13     18     0.107516112285
14     18     0.110273444574
15     18     0.116550302666
16     18     0.13012043205
17     18     0.157761484254
18     18     0.210913986129
19     18     0.307267353589
20     18     0.472444108177
21     18     0.73988428241
22     18     1.1499589064
23     18     1.74475852204
24     18     2.56260775627
25     18     3.62767024866
26     18     4.94333572946
27     18     6.48399539485
28     18     8.19583967739
29     18     10
30     18     8.19583967739
31     18     6.48399539485
32     18     4.94333572946
33     18     3.62767024866
34     18     2.56260775628
35     18     1.74475852208
36     18     1.14995890689
37     18     0.73988428404
38     18     0.472444119748
39     18     0.307267388755
40     18     0.210914166147
41     18     0.157761984556
42     18     0.130122411529
43     18     0.116555318304
44     18     0.110289474628
45     18     0.107553035718
46     18     0.1064077968
47     18     0.105885867141
48     18     0.105529499549
49     18     0.105015478827
50     18     0.104126150712
51     18     0.102420478639
52     18     0.0995387278484
53     18     0.0946724118069
54     18     0.0873241189006
55     18     0.0765466954915
56     18     0.0621840428331
57     18     0.0439941997344
58     18     0.0228810716313
59     18     0

0     19     0
1     19     0.0443417716675
2     19     0.0853238731392
3     19     0.120119905947
4     19     0.147832206645
5     19     0.168053034734
6     19     0.182164729986
7     19     0.191115218688
8     19     0.196670999649
9     19     0.199760101654
10     19     0.201521384228
11     19     0.202496896998
12     19     0.203332709011
13     19     0.204608293189
14     19     0.207388465608
15     19     0.213641638157
16     19     0.227112017323
17     19     0.254571484151
18     19     0.307267353589
19     19     0.402898546349
20     19     0.566550690129
21     19     0.831779788951
22     19     1.23787483767
23     19     1.82736751614
24     19     2.63701567041
25     19     3.69201166289
26     19     4.99425568255
27     19     6.51974153679
28     19     8.21407788306
29     19     10
30     19     8.21407788306
31     19     6.51974153679
32     19     4.99425568255
33     19     3.6920116629
34     19     2.63701567043
35     19     1.82736751637
36     19     1.23787483845
37     19     0.831779794978
38     19     0.566550709142
39     19     0.40289865077
40     19     0.307267655689
41     19     0.254572761457
42     19     0.227115396384
43     19     0.213653146304
44     19     0.207416228127
45     19     0.204686871962
46     19     0.203505109554
47     19     0.202911493395
48     19     0.202346115104
49     19     0.201471123595
50     19     0.199744469238
51     19     0.196666495393
52     19     0.191114015219
53     19     0.182164434051
54     19     0.168052967807
55     19     0.147832192835
56     19     0.120119903355
57     19     0.0853238727006
58     19     0.044341771602
59     19     0

0     20     0
1     20     0.0821880985742
2     20     0.15753683021
3     20     0.221507979993
4     20     0.271366415791
5     20     0.30803714717
6     20     0.332789649446
7     20     0.348884172488
8     20     0.358401865466
9     20     0.363959190885
10     20     0.366884032431
11     20     0.36854566287
12     20     0.369648283678
13     20     0.371064748824
14     20     0.373866802481
15     20     0.380061725745
16     20     0.393382160089
17     20     0.420433788827
18     20     0.472444108177
19     20     0.566550690129
20     20     0.727875152638
21     20     0.98868168176
22     20     1.38858491459
23     20     1.9679457127
24     20     2.76456675872
25     20     3.80110791606
26     20     5.08154108093
27     20     6.58018299546
28     20     8.24534067358
29     20     10
30     20     8.24534067358
31     20     6.58018299546
32     20     5.08154108093
33     20     3.80110791607
34     20     2.76456675881
35     20     1.96794571303
36     20     1.38858491735
37     20     0.988681690803
38     20     0.727875206104
39     20     0.566550850973
40     20     0.472444836704
41     20     0.420435798463
42     20     0.393389464968
43     20     0.380080154683
44     20     0.373922338194
45     20     0.371192580031
46     20     0.369975250751
47     20     0.369230638238
48     20     0.368396503782
49     20     0.366834109884
50     20     0.363943697681
51     20     0.358397383484
52     20     0.348882977293
53     20     0.332789354466
54     20     0.308037080562
55     20     0.271366402005
56     20     0.221507977408
57     20     0.157536829772
58     20     0.0821880985089
59     20     0

0     21     0
1     21     0.145631169965
2     21     0.278642125641
3     21     0.389623222215
4     21     0.475802513694
5     21     0.53742423525
6     21     0.579328350424
7     21     0.605554268811
8     21     0.621491212091
9     21     0.630307259946
10     21     0.635185601049
11     21     0.637684086851
12     21     0.639264971409
13     21     0.640834566286
14     21     0.643672945493
15     21     0.649774428936
16     21     0.662777649766
17     21     0.689244476837
18     21     0.73988428241
19     21     0.831779788951
20     21     0.98868168176
21     21     1.24297043059
22     21     1.63161570476
23     21     2.1957781532
24     21     2.969601752
25     21     3.97791733312
26     21     5.22144021223
27     21     6.67813843312
28     21     8.29536051269
29     21     10
30     21     8.29536051269
31     21     6.67813843312
32     21     5.22144021223
33     21     3.97791733315
34     21     2.96960175213
35     21     2.19577815431
36     21     1.63161570851
37     21     1.24297045462
38     21     0.988681756844
39     21     0.831780154463
40     21     0.739885332496
41     21     0.689248559943
42     21     0.662788406924
43     21     0.649808987764
44     21     0.643756257499
45     21     0.641061286162
46     21     0.639764109189
47     21     0.638856251426
48     21     0.637537159129
49     21     0.635136625142
50     21     0.630291956069
51     21     0.6214868025
52     21     0.605553084752
53     21     0.579328059262
54     21     0.537424169066
55     21     0.475802500037
56     21     0.389623219639
57     21     0.278642125205
58     21     0.1456311699
59     21     0

0     22     0
1     22     0.248371614663
2     22     0.472422200703
3     22     0.657152958696
4     22     0.79677848856
5     22     0.895880984536
6     22     0.961030222735
7     22     1.00213287809
8     22     1.02606887376
9     22     1.03972316549
10     22     1.04683025509
11     22     1.05063333102
12     22     1.05270603111
13     22     1.05452927936
14     22     1.05737442911
15     22     1.06328781797
16     22     1.07584941743
17     22     1.10121318204
18     22     1.1499589064
19     22     1.23787483767
20     22     1.38858491459
21     22     1.63161570476
22     22     2.00426269775
23     22     2.54309454984
24     22     3.2839883297
25     22     4.24670880465
26     22     5.4359517392
27     22     6.82673862295
28     22     8.37205738044
29     22     10
30     22     8.37205738044
31     22     6.82673862295
32     22     5.43595173921
33     22     4.24670880469
34     22     3.28398833009
35     22     2.5430945512
36     22     2.00426270716
37     22     1.63161573526
38     22     1.38858507484
39     22     1.23787531663
40     22     1.14996090475
41     22     1.10121867273
42     22     1.07586826037
43     22     1.0633353163
44     22     1.05751207897
45     22     1.05484709413
46     22     1.05349962436
47     22     1.05230921174
48     22     1.05049160982
49     22     1.04678252875
50     22     1.03970835387
51     22     1.02606455883
52     22     1.00213172744
53     22     0.961029936523
54     22     0.895880919908
55     22     0.796778475069
56     22     0.657152956167
57     22     0.47242220027
58     22     0.248371614599
59     22     0

0     23     0
1     23     0.40898795197
2     23     0.772631833144
3     23     1.06403762472
4     23     1.27966720174
5     23     1.42741230873
6     23     1.52363207185
7     23     1.58206617042
8     23     1.61645580086
9     23     1.63517644074
10     23     1.64526903327
11     23     1.65028954963
12     23     1.65306582075
13     23     1.65507786017
14     23     1.6579139305
15     23     1.66354921133
16     23     1.67532792963
17     23     1.6992316811
18     23     1.74475852204
19     23     1.82736751614
20     23     1.9679457127
21     23     2.1957781532
22     23     2.54309454984
23     23     3.04726343389
24     23     3.73749595996
25     23     4.63688985232
26     23     5.74471290334
27     23     7.04244847612
28     23     8.48230908661
29     23     10
30     23     8.48230908661
31     23     7.04244847612
32     23     5.74471290335
33     23     4.63688985243
34     23     3.73749596038
35     23     3.04726343706
36     23     2.54309456052
37     23     2.19577821404
38     23     1.9679459017
39     23     1.8273683657
40     23     1.74476095352
41     23     1.69924062011
42     23     1.67535145582
43     23     1.66362193683
44     23     1.65808968865
45     23     1.65554470367
46     23     1.65410090789
47     23     1.65269280261
48     23     1.65015449277
49     23     1.64522401432
50     23     1.63516225389
51     23     1.61645171313
52     23     1.58206506184
53     23     1.52363179925
54     23     1.42741224604
55     23     1.27966718881
56     23     1.06403762225
57     23     0.772631832726
58     23     0.408987951906
59     23     0

0     24     0
1     24     0.656292745952
2     24     1.22364446376
3     24     1.66248394317
4     24     1.97336582523
5     24     2.18053453752
6     24     2.31008406352
7     24     2.38810879568
8     24     2.43218284251
9     24     2.45654818522
10     24     2.46902381995
11     24     2.47547108627
12     24     2.47870999334
13     24     2.48095019252
14     24     2.48367130899
15     24     2.48884042908
16     24     2.499611149
17     24     2.5211809844
18     24     2.56260775627
19     24     2.63701567041
20     24     2.76456675872
21     24     2.969601752
22     24     3.2839883297
23     24     3.73749595996
24     24     4.36106892722
25     24     5.16999627819
26     24     6.16925947505
27     24     7.3367232249
28     24     8.63390516893
29     24     10
30     24     8.63390516893
31     24     7.33672322491
32     24     6.16925947508
33     24     5.1699962783
34     24     4.36106892814
35     24     3.73749596313
36     24     3.28398834945
37     24     2.96960181571
38     24     2.76456706884
39     24     2.63701659396
40     24     2.5626114076
41     24     2.52119100432
42     24     2.49964427338
43     24     2.48892407545
44     24     2.4839079336
45     24     2.48149971737
46     24     2.48006547001
47     24     2.47836648872
48     24     2.47534840605
49     24     2.46898213317
50     24     2.45653524794
51     24     2.43217903246
52     24     2.38810777966
53     24     2.31008380744
54     24     2.1805344797
55     24     1.97336581296
56     24     1.66248394087
57     24     1.22364446336
58     24     0.656292745893
59     24     0

0     25     0
1     25     1.03712565085
2     25     1.89234349954
3     25     2.5142486514
4     25     2.93232506329
5     25     3.19663053457
6     25     3.35722296142
7     25     3.4499315524
8     25     3.5021194524
9     25     3.52975788529
10     25     3.54423307911
11     25     3.55128869618
12     25     3.55494669445
13     25     3.55717209312
14     25     3.55968486646
15     25     3.56422790377
16     25     3.57348850679
17     25     3.59220599487
18     25     3.62767024866
19     25     3.69201166289
20     25     3.80110791606
21     25     3.97791733312
22     25     4.24670880465
23     25     4.63688985232
24     25     5.16999627819
25     25     5.86465009954
26     25     6.71916682637
27     25     7.72017213463
28     25     8.83008833226
29     25     10
30     25     8.83008833226
31     25     7.72017213463
32     25     6.71916682639
33     25     5.86465009975
34     25     5.16999627898
35     25     4.6368898577
36     25     4.24670882264
37     25     3.97791742861
38     25     3.80110821168
39     25     3.69201292622
40     25     3.62767385917
41     25     3.59221880579
42     25     3.57352225776
43     25     3.56432981213
44     25     3.55993223282
45     25     3.55782070737
46     25     3.55639804631
47     25     3.55465114931
48     25     3.55118077273
49     25     3.54419710463
50     25     3.52974642898
51     25     3.50211615143
52     25     3.44993064548
53     25     3.35722273841
54     25     3.19663048245
55     25     2.93232505253
56     25     2.5142486493
57     25     1.89234349919
58     25     1.03712565079
59     25     0

0     26     0
1     26     1.64602710237
2     26     2.88213058833
3     26     3.69923207278
4     26     4.20491818881
5     26     4.50677558903
6     26     4.68067552547
7     26     4.7787997766
8     26     4.83182078269
9     26     4.86004638253
10     26     4.87417954402
11     26     4.88128533458
12     26     4.88471835151
13     26     4.88680884185
14     26     4.88891732294
15     26     4.89257848759
16     26     4.9000461325
17     26     4.91487580007
18     26     4.94333572946
19     26     4.99425568255
20     26     5.08154108093
21     26     5.22144021223
22     26     5.4359517392
23     26     5.74471290334
24     26     6.16925947505
25     26     6.71916682637
26     26     7.39846414137
27     26     8.19139639829
28     26     9.07243223926
29     26     10
30     26     9.07243223926
31     26     8.1913963983
32     26     7.39846414141
33     26     6.71916682652
34     26     6.16925947624
35     26     5.74471290746
36     26     5.43595176326
37     26     5.2214402896
38     26     5.08154144075
39     26     4.99425675245
40     26     4.94333982427
41     26     4.91488704073
42     26     4.90008248194
43     26     4.89267054653
44     26     4.88917437099
45     26     4.88740978559
46     26     4.88619465996
47     26     4.88447814422
48     26     4.88119954626
49     26     4.87415012809
50     26     4.86003725345
51     26     4.83181806353
52     26     4.77879905149
53     26     4.68067534007
54     26     4.50677554717
55     26     4.20491817977
56     26     3.69923207109
57     26     2.88213058803
58     26     1.64602710232
59     26     0

0     27     0
1     27     2.7052428217
2     27     4.3717009823
3     27     5.30926581186
4     27     5.82782864356
5     27     6.11307880096
6     27     6.26981681645
7     27     6.35431713581
8     27     6.39949898854
9     27     6.42265564453
10     27     6.43444856192
11     27     6.4400962043
12     27     6.44292579108
13     27     6.44450809305
14     27     6.44606012871
15     27     6.44866051413
16     27     6.45384660545
17     27     6.46428999539
18     27     6.48399539485
19     27     6.51974153679
20     27     6.58018299546
21     27     6.67813843312
22     27     6.82673862295
23     27     7.04244847612
24     27     7.3367232249
25     27     7.72017213463
26     27     8.19139639829
27     27     8.74340196408
28     27     9.35516679736
29     27     10
30     27     9.35516679736
31     27     8.74340196409
32     27     8.19139639831
33     27     7.72017213483
34     27     7.33672322562
35     27     7.04244848078
36     27     6.82673863853
37     27     6.67813851261
38     27     6.58018324117
39     27     6.51974255787
40     27     6.48399831249
41     27     6.46430014881
42     27     6.45387339859
43     27     6.44874043055
44     27     6.4462549384
45     27     6.44501619962
46     27     6.44407222203
47     27     6.4427593676
48     27     6.44003501059
49     27     6.43442816402
50     27     6.42264909203
51     27     6.39949710053
52     27     6.35431661132
53     27     6.26981668748
54     27     6.11307877038
55     27     5.82782863725
56     27     5.3092658106
57     27     4.37170098209
58     27     2.70524282167
59     27     0

0     28     0
1     28     4.83465815319
2     28     6.64992397584
3     28     7.42640513774
4     28     7.79296268575
5     28     7.97761244344
6     28     8.0733212259
7     28     8.12368613498
8     28     8.14973074808
9     28     8.16315747876
10     28     8.16975224611
11     28     8.1730077408
12     28     8.17455133246
13     28     8.17544082948
14     28     8.17625728295
15     28     8.17759848551
16     28     8.18029536252
17     28     8.18562219991
18     28     8.19583967739
19     28     8.21407788306
20     28     8.24534067358
21     28     8.29536051269
22     28     8.37205738044
23     28     8.48230908661
24     28     8.63390516893
25     28     8.83008833226
26     28     9.07243223926
27     28     9.35516679736
28     28     9.66931630634
29     28     10
30     28     9.66931630634
31     28     9.35516679736
32     28     9.07243223928
33     28     8.83008833234
34     28     8.63390516951
35     28     8.48230908863
36     28     8.37205739185
37     28     8.2953605493
38     28     8.2453408402
39     28     8.21407837828
40     28     8.19584154413
41     28     8.18562732759
42     28     8.18031177801
43     28     8.17764015157
44     28     8.17637300353
45     28     8.17571262429
46     28     8.17521893151
47     28     8.17446415825
48     28     8.17297660715
49     28     8.16974151037
50     28     8.16315414698
51     28     8.14972974854
52     28     8.12368586844
53     28     8.07332115712
54     28     7.9776124279
55     28     7.79296268235
56     28     7.42640513711
57     28     6.64992397573
58     28     4.83465815317
59     28     0

0     29     0
1     29     10
2     29     10
3     29     10
4     29     10
5     29     10
6     29     10
7     29     10
8     29     10
9     29     10
10     29     10
11     29     10
12     29     10
13     29     10
14     29     10
15     29     10
16     29     10
17     29     10
18     29     10
19     29     10
20     29     10
21     29     10
22     29     10
23     29     10
24     29     10
25     29     10
26     29     10
27     29     10
28     29     10
29     29     10
30     29     10
31     29     10
32     29     10
33     29     10
34     29     10
35     29     10
36     29     10
37     29     10
38     29     10
39     29     10
40     29     10
41     29     10
42     29     10
43     29     10
44     29     10
45     29     10
46     29     10
47     29     10
48     29     10
49     29     10
50     29     10
51     29     10
52     29     10
53     29     10
54     29     10
55     29     10
56     29     10
57     29     10
58     29     10
59     29     0

0     30     0
1     30     4.83465815319
2     30     6.64992397584
3     30     7.42640513774
4     30     7.79296268575
5     30     7.97761244344
6     30     8.0733212259
7     30     8.12368613498
8     30     8.14973074808
9     30     8.16315747876
10     30     8.16975224611
11     30     8.1730077408
12     30     8.17455133246
13     30     8.17544082948
14     30     8.17625728295
15     30     8.17759848551
16     30     8.18029536252
17     30     8.18562219991
18     30     8.19583967739
19     30     8.21407788306
20     30     8.24534067358
21     30     8.29536051269
22     30     8.37205738044
23     30     8.48230908661
24     30     8.63390516893
25     30     8.83008833226
26     30     9.07243223926
27     30     9.35516679736
28     30     9.66931630634
29     30     10
30     30     9.66931630634
31     30     9.35516679737
32     30     9.07243223929
33     30     8.83008833234
34     30     8.63390516951
35     30     8.48230908863
36     30     8.37205739185
37     30     8.2953605493
38     30     8.2453408402
39     30     8.21407837828
40     30     8.19584154413
41     30     8.18562732759
42     30     8.18031177801
43     30     8.17764015157
44     30     8.17637300353
45     30     8.17571262429
46     30     8.17521893151
47     30     8.17446415825
48     30     8.17297660715
49     30     8.16974151037
50     30     8.16315414698
51     30     8.14972974854
52     30     8.12368586844
53     30     8.07332115712
54     30     7.9776124279
55     30     7.79296268235
56     30     7.42640513711
57     30     6.64992397573
58     30     4.83465815317
59     30     0

0     31     0
1     31     2.7052428217
2     31     4.3717009823
3     31     5.30926581186
4     31     5.82782864356
5     31     6.11307880096
6     31     6.26981681645
7     31     6.35431713581
8     31     6.39949898854
9     31     6.42265564453
10     31     6.43444856192
11     31     6.4400962043
12     31     6.44292579108
13     31     6.44450809305
14     31     6.44606012871
15     31     6.44866051413
16     31     6.45384660545
17     31     6.46428999539
18     31     6.48399539485
19     31     6.51974153679
20     31     6.58018299546
21     31     6.67813843312
22     31     6.82673862295
23     31     7.04244847612
24     31     7.33672322491
25     31     7.72017213463
26     31     8.1913963983
27     31     8.74340196409
28     31     9.35516679736
29     31     10
30     31     9.35516679737
31     31     8.7434019641
32     31     8.19139639832
33     31     7.72017213483
34     31     7.33672322563
35     31     7.04244848078
36     31     6.82673863853
37     31     6.67813851261
38     31     6.58018324118
39     31     6.51974255787
40     31     6.48399831249
41     31     6.46430014881
42     31     6.45387339859
43     31     6.44874043055
44     31     6.4462549384
45     31     6.44501619962
46     31     6.44407222203
47     31     6.4427593676
48     31     6.44003501059
49     31     6.43442816402
50     31     6.42264909203
51     31     6.39949710053
52     31     6.35431661132
53     31     6.26981668748
54     31     6.11307877038
55     31     5.82782863725
56     31     5.3092658106
57     31     4.37170098209
58     31     2.70524282167
59     31     0

0     32     0
1     32     1.64602710237
2     32     2.88213058833
3     32     3.69923207278
4     32     4.20491818881
5     32     4.50677558903
6     32     4.68067552547
7     32     4.7787997766
8     32     4.83182078269
9     32     4.86004638253
10     32     4.87417954402
11     32     4.88128533458
12     32     4.88471835151
13     32     4.88680884185
14     32     4.88891732294
15     32     4.89257848759
16     32     4.9000461325
17     32     4.91487580007
18     32     4.94333572946
19     32     4.99425568255
20     32     5.08154108093
21     32     5.22144021223
22     32     5.43595173921
23     32     5.74471290335
24     32     6.16925947508
25     32     6.71916682639
26     32     7.39846414141
27     32     8.19139639831
28     32     9.07243223928
29     32     10
30     32     9.07243223929
31     32     8.19139639832
32     32     7.39846414145
33     32     6.71916682654
34     32     6.16925947627
35     32     5.74471290747
36     32     5.43595176327
37     32     5.22144028961
38     32     5.08154144075
39     32     4.99425675245
40     32     4.94333982427
41     32     4.91488704073
42     32     4.90008248194
43     32     4.89267054653
44     32     4.88917437099
45     32     4.88740978559
46     32     4.88619465996
47     32     4.88447814422
48     32     4.88119954626
49     32     4.87415012809
50     32     4.86003725345
51     32     4.83181806353
52     32     4.77879905149
53     32     4.68067534007
54     32     4.50677554717
55     32     4.20491817977
56     32     3.69923207109
57     32     2.88213058803
58     32     1.64602710232
59     32     0

0     33     0
1     33     1.03712565085
2     33     1.89234349954
3     33     2.5142486514
4     33     2.93232506329
5     33     3.19663053457
6     33     3.35722296142
7     33     3.4499315524
8     33     3.5021194524
9     33     3.52975788529
10     33     3.54423307911
11     33     3.55128869618
12     33     3.55494669445
13     33     3.55717209312
14     33     3.55968486646
15     33     3.56422790377
16     33     3.57348850679
17     33     3.59220599487
18     33     3.62767024866
19     33     3.6920116629
20     33     3.80110791607
21     33     3.97791733315
22     33     4.24670880469
23     33     4.63688985243
24     33     5.1699962783
25     33     5.86465009975
26     33     6.71916682652
27     33     7.72017213483
28     33     8.83008833234
29     33     10
30     33     8.83008833234
31     33     7.72017213483
32     33     6.71916682654
33     33     5.86465009997
34     33     5.16999627909
35     33     4.63688985781
36     33     4.24670882268
37     33     3.97791742864
38     33     3.80110821169
39     33     3.69201292623
40     33     3.62767385917
41     33     3.59221880579
42     33     3.57352225776
43     33     3.56432981213
44     33     3.55993223282
45     33     3.55782070737
46     33     3.55639804631
47     33     3.55465114931
48     33     3.55118077273
49     33     3.54419710463
50     33     3.52974642898
51     33     3.50211615143
52     33     3.44993064548
53     33     3.35722273841
54     33     3.19663048245
55     33     2.93232505253
56     33     2.5142486493
57     33     1.89234349919
58     33     1.03712565079
59     33     0

0     34     0
1     34     0.656292745952
2     34     1.22364446376
3     34     1.66248394317
4     34     1.97336582523
5     34     2.18053453752
6     34     2.31008406352
7     34     2.38810879568
8     34     2.43218284251
9     34     2.45654818522
10     34     2.46902381995
11     34     2.47547108627
12     34     2.47870999334
13     34     2.48095019252
14     34     2.48367130899
15     34     2.48884042908
16     34     2.499611149
17     34     2.5211809844
18     34     2.56260775628
19     34     2.63701567043
20     34     2.76456675881
21     34     2.96960175213
22     34     3.28398833009
23     34     3.73749596038
24     34     4.36106892814
25     34     5.16999627898
26     34     6.16925947624
27     34     7.33672322562
28     34     8.63390516951
29     34     10
30     34     8.63390516951
31     34     7.33672322563
32     34     6.16925947627
33     34     5.16999627909
34     34     4.36106892905
35     34     3.73749596355
36     34     3.28398834984
37     34     2.96960181583
38     34     2.76456706893
39     34     2.63701659398
40     34     2.56261140761
41     34     2.52119100432
42     34     2.49964427338
43     34     2.48892407545
44     34     2.4839079336
45     34     2.48149971737
46     34     2.48006547001
47     34     2.47836648872
48     34     2.47534840605
49     34     2.46898213317
50     34     2.45653524794
51     34     2.43217903246
52     34     2.38810777966
53     34     2.31008380744
54     34     2.1805344797
55     34     1.97336581296
56     34     1.66248394087
57     34     1.22364446336
58     34     0.656292745893
59     34     0

0     35     0
1     35     0.40898795197
2     35     0.772631833144
3     35     1.06403762472
4     35     1.27966720174
5     35     1.42741230873
6     35     1.52363207185
7     35     1.58206617042
8     35     1.61645580086
9     35     1.63517644074
10     35     1.64526903327
11     35     1.65028954963
12     35     1.65306582075
13     35     1.65507786017
14     35     1.6579139305
15     35     1.66354921133
16     35     1.67532792963
17     35     1.69923168113
18     35     1.74475852208
19     35     1.82736751637
20     35     1.96794571303
21     35     2.19577815431
22     35     2.5430945512
23     35     3.04726343706
24     35     3.73749596313
25     35     4.6368898577
26     35     5.74471290746
27     35     7.04244848078
28     35     8.48230908863
29     35     10
30     35     8.48230908863
31     35     7.04244848078
32     35     5.74471290747
33     35     4.63688985781
34     35     3.73749596355
35     35     3.04726344024
36     35     2.54309456187
37     35     2.19577821515
38     35     1.96794590203
39     35     1.82736836593
40     35     1.74476095357
41     35     1.69924062013
42     35     1.67535145583
43     35     1.66362193683
44     35     1.65808968865
45     35     1.65554470367
46     35     1.65410090789
47     35     1.65269280261
48     35     1.65015449277
49     35     1.64522401432
50     35     1.63516225389
51     35     1.61645171313
52     35     1.58206506184
53     35     1.52363179925
54     35     1.42741224604
55     35     1.27966718881
56     35     1.06403762225
57     35     0.772631832726
58     35     0.408987951906
59     35     0

0     36     0
1     36     0.248371614663
2     36     0.472422200703
3     36     0.657152958696
4     36     0.79677848856
5     36     0.895880984536
6     36     0.961030222735
7     36     1.00213287809
8     36     1.02606887376
9     36     1.03972316549
10     36     1.04683025509
11     36     1.05063333102
12     36     1.05270603111
13     36     1.05452927936
14     36     1.05737442911
15     36     1.06328781797
16     36     1.07584941747
17     36     1.10121318213
18     36     1.14995890689
19     36     1.23787483845
20     36     1.38858491735
21     36     1.63161570851
22     36     2.00426270716
23     36     2.54309456052
24     36     3.28398834945
25     36     4.24670882264
26     36     5.43595176326
27     36     6.82673863853
28     36     8.37205739185
29     36     10
30     36     8.37205739185
31     36     6.82673863853
32     36     5.43595176327
33     36     4.24670882268
34     36     3.28398834984
35     36     2.54309456187
36     36     2.00426271657
37     36     1.63161573902
38     36     1.38858507761
39     36     1.23787531742
40     36     1.14996090525
41     36     1.10121867282
42     36     1.07586826042
43     36     1.06333531631
44     36     1.05751207897
45     36     1.05484709413
46     36     1.05349962436
47     36     1.05230921174
48     36     1.05049160982
49     36     1.04678252875
50     36     1.03970835387
51     36     1.02606455883
52     36     1.00213172744
53     36     0.961029936523
54     36     0.895880919908
55     36     0.796778475069
56     36     0.657152956167
57     36     0.47242220027
58     36     0.248371614599
59     36     0

0     37     0
1     37     0.145631169965
2     37     0.278642125641
3     37     0.389623222215
4     37     0.475802513694
5     37     0.53742423525
6     37     0.579328350424
7     37     0.605554268811
8     37     0.621491212091
9     37     0.630307259946
10     37     0.635185601049
11     37     0.637684086851
12     37     0.639264971409
13     37     0.640834566289
14     37     0.6436729455
15     37     0.649774429016
16     37     0.662777649929
17     37     0.689244477769
18     37     0.73988428404
19     37     0.831779794978
20     37     0.988681690803
21     37     1.24297045462
22     37     1.63161573526
23     37     2.19577821404
24     37     2.96960181571
25     37     3.97791742861
26     37     5.2214402896
27     37     6.67813851261
28     37     8.2953605493
29     37     10
30     37     8.2953605493
31     37     6.67813851261
32     37     5.22144028961
33     37     3.97791742864
34     37     2.96960181583
35     37     2.19577821515
36     37     1.63161573902
37     37     1.24297047865
38     37     0.988681765887
39     37     0.83178016049
40     37     0.739885334126
41     37     0.689248560874
42     37     0.662788407087
43     37     0.649808987844
44     37     0.643756257506
45     37     0.641061286165
46     37     0.639764109189
47     37     0.638856251426
48     37     0.637537159129
49     37     0.635136625142
50     37     0.630291956069
51     37     0.6214868025
52     37     0.605553084752
53     37     0.579328059262
54     37     0.537424169066
55     37     0.475802500037
56     37     0.389623219639
57     37     0.278642125205
58     37     0.1456311699
59     37     0

0     38     0
1     38     0.0821880985742
2     38     0.15753683021
3     38     0.221507979993
4     38     0.271366415791
5     38     0.30803714717
6     38     0.332789649446
7     38     0.348884172488
8     38     0.358401865466
9     38     0.363959190885
10     38     0.366884032431
11     38     0.36854566287
12     38     0.369648283682
13     38     0.371064748834
14     38     0.3738668026
15     38     0.380061726007
16     38     0.393382161651
17     38     0.420433791804
18     38     0.472444119748
19     38     0.566550709142
20     38     0.727875206104
21     38     0.988681756844
22     38     1.38858507484
23     38     1.9679459017
24     38     2.76456706884
25     38     3.80110821168
26     38     5.08154144075
27     38     6.58018324117
28     38     8.2453408402
29     38     10
30     38     8.2453408402
31     38     6.58018324118
32     38     5.08154144075
33     38     3.80110821169
34     38     2.76456706893
35     38     1.96794590203
36     38     1.38858507761
37     38     0.988681765887
38     38     0.727875259571
39     38     0.566550869985
40     38     0.472444848276
41     38     0.42043580144
42     38     0.39338946653
43     38     0.380080154944
44     38     0.373922338313
45     38     0.371192580041
46     38     0.369975250755
47     38     0.369230638238
48     38     0.368396503782
49     38     0.366834109884
50     38     0.363943697681
51     38     0.358397383484
52     38     0.348882977293
53     38     0.332789354466
54     38     0.308037080562
55     38     0.271366402005
56     38     0.221507977408
57     38     0.157536829772
58     38     0.0821880985089
59     38     0

0     39     0
1     39     0.0443417716675
2     39     0.0853238731392
3     39     0.120119905947
4     39     0.147832206645
5     39     0.168053034734
6     39     0.182164729986
7     39     0.191115218688
8     39     0.196670999649
9     39     0.199760101654
10     39     0.201521384228
11     39     0.202496897003
12     39     0.203332709024
13     39     0.204608293346
14     39     0.207388465982
15     39     0.213641640491
16     39     0.227112022141
17     39     0.254571503814
18     39     0.307267388755
19     39     0.40289865077
20     39     0.566550850973
21     39     0.831780154463
22     39     1.23787531663
23     39     1.8273683657
24     39     2.63701659396
25     39     3.69201292622
26     39     4.99425675245
27     39     6.51974255787
28     39     8.21407837828
29     39     10
30     39     8.21407837828
31     39     6.51974255787
32     39     4.99425675245
33     39     3.69201292623
34     39     2.63701659398
35     39     1.82736836593
36     39     1.23787531742
37     39     0.83178016049
38     39     0.566550869985
39     39     0.402898755191
40     39     0.307267690855
41     39     0.25457278112
42     39     0.227115401202
43     39     0.213653148639
44     39     0.207416228501
45     39     0.204686872119
46     39     0.203505109567
47     39     0.202911493399
48     39     0.202346115104
49     39     0.201471123595
50     39     0.199744469238
51     39     0.196666495393
52     39     0.191114015219
53     39     0.182164434051
54     39     0.168052967807
55     39     0.147832192835
56     39     0.120119903355
57     39     0.0853238727006
58     39     0.044341771602
59     39     0

0     40     0
1     40     0.0228810716968
2     40     0.0439942001731
3     40     0.0621840454257
4     40     0.0765467093189
5     40     0.0873241858803
6     40     0.0946727084311
7     40     0.0995399332258
8     40     0.102424998804
9     40     0.104141822903
10     40     0.105065978109
11     40     0.105680822384
12     40     0.106309571082
13     40     0.107516112761
14     40     0.110273447687
15     40     0.116550309599
16     40     0.13012046174
17     40     0.157761541765
18     40     0.210914166147
19     40     0.307267655689
20     40     0.472444836704
21     40     0.739885332496
22     40     1.14996090475
23     40     1.74476095352
24     40     2.5626114076
25     40     3.62767385917
26     40     4.94333982427
27     40     6.48399831249
28     40     8.19584154413
29     40     10
30     40     8.19584154413
31     40     6.48399831249
32     40     4.94333982427
33     40     3.62767385917
34     40     2.56261140761
35     40     1.74476095357
36     40     1.14996090525
37     40     0.739885334126
38     40     0.472444848276
39     40     0.307267690855
40     40     0.210914346164
41     40     0.157762042068
42     40     0.13012244122
43     40     0.116555325237
44     40     0.110289477741
45     40     0.107553036195
46     40     0.106407796987
47     40     0.105885867156
48     40     0.105529499554
49     40     0.105015478827
50     40     0.104126150712
51     40     0.102420478639
52     40     0.0995387278484
53     40     0.0946724118069
54     40     0.0873241189006
55     40     0.0765466954915
56     40     0.0621840428331
57     40     0.0439941997344
58     40     0.0228810716313
59     40     0

0     41     0
1     41     0.0112123044386
2     41     0.0216357908388
3     41     0.0305425470553
4     41     0.0377328133205
5     41     0.043012031508
6     41     0.0467515536275
7     41     0.0491238198711
8     41     0.0506171155124
9     41     0.0514485602495
10     41     0.0519568601421
11     41     0.0523240900142
12     41     0.0528572936219
13     41     0.054012505421
14     41     0.0567593548901
15     41     0.0630500233817
16     41     0.076659183719
17     41     0.104417062834
18     41     0.157761984556
19     41     0.254572761457
20     41     0.420435798463
21     41     0.689248559943
22     41     1.10121867273
23     41     1.69924062011
24     41     2.52119100432
25     41     3.59221880579
26     41     4.91488704073
27     41     6.46430014881
28     41     8.18562732759
29     41     10
30     41     8.18562732759
31     41     6.46430014881
32     41     4.91488704073
33     41     3.59221880579
34     41     2.52119100432
35     41     1.69924062013
36     41     1.10121867282
37     41     0.689248560874
38     41     0.42043580144
39     41     0.25457278112
40     41     0.157762042068
41     41     0.104417337953
42     41     0.0766599173486
43     41     0.0630527445071
44     41     0.0567659497696
45     41     0.054032304441
46     41     0.0529007685104
47     41     0.0524328122703
48     41     0.052172401265
49     41     0.0519062972258
50     41     0.0514328607846
51     41     0.0506125919378
52     41     0.0491226131678
53     41     0.0467512568972
54     41     0.043011964491
55     41     0.0377327994916
56     41     0.0305425444622
57     41     0.0216357904
58     41     0.0112123043732
59     41     0

0     42     0
1     42     0.00523428348692
2     42     0.0100727630872
3     42     0.0142729204598
4     42     0.017597724352
5     42     0.0201198438234
6     42     0.0218362412588
7     42     0.0229853051529
8     42     0.0236619095225
9     42     0.0240772750568
10     42     0.0243284045368
11     42     0.0245868875674
12     42     0.0250572722354
13     42     0.0261917369224
14     42     0.0289307085848
15     42     0.035225826035
16     42     0.0488590056137
17     42     0.0766598338692
18     42     0.130122411529
19     42     0.227115396384
20     42     0.393389464968
21     42     0.662788406924
22     42     1.07586826037
23     42     1.67535145582
24     42     2.49964427338
25     42     3.57352225776
26     42     4.90008248194
27     42     6.45387339859
28     42     8.18031177801
29     42     10
30     42     8.18031177801
31     42     6.45387339859
32     42     4.90008248194
33     42     3.57352225776
34     42     2.49964427338
35     42     1.67535145583
36     42     1.07586826042
37     42     0.662788407087
38     42     0.39338946653
39     42     0.227115401202
40     42     0.13012244122
41     42     0.0766599173486
42     42     0.0488593795328
43     42     0.0352267815137
44     42     0.028934034953
45     42     0.0261994368511
46     42     0.0250789968785
47     42     0.024632288079
48     42     0.0244351075195
49     42     0.02427779981
50     42     0.0240615701416
51     42     0.0236573836751
52     42     0.0229840982602
53     42     0.0218359444568
54     42     0.0201197768036
55     42     0.0175977105222
56     42     0.0142729178667
57     42     0.0100727626484
58     42     0.00523428342148
59     42     0

0     43     0
1     43     0.00230727773408
2     43     0.00445848161186
3     43     0.0062963907528
4     43     0.00779041544066
5     43     0.00888324543283
6     43     0.00966340496205
7     43     0.0101533893414
8     43     0.0104665279436
9     43     0.0106474409192
10     43     0.0107909624035
11     43     0.0109848924248
12     43     0.0114311910197
13     43     0.0125525416902
14     43     0.0152885713935
15     43     0.0215861063376
16     43     0.0352266736628
17     43     0.0630527045559
18     43     0.116555318304
19     43     0.213653146304
20     43     0.380080154683
21     43     0.649808987764
22     43     1.0633353163
23     43     1.66362193683
24     43     2.48892407545
25     43     3.56432981213
26     43     4.89267054653
27     43     6.44874043055
28     43     8.17764015157
29     43     10
30     43     8.17764015157
31     43     6.44874043055
32     43     4.89267054653
33     43     3.56432981213
34     43     2.48892407545
35     43     1.66362193683
36     43     1.06333531631
37     43     0.649808987844
38     43     0.380080154944
39     43     0.213653148639
40     43     0.116555325237
41     43     0.0630527445071
42     43     0.0352267815137
43     43     0.0215865592889
44     43     0.0152896790289
45     43     0.0125561634479
46     43     0.0114391863378
47     43     0.0110060918834
48     43     0.0108330552411
49     43     0.0107403500105
50     43     0.0106317325283
51     43     0.0104620017969
52     43     0.0101521823258
53     43     0.00966310815496
54     43     0.00888317841115
55     43     0.00779040161079
56     43     0.00629638815971
57     43     0.00445848117313
58     43     0.00230727766864
59     43     0

0     44     0
1     44     0.000966075173833
2     44     0.00185809619577
3     44     0.00263522610178
4     44     0.00324737813054
5     44     0.00371412535006
6     44     0.00402812413497
7     44     0.00424000048561
8     44     0.00436504461247
9     44     0.00445251791043
10     44     0.0045377925939
11     44     0.00470804011631
12     44     0.00514059268891
13     44     0.00625756034689
14     44     0.00899173061205
15     44     0.0152895547692
16     44     0.0289339869512
17     44     0.0567659408735
18     44     0.110289474628
19     44     0.207416228127
20     44     0.373922338194
21     44     0.643756257499
22     44     1.05751207897
23     44     1.65808968865
24     44     2.4839079336
25     44     3.55993223282
26     44     4.88917437099
27     44     6.4462549384
28     44     8.17637300353
29     44     10
30     44     8.17637300353
31     44     6.4462549384
32     44     4.88917437099
33     44     3.55993223282
34     44     2.4839079336
35     44     1.65808968865
36     44     1.05751207897
37     44     0.643756257506
38     44     0.373922338313
39     44     0.207416228501
40     44     0.110289477741
41     44     0.0567659497696
42     44     0.028934034953
43     44     0.0152896790289
44     44     0.00899222034276
45     44     0.00625870476171
46     44     0.0051441079933
47     44     0.00471542917481
48     44     0.00455619606825
49     44     0.00448717575622
50     44     0.00443680923376
51     44     0.00436051828523
52     44     0.00423879346485
53     44     0.00402782732464
54     44     0.00371405832837
55     44     0.00324736430067
56     44     0.00263522350869
57     44     0.00185809575704
58     44     0.000966075108394
59     44     0

0     45     0
1     45     0.000379750449873
2     45     0.00073425068877
3     45     0.00103562981305
4     45     0.00128131067834
5     45     0.00145888734772
6     45     0.00158617180486
7     45     0.00166516716639
8     45     0.00171882634242
9     45     0.00175986626745
10     45     0.00182468806093
11     45     0.00198260983865
12     45     0.00241078719224
13     45     0.00352529468362
14     45     0.00625857693879
15     45     0.0125561118828
16     45     0.0261994266562
17     45     0.0540323007285
18     45     0.107553035718
19     45     0.204686871962
20     45     0.371192580031
21     45     0.641061286162
22     45     1.05484709413
23     45     1.65554470367
24     45     2.48149971737
25     45     3.55782070737
26     45     4.88740978559
27     45     6.44501619962
28     45     8.17571262429
29     45     10
30     45     8.17571262429
31     45     6.44501619962
32     45     4.88740978559
33     45     3.55782070737
34     45     2.48149971737
35     45     1.65554470367
36     45     1.05484709413
37     45     0.641061286165
38     45     0.371192580041
39     45     0.204686872119
40     45     0.107553036195
41     45     0.054032304441
42     45     0.0261994368511
43     45     0.0125561634479
44     45     0.00625870476171
45     45     0.00352576760689
46     45     0.00241184167517
47     45     0.00198565181732
48     45     0.0018307661983
49     45     0.00177407349087
50     45     0.00174415762458
51     45     0.00171430011832
52     45     0.00166396014652
53     45     0.00158587499654
54     45     0.00145882032603
55     45     0.00128129684847
56     45     0.00103562721996
57     45     0.000734250250044
58     45     0.000379750384434
59     45     0

0     46     0
1     46     0.000141436986354
2     46     0.000271586525924
3     46     0.000385098487391
4     46     0.000473512902794
5     46     0.000541040453493
6     46     0.000585693329327
7     46     0.000616669146577
8     46     0.000637611787775
9     46     0.000663060839948
10     46     0.000718117706915
11     46     0.000872272838669
12     46     0.00129820633259
13     46     0.00241172422323
14     46     0.00514405844117
15     46     0.0114391758914
16     46     0.0250789929145
17     46     0.0529007679664
18     46     0.1064077968
19     46     0.203505109554
20     46     0.369975250751
21     46     0.639764109189
22     46     1.05349962436
23     46     1.65410090789
24     46     2.48006547001
25     46     3.55639804631
26     46     4.88619465996
27     46     6.44407222203
28     46     8.17521893151
29     46     10
30     46     8.17521893151
31     46     6.44407222203
32     46     4.88619465996
33     46     3.55639804631
34     46     2.48006547001
35     46     1.65410090789
36     46     1.05349962436
37     46     0.639764109189
38     46     0.369975250755
39     46     0.203505109567
40     46     0.106407796987
41     46     0.0529007685104
42     46     0.0250789968785
43     46     0.0114391863378
44     46     0.0051441079933
45     46     0.00241184167517
46     46     0.00129861422417
47     46     0.000873139240748
48     46     0.000720463286307
49     46     0.000667508174617
50     46     0.00064735436601
51     46     0.00063308577709
52     46     0.000615462205473
53     46     0.000585396524921
54     46     0.00054097343303
55     46     0.000473499072923
56     46     0.000385095894299
57     46     0.000271586087198
58     46     0.000141436920915
59     46     0

0     47     0
1     47     4.91351021521e-05
2     47     9.50096306434e-05
3     47     0.000133650542045
4     47     0.000165156840881
5     47     0.000187515912173
6     47     0.000203736135793
7     47     0.000214358882001
8     47     0.000224806995185
9     47     0.000243400025044
10     47     0.000295592079768
11     47     0.00044797259915
12     47     0.000873042860394
13     47     0.00198560922559
14     47     0.00471541960071
15     47     0.0110060880923
16     47     0.0246322875236
17     47     0.0524328120725
18     47     0.105885867141
19     47     0.202911493395
20     47     0.369230638238
21     47     0.638856251426
22     47     1.05230921174
23     47     1.65269280261
24     47     2.47836648872
25     47     3.55465114931
26     47     4.88447814422
27     47     6.4427593676
28     47     8.17446415825
29     47     10
30     47     8.17446415825
31     47     6.4427593676
32     47     4.88447814422
33     47     3.55465114931
34     47     2.47836648872
35     47     1.65269280261
36     47     1.05230921174
37     47     0.638856251426
38     47     0.369230638238
39     47     0.202911493399
40     47     0.105885867156
41     47     0.0524328122703
42     47     0.024632288079
43     47     0.0110060918834
44     47     0.00471542917481
45     47     0.00198565181732
46     47     0.000873139240748
47     47     0.000448286587449
48     47     0.000296226352845
49     47     0.000245009504755
50     47     0.000227697582857
51     47     0.000220282489382
52     47     0.000213152088412
53     47     0.000203439379545
54     47     0.000187448894037
55     47     0.000165143011672
56     47     0.000133647948953
57     47     9.50091919175e-05
58     47     4.91350367131e-05
59     47     0

0     48     0
1     48     1.61347150598e-05
2     48     3.08982701452e-05
3     48     4.37674147037e-05
4     48     5.36228779266e-05
5     48     6.11843289117e-05
6     48     6.62476740869e-05
7     48     7.06382877511e-05
8     48     7.68254376133e-05
9     48     9.34899805464e-05
10     48     0.000144437524665
11     48     0.000296155786185
12     48     0.00072043056753
13     48     0.00183075835227
14     48     0.00455619282128
15     48     0.0108330547333
16     48     0.0244351073313
17     48     0.0521724012505
18     48     0.105529499549
19     48     0.202346115104
20     48     0.368396503782
21     48     0.637537159129
22     48     1.05049160982
23     48     1.65015449277
24     48     2.47534840605
25     48     3.55118077273
26     48     4.88119954626
27     48     6.44003501059
28     48     8.17297660715
29     48     10
30     48     8.17297660715
31     48     6.44003501059
32     48     4.88119954626
33     48     3.55118077273
34     48     2.47534840605
35     48     1.65015449277
36     48     1.05049160982
37     48     0.637537159129
38     48     0.368396503782
39     48     0.202346115104
40     48     0.105529499554
41     48     0.052172401265
42     48     0.0244351075195
43     48     0.0108330552411
44     48     0.00455619606825
45     48     0.0018307661983
46     48     0.000720463286307
47     48     0.000296226352845
48     48     0.000144652942807
49     48     9.39030772055e-05
50     48     7.78062184625e-05
51     48     7.23036419621e-05
52     48     6.94324181161e-05
53     48     6.59510056533e-05
54     48     6.11173369568e-05
55     48     5.3609049946e-05
56     48     4.376482193e-05
57     48     3.08978314193e-05
58     48     1.61346496208e-05
59     48     0

0     49     0
1     49     4.90375701612e-06
2     49     9.4792822697e-06
3     49     1.32815943389e-05
4     49     1.63850520431e-05
5     49     1.85739354626e-05
6     49     2.0378603304e-05
7     49     2.24308056878e-05
8     49     2.7470327053e-05
9     49     4.33605655588e-05
10     49     9.38570527074e-05
11     49     0.000244987075004
12     49     0.000667502430903
13     49     0.00177407100257
14     49     0.00448717534062
15     49     0.0107403498499
16     49     0.0242777997969
17     49     0.0519062972212
18     49     0.105015478827
19     49     0.201471123595
20     49     0.366834109884
21     49     0.635136625142
22     49     1.04678252875
23     49     1.64522401432
24     49     2.46898213317
25     49     3.54419710463
26     49     4.87415012809
27     49     6.43442816402
28     49     8.16974151037
29     49     10
30     49     8.16974151037
31     49     6.43442816402
32     49     4.87415012809
33     49     3.54419710463
34     49     2.46898213317
35     49     1.64522401432
36     49     1.04678252875
37     49     0.635136625142
38     49     0.366834109884
39     49     0.201471123595
40     49     0.105015478827
41     49     0.0519062972258
42     49     0.02427779981
43     49     0.0107403500105
44     49     0.00448717575622
45     49     0.00177407349087
46     49     0.000667508174617
47     49     0.000245009504755
48     49     9.39030772055e-05
49     49     4.34919988909e-05
50     49     2.77091373052e-05
51     49     2.29600444959e-05
52     49     2.12265500727e-05
53     49     2.00824387939e-05
54     49     1.8506989828e-05
55     49     1.63712366657e-05
56     49     1.32790021373e-05
57     49     9.47884367839e-06
58     49     4.90369157711e-06
59     49     0

0     50     0
1     50     1.40535312949e-06
2     50     2.68106167641e-06
3     50     3.79269172849e-06
4     50     4.63309154822e-06
5     50     5.3262700005e-06
6     50     6.00164312411e-06
7     50     7.45151106131e-06
8     50     1.20646909119e-05
9     50     2.76824614855e-05
10     50     7.77925277947e-05
11     50     0.000227693833209
12     50     0.000647352662466
13     50     0.00174415732045
14     50     0.00443680911098
15     50     0.0106317325175
16     50     0.0240615701377
17     50     0.0514328607846
18     50     0.104126150712
19     50     0.199744469238
20     50     0.363943697681
21     50     0.630291956069
22     50     1.03970835387
23     50     1.63516225389
24     50     2.45653524794
25     50     3.52974642898
26     50     4.86003725345
27     50     6.42264909203
28     50     8.16315414698
29     50     10
30     50     8.16315414698
31     50     6.42264909203
32     50     4.86003725345
33     50     3.52974642898
34     50     2.45653524794
35     50     1.63516225389
36     50     1.03970835387
37     50     0.630291956069
38     50     0.363943697681
39     50     0.199744469238
40     50     0.104126150712
41     50     0.0514328607846
42     50     0.0240615701416
43     50     0.0106317325283
44     50     0.00443680923376
45     50     0.00174415762458
46     50     0.00064735436601
47     50     0.000227697582857
48     50     7.78062184625e-05
49     50     2.77091373052e-05
50     50     1.21357907445e-05
51     50     7.57366687487e-06
52     50     6.25355151605e-06
53     50     5.70632951709e-06
54     50     5.259567503e-06
55     50     4.61929773293e-06
56     50     3.7901048704e-06
57     50     2.68062331935e-06
58     50     1.40528774032e-06
59     50     0

0     51     0
1     51     3.69204725452e-07
2     51     7.13558853629e-07
3     51     9.96137967164e-07
4     51     1.23651460823e-06
5     51     1.45200558949e-06
6     51     1.84951043388e-06
7     51     3.0923871504e-06
8     51     7.5599715766e-06
9     51     2.29526271962e-05
10     51     7.23014643885e-05
11     51     0.000220281449886
12     51     0.000633085578428
13     51     0.00171430003442
14     51     0.00436051827737
15     51     0.0104620017939
16     51     0.0236573836751
17     51     0.0506125919378
18     51     0.102420478639
19     51     0.196666495393
20     51     0.358397383484
21     51     0.6214868025
22     51     1.02606455883
23     51     1.61645171313
24     51     2.43217903246
25     51     3.50211615143
26     51     4.83181806353
27     51     6.39949710053
28     51     8.14972974854
29     51     10
30     51     8.14972974854
31     51     6.39949710053
32     51     4.83181806353
33     51     3.50211615143
34     51     2.43217903246
35     51     1.61645171313
36     51     1.02606455883
37     51     0.6214868025
38     51     0.358397383484
39     51     0.196666495393
40     51     0.102420478639
41     51     0.0506125919378
42     51     0.0236573836751
43     51     0.0104620017969
44     51     0.00436051828523
45     51     0.00171430011832
46     51     0.00063308577709
47     51     0.000220282489382
48     51     7.23036419621e-05
49     51     2.29600444959e-05
50     51     7.57366687487e-06
51     51     3.12635207385e-06
52     51     1.90457060471e-06
53     51     1.55723947183e-06
54     51     1.38569862328e-06
55     51     1.22282402292e-06
56     51     9.93559920059e-07
57     51     7.13122478376e-07
58     51     3.69139419941e-07
59     51     0

0     52     0
1     52     9.12604695669e-08
2     52     1.7349243067e-07
3     52     2.46920995091e-07
4     52     3.11396413754e-07
5     52     4.14743822371e-07
6     52     7.24061686447e-07
7     52     1.89836903222e-06
8     52     6.24999921735e-06
9     52     2.12254288428e-05
10     52     6.94318545623e-05
11     52     0.00021315197287
12     52     0.000615462154325
13     52     0.00166396014139
14     52     0.00423879346284
15     52     0.0101521823258
16     52     0.0229840982602
17     52     0.0491226131678
18     52     0.0995387278484
19     52     0.191114015219
20     52     0.348882977293
21     52     0.605553084752
22     52     1.00213172744
23     52     1.58206506184
24     52     2.38810777966
25     52     3.44993064548
26     52     4.77879905149
27     52     6.35431661132
28     52     8.12368586844
29     52     10
30     52     8.12368586844
31     52     6.35431661132
32     52     4.77879905149
33     52     3.44993064548
34     52     2.38810777966
35     52     1.58206506184
36     52     1.00213172744
37     52     0.605553084752
38     52     0.348882977293
39     52     0.191114015219
40     52     0.0995387278484
41     52     0.0491226131678
42     52     0.0229840982602
43     52     0.0101521823258
44     52     0.00423879346485
45     52     0.00166396014652
46     52     0.000615462205473
47     52     0.000213152088412
48     52     6.94324181161e-05
49     52     2.12265500727e-05
50     52     6.25355151605e-06
51     52     1.90457060471e-06
52     52     7.38315837498e-07
53     52     4.36496315265e-07
54     52     3.49729455858e-07
55     52     2.97867095387e-07
56     52     2.44381256119e-07
57     52     1.73059194565e-07
58     52     9.11957970729e-08
59     52     0

0     53     0
1     53     2.04613564801e-08
2     53     3.98398749058e-08
3     53     5.7330723055e-08
4     53     8.24551574633e-08
5     53     1.53037630795e-07
6     53     4.34032882374e-07
7     53     1.55574349021e-06
8     53     5.70581986335e-06
9     53     2.00821684672e-05
10     53     6.59509460231e-05
11     53     0.000203439351818
12     53     0.000585396521931
13     53     0.00158587499531
14     53     0.00402782732464
15     53     0.00966310815496
16     53     0.0218359444568
17     53     0.0467512568972
18     53     0.0946724118069
19     53     0.182164434051
20     53     0.332789354466
21     53     0.579328059262
22     53     0.961029936523
23     53     1.52363179925
24     53     2.31008380744
25     53     3.35722273841
26     53     4.68067534007
27     53     6.26981668748
28     53     8.07332115712
29     53     10
30     53     8.07332115712
31     53     6.26981668748
32     53     4.68067534007
33     53     3.35722273841
34     53     2.31008380744
35     53     1.52363179925
36     53     0.961029936523
37     53     0.579328059262
38     53     0.332789354466
39     53     0.182164434051
40     53     0.0946724118069
41     53     0.0467512568972
42     53     0.0218359444568
43     53     0.00966310815496
44     53     0.00402782732464
45     53     0.00158587499654
46     53     0.000585396524921
47     53     0.000203439379545
48     53     6.59510056533e-05
49     53     2.00824387939e-05
50     53     5.70632951709e-06
51     53     1.55723947183e-06
52     53     4.36496315265e-07
53     53     1.58258229351e-07
54     53     8.99364279664e-08
55     53     6.9405353043e-08
56     53     5.48482704577e-08
57     53     3.9418956319e-08
58     53     2.03976438042e-08
59     53     0

0     54     0
1     54     4.34419917019e-09
2     54     8.5209811661e-09
3     54     1.41031372402e-08
4     54     2.86963353286e-08
5     54     8.90839605985e-08
6     54     3.4917918665e-07
7     54     1.38549524136e-06
8     54     5.25945338055e-06
9     54     1.85069626383e-05
10     54     6.11173236469e-05
11     54     0.000187448892491
12     54     0.000540973432367
13     54     0.00145882032603
14     54     0.00371405832837
15     54     0.00888317841115
16     54     0.0201197768036
17     54     0.043011964491
18     54     0.0873241189006
19     54     0.168052967807
20     54     0.308037080562
21     54     0.537424169066
22     54     0.895880919908
23     54     1.42741224604
24     54     2.1805344797
25     54     3.19663048245
26     54     4.50677554717
27     54     6.11307877038
28     54     7.9776124279
29     54     10
30     54     7.9776124279
31     54     6.11307877038
32     54     4.50677554717
33     54     3.19663048245
34     54     2.1805344797
35     54     1.42741224604
36     54     0.895880919908
37     54     0.537424169066
38     54     0.308037080562
39     54     0.168052967807
40     54     0.0873241189006
41     54     0.043011964491
42     54     0.0201197768036
43     54     0.00888317841115
44     54     0.00371405832837
45     54     0.00145882032603
46     54     0.00054097343303
47     54     0.000187448894037
48     54     6.11173369568e-05
49     54     1.8506989828e-05
50     54     5.259567503e-06
51     54     1.38569862328e-06
52     54     3.49729455858e-07
53     54     8.99364279664e-08
54     54     3.03508889573e-08
55     54     1.63237202695e-08
56     54     1.17746936412e-08
57     54     8.11763810744e-09
58     54     4.28384011366e-09
59     54     0

0     55     0
1     55     8.61818688622e-10
2     55     1.96324004483e-09
3     55     4.64737422167e-09
4     55     1.60689891057e-08
5     55     6.92300750363e-08
6     55     2.97796340126e-07
7     55     1.22278190794e-06
8     55     4.61928684046e-06
9     55     1.63712310381e-05
10     55     5.36090492392e-05
11     55     0.000165143011354
12     55     0.000473499072923
13     55     0.00128129684847
14     55     0.00324736430067
15     55     0.00779040161079
16     55     0.0175977105222
17     55     0.0377327994916
18     55     0.0765466954915
19     55     0.147832192835
20     55     0.271366402005
21     55     0.475802500037
22     55     0.796778475069
23     55     1.27966718881
24     55     1.97336581296
25     55     2.93232505253
26     55     4.20491817977
27     55     5.82782863725
28     55     7.79296268235
29     55     10
30     55     7.79296268235
31     55     5.82782863725
32     55     4.20491817977
33     55     2.93232505253
34     55     1.97336581296
35     55     1.27966718881
36     55     0.796778475069
37     55     0.475802500037
38     55     0.271366402005
39     55     0.147832192835
40     55     0.0765466954915
41     55     0.0377327994916
42     55     0.0175977105222
43     55     0.00779040161079
44     55     0.00324736430067
45     55     0.00128129684847
46     55     0.000473499072923
47     55     0.000165143011672
48     55     5.3609049946e-05
49     55     1.63712366657e-05
50     55     4.61929773293e-06
51     55     1.22282402292e-06
52     55     2.97867095387e-07
53     55     6.9405353043e-08
54     55     1.63237202695e-08
55     55     5.09619644928e-09
56     55     2.52584392824e-09
57     55     1.60224465712e-09
58     55     8.06009875746e-10
59     55     0

0     56     0
1     56     1.92591535495e-10
2     56     6.20333430346e-10
3     56     2.46084845679e-09
4     56     1.17268761385e-08
5     56     5.48270016526e-08
6     56     2.44367787233e-07
7     56     9.93556113215e-07
8     56     3.79010278891e-06
9     56     1.32790018532e-05
10     56     4.37648217954e-05
11     56     0.000133647948953
12     56     0.000385095894299
13     56     0.00103562721996
14     56     0.00263522350869
15     56     0.00629638815971
16     56     0.0142729178667
17     56     0.0305425444622
18     56     0.0621840428331
19     56     0.120119903355
20     56     0.221507977408
21     56     0.389623219639
22     56     0.657152956167
23     56     1.06403762225
24     56     1.66248394087
25     56     2.5142486493
26     56     3.69923207109
27     56     5.3092658106
28     56     7.42640513711
29     56     10
30     56     7.42640513711
31     56     5.3092658106
32     56     3.69923207109
33     56     2.5142486493
34     56     1.66248394087
35     56     1.06403762225
36     56     0.657152956167
37     56     0.389623219639
38     56     0.221507977408
39     56     0.120119903355
40     56     0.0621840428331
41     56     0.0305425444622
42     56     0.0142729178667
43     56     0.00629638815971
44     56     0.00263522350869
45     56     0.00103562721996
46     56     0.000385095894299
47     56     0.000133647948953
48     56     4.376482193e-05
49     56     1.32790021373e-05
50     56     3.7901048704e-06
51     56     9.93559920059e-07
52     56     2.44381256119e-07
53     56     5.48482704577e-08
54     56     1.17746936412e-08
55     56     2.52584392824e-09
56     56     7.2314236627e-10
57     56     3.1330350228e-10
58     56     1.46461937196e-10
59     56     0

0     57     0
1     57     6.08860001872e-11
2     57     2.99289451645e-10
3     57     1.59122786459e-09
4     57     8.11217663239e-09
5     57     3.94152647657e-08
6     57     1.73058044228e-07
7     57     7.1312181068e-07
8     57     2.68062321967e-06
9     57     9.47884362855e-06
10     57     3.08978314193e-05
11     57     9.50091919175e-05
12     57     0.000271586087198
13     57     0.000734250250044
14     57     0.00185809575704
15     57     0.00445848117313
16     57     0.0100727626484
17     57     0.0216357904
18     57     0.0439941997344
19     57     0.0853238727006
20     57     0.157536829772
21     57     0.278642125205
22     57     0.47242220027
23     57     0.772631832726
24     57     1.22364446336
25     57     1.89234349919
26     57     2.88213058803
27     57     4.37170098209
28     57     6.64992397573
29     57     10
30     57     6.64992397573
31     57     4.37170098209
32     57     2.88213058803
33     57     1.89234349919
34     57     1.22364446336
35     57     0.772631832726
36     57     0.47242220027
37     57     0.278642125205
38     57     0.157536829772
39     57     0.0853238727006
40     57     0.0439941997344
41     57     0.0216357904
42     57     0.0100727626484
43     57     0.00445848117313
44     57     0.00185809575704
45     57     0.000734250250044
46     57     0.000271586087198
47     57     9.50091919175e-05
48     57     3.08978314193e-05
49     57     9.47884367839e-06
50     57     2.68062331935e-06
51     57     7.13122478376e-07
52     57     1.73059194565e-07
53     57     3.9418956319e-08
54     57     8.11763810744e-09
55     57     1.60224465712e-09
56     57     3.1330350228e-10
57     57     8.10040228533e-11
58     57     2.64195013655e-11
59     57     0

0     58     0
1     58     2.36333882254e-11
2     58     1.44349643024e-10
3     58     8.0483796512e-10
4     58     4.28299337165e-09
5     58     2.03973484002e-08
6     58     9.11956144108e-08
7     58     3.69139389682e-07
8     58     1.4052877243e-06
9     58     4.90369157711e-06
10     58     1.61346496208e-05
11     58     4.91350367131e-05
12     58     0.000141436920915
13     58     0.000379750384434
14     58     0.000966075108394
15     58     0.00230727766864
16     58     0.00523428342148
17     58     0.0112123043732
18     58     0.0228810716313
19     58     0.044341771602
20     58     0.0821880985089
21     58     0.1456311699
22     58     0.248371614599
23     58     0.408987951906
24     58     0.656292745893
25     58     1.03712565079
26     58     1.64602710232
27     58     2.70524282167
28     58     4.83465815317
29     58     10
30     58     4.83465815317
31     58     2.70524282167
32     58     1.64602710232
33     58     1.03712565079
34     58     0.656292745893
35     58     0.408987951906
36     58     0.248371614599
37     58     0.1456311699
38     58     0.0821880985089
39     58     0.044341771602
40     58     0.0228810716313
41     58     0.0112123043732
42     58     0.00523428342148
43     58     0.00230727766864
44     58     0.000966075108394
45     58     0.000379750384434
46     58     0.000141436920915
47     58     4.91350367131e-05
48     58     1.61346496208e-05
49     58     4.90369157711e-06
50     58     1.40528774032e-06
51     58     3.69139419941e-07
52     58     9.11957970729e-08
53     58     2.03976438042e-08
54     58     4.28384011366e-09
55     58     8.06009875746e-10
56     58     1.46461937196e-10
57     58     2.64195013655e-11
58     58     5.85971416352e-12
59     58     0

0     59     0
1     59     0
2     59     0
3     59     0
4     59     0
5     59     0
6     59     0
7     59     0
8     59     0
9     59     0
10     59     0
11     59     0
12     59     0
13     59     0
14     59     0
15     59     0
16     59     0
17     59     0
18     59     0
19     59     0
20     59     0
21     59     0
22     59     0
23     59     0
24     59     0
25     59     0
26     59     0
27     59     0
28     59     0
29     59     0
30     59     0
31     59     0
32     59     0
33     59     0
34     59     0
35     59     0
36     59     0
37     59     0
38     59     0
39     59     0
40     59     0
41     59     0
42     59     0
43     59     0
44     59     0
45     59     0
46     59     0
47     59     0
48     59     0
49     59     0
50     59     0
51     59     0
52     59     0
53     59     0
54     59     0
55     59     0
56     59     0
57     59     0
58     59     0
59     59     0

