0     0     0
1     0     0
2     0     0
3     0     0
4     0     0
5     0     0
6     0     0
7     0     0
8     0     0
9     0     0
10     0     0
11     0     0
12     0     0
13     0     0
14     0     0
15     0     0
16     0     0
17     0     0
18     0     0
19     0     0
20     0     0
21     0     0
22     0     0
23     0     0
24     0     0
25     0     0
26     0     0
27     0     0
28     0     0
29     0     0
30     0     0
31     0     0
32     0     0
33     0     0
34     0     0
35     0     0
36     0     0
37     0     0
38     0     0
39     0     0
40     0     0
41     0     0
42     0     0
43     0     0
44     0     0
45     0     0
46     0     0
47     0     0
48     0     0
49     0     0
50     0     0
51     0     0
52     0     0
53     0     0
54     0     0
55     0     0
56     0     0
57     0     0
58     0     0
59     0     0

0     1     0
1     1     0.0
2     1     0.0
3     1     0.0
4     1     0.0
5     1     0.0
6     1     0.0
7     1     0.0
8     1     2.27373675443e-12
9     1     5.45696821064e-11
10     1     1.11640474643e-09
11     1     1.26692611957e-08
12     1     1.25355654745e-07
13     1     8.99599399418e-07
14     1     5.71680175199e-06
15     1     2.92285676551e-05
16     1     0.000133878668294
17     1     0.000520748963027
18     1     0.00183195939599
19     1     0.00565722188185
20     1     0.0159386247105
21     1     0.0403533759527
22     1     0.0941272320051
23     1     0.201394235555
24     1     0.402899902483
25     1     0.759050747656
26     1     1.37988162637
27     1     2.4933443563
28     1     4.71712764669
29     1     10
30     1     4.71712764669
31     1     2.4933443563
32     1     1.37988162637
33     1     0.759050747656
34     1     0.402899902483
35     1     0.201394235555
36     1     0.0941272320051
37     1     0.0403533759527
38     1     0.0159386247105
39     1     0.00565722188185
40     1     0.00183195939599
41     1     0.000520748963027
42     1     0.000133878668294
43     1     2.92285676551e-05
44     1     5.71680175199e-06
45     1     8.99599399418e-07
46     1     1.25355654745e-07
47     1     1.26692611957e-08
48     1     1.11640474643e-09
49     1     5.45696821064e-11
50     1     2.27373675443e-12
51     1     0.0
52     1     0.0
53     1     0.0
54     1     0.0
55     1     0.0
56     1     0.0
57     1     0.0
58     1     0.0
59     1     0

0     2     0
1     2     0.0
2     2     0.0
3     2     0.0
4     2     0.0
5     2     0.0
6     2     0.0
7     2     0.0
8     2     2.27373675443e-12
9     2     1.00044417195e-10
10     2     1.72121872311e-09
11     2     2.34740582528e-08
12     2     2.14181454794e-07
13     2     1.67798134498e-06
14     2     1.02030435301e-05
15     2     5.47425497643e-05
16     2     0.000244353675498
17     2     0.000977225035967
18     2     0.00338365250855
19     2     0.0106119940392
20     2     0.0295800645654
21     2     0.0753957254346
22     2     0.174215195038
23     2     0.371957826792
24     2     0.733350206983
25     2     1.35570929498
26     2     2.36686203892
27     2     3.9628013712
28     2     6.42231162268
29     2     10
30     2     6.42231162268
31     2     3.9628013712
32     2     2.36686203892
33     2     1.35570929498
34     2     0.733350206983
35     2     0.371957826792
36     2     0.174215195038
37     2     0.0753957254346
38     2     0.0295800645654
39     2     0.0106119940392
40     2     0.00338365250855
41     2     0.000977225035967
42     2     0.000244353675498
43     2     5.47425497643e-05
44     2     1.02030435301e-05
45     2     1.67798134498e-06
46     2     2.14181454794e-07
47     2     2.34740582528e-08
48     2     1.72121872311e-09
49     2     1.00044417195e-10
50     2     2.27373675443e-12
51     2     0.0
52     2     0.0
53     2     0.0
54     2     0.0
55     2     0.0
56     2     0.0
57     2     0.0
58     2     0.0
59     2     0

0     3     0
1     3     0.0
2     3     0.0
3     3     0.0
4     3     0.0
5     3     0.0
6     3     0.0
7     3     0.0
8     3     2.27373675443e-12
9     3     1.00044417195e-10
10     3     2.15322870645e-09
11     3     2.76213540928e-08
12     3     2.79969754047e-07
13     3     2.11108272197e-06
14     3     1.36028484121e-05
15     3     7.12877135811e-05
16     3     0.000329201513978
17     3     0.00129711702357
18     3     0.00458100310198
19     3     0.0142223605872
20     3     0.0400462411926
21     3     0.101209283785
22     3     0.234287752974
23     3     0.494884860018
24     3     0.967224964197
25     3     1.75134542307
26     3     2.96851713788
27     3     4.72765205861
28     3     7.10360825728
29     3     10
30     3     7.10360825728
31     3     4.72765205861
32     3     2.96851713788
33     3     1.75134542307
34     3     0.967224964197
35     3     0.494884860018
36     3     0.234287752974
37     3     0.101209283785
38     3     0.0400462411926
39     3     0.0142223605872
40     3     0.00458100310198
41     3     0.00129711702357
42     3     0.000329201513978
43     3     7.12877135811e-05
44     3     1.36028484121e-05
45     3     2.11108272197e-06
46     3     2.79969754047e-07
47     3     2.76213540928e-08
48     3     2.15322870645e-09
49     3     1.00044417195e-10
50     3     2.27373675443e-12
51     3     0.0
52     3     0.0
53     3     0.0
54     3     0.0
55     3     0.0
56     3     0.0
57     3     0.0
58     3     0.0
59     3     0

0     4     0
1     4     0.0
2     4     0.0
3     4     0.0
4     4     0.0
5     4     0.0
6     4     0.0
7     4     0.0
8     4     2.27373675443e-12
9     4     1.00044417195e-10
10     4     2.15322870645e-09
11     4     3.02134139929e-08
12     4     2.99799012282e-07
13     4     2.39375367528e-06
14     4     1.51681228999e-05
15     4     8.23857953947e-05
16     4     0.000376062500891
17     4     0.00151491524775
18     4     0.00530673050662
19     4     0.0166871601687
20     4     0.0466783382444
21     4     0.118609372403
22     4     0.272599986324
23     4     0.574687257904
24     4     1.11069946289
25     4     1.98718493539
26     4     3.29761127216
27     4     5.10717743244
28     4     7.39200367804
29     4     10
30     4     7.39200367804
31     4     5.10717743244
32     4     3.29761127216
33     4     1.98718493539
34     4     1.11069946289
35     4     0.574687257904
36     4     0.272599986324
37     4     0.118609372403
38     4     0.0466783382444
39     4     0.0166871601687
40     4     0.00530673050662
41     4     0.00151491524775
42     4     0.000376062500891
43     4     8.23857953947e-05
44     4     1.51681228999e-05
45     4     2.39375367528e-06
46     4     2.99799012282e-07
47     4     3.02134139929e-08
48     4     2.15322870645e-09
49     4     1.00044417195e-10
50     4     2.27373675443e-12
51     4     0.0
52     4     0.0
53     4     0.0
54     4     0.0
55     4     0.0
56     4     0.0
57     4     0.0
58     4     0.0
59     4     0

0     5     0
1     5     0.0
2     5     0.0
3     5     0.0
4     5     0.0
5     5     0.0
6     5     0.0
7     5     0.0
8     5     2.27373675443e-12
9     5     1.00044417195e-10
10     5     2.15322870645e-09
11     5     3.02134139929e-08
12     5     3.10815266857e-07
13     5     2.46425770456e-06
14     5     1.60792251336e-05
15     5     8.67452945386e-05
16     5     0.000404144095683
17     5     0.00161935638062
18     5     0.0057479684051
19     5     0.0179956845568
20     5     0.0507084169203
21     5     0.128282314581
22     5     0.295424431506
23     5     0.619102275396
24     5     1.19206972588
25     5     2.11207402197
26     5     3.46690879068
27     5     5.28568038702
28     5     7.51800689848
29     5     10
30     5     7.51800689848
31     5     5.28568038702
32     5     3.46690879068
33     5     2.11207402197
34     5     1.19206972588
35     5     0.619102275396
36     5     0.295424431506
37     5     0.128282314581
38     5     0.0507084169203
39     5     0.0179956845568
40     5     0.0057479684051
41     5     0.00161935638062
42     5     0.000404144095683
43     5     8.67452945386e-05
44     5     1.60792251336e-05
45     5     2.46425770456e-06
46     5     3.10815266857e-07
47     5     3.02134139929e-08
48     5     2.15322870645e-09
49     5     1.00044417195e-10
50     5     2.27373675443e-12
51     5     0.0
52     5     0.0
53     5     0.0
54     5     0.0
55     5     0.0
56     5     0.0
57     5     0.0
58     5     0.0
59     5     0

0     6     0
1     6     0.0
2     6     0.0
3     6     0.0
4     6     0.0
5     6     0.0
6     6     0.0
7     6     0.0
8     6     2.27373675443e-12
9     6     1.00044417195e-10
10     6     2.15322870645e-09
11     6     3.02134139929e-08
12     6     3.10815266857e-07
13     6     2.4995097192e-06
14     6     1.62731112141e-05
15     6     8.90311093826e-05
16     6     0.000413739755913
17     6     0.00167573180988
18     6     0.0059340731309
19     6     0.0187111830201
20     6     0.0525996918986
21     6     0.133549947277
22     6     0.306641686184
23     6     0.642684430513
24     6     1.23197143985
25     6     2.17485887286
26     6     3.54580605067
27     6     5.36760779432
28     6     7.57156052094
29     6     10
30     6     7.57156052094
31     6     5.36760779432
32     6     3.54580605067
33     6     2.17485887286
34     6     1.23197143985
35     6     0.642684430513
36     6     0.306641686184
37     6     0.133549947277
38     6     0.0525996918986
39     6     0.0187111830201
40     6     0.0059340731309
41     6     0.00167573180988
42     6     0.000413739755913
43     6     8.90311093826e-05
44     6     1.62731112141e-05
45     6     2.4995097192e-06
46     6     3.10815266857e-07
47     6     3.02134139929e-08
48     6     2.15322870645e-09
49     6     1.00044417195e-10
50     6     2.27373675443e-12
51     6     0.0
52     6     0.0
53     6     0.0
54     6     0.0
55     6     0.0
56     6     0.0
57     6     0.0
58     6     0.0
59     6     0

0     7     0
1     7     0.0
2     7     0.0
3     7     0.0
4     7     0.0
5     7     0.0
6     7     0.0
7     7     0.0
8     7     2.27373675443e-12
9     7     1.00044417195e-10
10     7     2.15322870645e-09
11     7     3.02134139929e-08
12     7     3.10815266857e-07
13     7     2.4995097192e-06
14     7     1.63612412507e-05
15     7     8.94541335583e-05
16     7     0.000418310457917
17     7     0.00169270318111
18     7     0.00602522630061
19     7     0.0189789742763
20     7     0.0535361058701
21     7     0.135750011614
22     7     0.312156138871
23     7     0.652998753449
24     7     1.25104029144
25     7     2.20225634335
26     7     3.58157867532
27     7     5.40189864361
28     7     7.59428349907
29     7     10
30     7     7.59428349907
31     7     5.40189864361
32     7     3.58157867532
33     7     2.20225634335
34     7     1.25104029144
35     7     0.652998753449
36     7     0.312156138871
37     7     0.135750011614
38     7     0.0535361058701
39     7     0.0189789742763
40     7     0.00602522630061
41     7     0.00169270318111
42     7     0.000418310457917
43     7     8.94541335583e-05
44     7     1.63612412507e-05
45     7     2.4995097192e-06
46     7     3.10815266857e-07
47     7     3.02134139929e-08
48     7     2.15322870645e-09
49     7     1.00044417195e-10
50     7     2.27373675443e-12
51     7     0.0
52     7     0.0
53     7     0.0
54     7     0.0
55     7     0.0
56     7     0.0
57     7     0.0
58     7     0.0
59     7     0

0     8     0
1     8     2.27373675443e-12
2     8     2.27373675443e-12
3     8     2.27373675443e-12
4     8     2.27373675443e-12
5     8     2.27373675443e-12
6     8     2.27373675443e-12
7     8     2.27373675443e-12
8     8     4.54747350886e-12
9     8     1.02318153949e-10
10     8     2.1555024432e-09
11     8     3.02156877297e-08
12     8     3.10817540594e-07
13     8     2.49951199294e-06
14     8     1.63612435244e-05
15     8     8.96303959053e-05
16     8     0.000419055159
17     8     0.00170010054035
18     8     0.00604960237524
19     8     0.0190987751944
20     8     0.0538489219366
21     8     0.136742774996
22     8     0.314215540086
23     8     0.657610274395
24     8     1.25850195252
25     8     2.21416602568
26     8     3.59559097539
27     8     5.41617408781
28     8     7.60296720824
29     8     10
30     8     7.60296720824
31     8     5.41617408781
32     8     3.59559097539
33     8     2.21416602568
34     8     1.25850195252
35     8     0.657610274395
36     8     0.314215540086
37     8     0.136742774996
38     8     0.0538489219366
39     8     0.0190987751944
40     8     0.00604960237524
41     8     0.00170010054035
42     8     0.000419055159
43     8     8.96303959053e-05
44     8     1.63612435244e-05
45     8     2.49951199294e-06
46     8     3.10817540594e-07
47     8     3.02156877297e-08
48     8     2.1555024432e-09
49     8     1.02318153949e-10
50     8     4.54747350886e-12
51     8     2.27373675443e-12
52     8     2.27373675443e-12
53     8     2.27373675443e-12
54     8     2.27373675443e-12
55     8     2.27373675443e-12
56     8     2.27373675443e-12
57     8     2.27373675443e-12
58     8     2.27373675443e-12
59     8     0

0     9     0
1     9     5.45696821064e-11
2     9     1.00044417195e-10
3     9     1.00044417195e-10
4     9     1.00044417195e-10
5     9     1.00044417195e-10
6     9     1.00044417195e-10
7     9     1.00044417195e-10
8     9     1.02318153949e-10
9     9     2.0008883439e-10
10     9     2.25327312364e-09
11     9     3.03134584101e-08
12     9     3.10915311275e-07
13     9     2.49960976362e-06
14     9     1.63613412951e-05
15     9     8.96304936759e-05
16     9     0.00041934167939
17     9     0.00170116994923
18     9     0.00605938606668
19     9     0.0191273773544
20     9     0.0539774987737
21     9     0.137039768333
22     9     0.31506764044
23     9     0.659154227078
24     9     1.26155830422
25     9     2.21834856166
26     9     3.60118980582
27     9     5.42122074096
28     9     7.60633989099
29     9     10
30     9     7.60633989099
31     9     5.42122074096
32     9     3.60118980582
33     9     2.21834856166
34     9     1.26155830422
35     9     0.659154227078
36     9     0.31506764044
37     9     0.137039768333
38     9     0.0539774987737
39     9     0.0191273773544
40     9     0.00605938606668
41     9     0.00170116994923
42     9     0.00041934167939
43     9     8.96304936759e-05
44     9     1.63613412951e-05
45     9     2.49960976362e-06
46     9     3.10915311275e-07
47     9     3.03134584101e-08
48     9     2.25327312364e-09
49     9     2.0008883439e-10
50     9     1.02318153949e-10
51     9     1.00044417195e-10
52     9     1.00044417195e-10
53     9     1.00044417195e-10
54     9     1.00044417195e-10
55     9     1.00044417195e-10
56     9     1.00044417195e-10
57     9     1.00044417195e-10
58     9     5.45696821064e-11
59     9     0

0     10     0
1     10     1.11640474643e-09
2     10     1.72121872311e-09
3     10     2.15322870645e-09
4     10     2.15322870645e-09
5     10     2.15322870645e-09
6     10     2.15322870645e-09
7     10     2.15322870645e-09
8     10     2.1555024432e-09
9     10     2.25327312364e-09
10     10     4.30645741289e-09
11     10     3.23666426993e-08
12     10     3.12968495564e-07
13     10     2.50166294791e-06
14     10     1.63633944794e-05
15     10     8.96325468602e-05
16     10     0.000419343732574
17     10     0.00170155389924
18     10     0.00606064837939
19     10     0.0191380081992
20     10     0.0540049712686
21     10     0.137152524301
22     10     0.315296144843
23     10     0.659743320709
24     10     1.26247585418
25     10     2.21992908123
26     10     3.60295455863
27     10     5.42309213237
28     10     7.60741538988
29     10     10
30     10     7.60741538988
31     10     5.42309213237
32     10     3.60295455863
33     10     2.21992908123
34     10     1.26247585418
35     10     0.659743320709
36     10     0.315296144843
37     10     0.137152524301
38     10     0.0540049712686
39     10     0.0191380081992
40     10     0.00606064837939
41     10     0.00170155389924
42     10     0.000419343732574
43     10     8.96325468602e-05
44     10     1.63633944794e-05
45     10     2.50166294791e-06
46     10     3.12968495564e-07
47     10     3.23666426993e-08
48     10     4.30645741289e-09
49     10     2.25327312364e-09
50     10     2.1555024432e-09
51     10     2.15322870645e-09
52     10     2.15322870645e-09
53     10     2.15322870645e-09
54     10     2.15322870645e-09
55     10     2.15322870645e-09
56     10     2.15322870645e-09
57     10     1.72121872311e-09
58     10     1.11640474643e-09
59     10     0

0     11     0
1     11     1.26692611957e-08
2     11     2.34740582528e-08
3     11     2.76213540928e-08
4     11     3.02134139929e-08
5     11     3.02134139929e-08
6     11     3.02134139929e-08
7     11     3.02134139929e-08
8     11     3.02156877297e-08
9     11     3.03134584101e-08
10     11     3.23666426993e-08
11     11     6.04268279858e-08
12     11     3.4102868085e-07
13     11     2.52972313319e-06
14     11     1.63914546647e-05
15     11     8.96606070455e-05
16     11     0.000419371792759
17     11     0.00170158195942
18     11     0.00606109652608
19     11     0.0191392583292
20     11     0.0540144964998
21     11     0.137174107422
22     11     0.315376684912
23     11     0.659884733141
24     11     1.26280040422
25     11     2.2203533516
26     11     3.60357376746
27     11     5.42361913813
28     11     7.60778844902
29     11     10
30     11     7.60778844902
31     11     5.42361913813
32     11     3.60357376746
33     11     2.2203533516
34     11     1.26280040422
35     11     0.659884733141
36     11     0.315376684912
37     11     0.137174107422
38     11     0.0540144964998
39     11     0.0191392583292
40     11     0.00606109652608
41     11     0.00170158195942
42     11     0.000419371792759
43     11     8.96606070455e-05
44     11     1.63914546647e-05
45     11     2.52972313319e-06
46     11     3.4102868085e-07
47     11     6.04268279858e-08
48     11     3.23666426993e-08
49     11     3.03134584101e-08
50     11     3.02156877297e-08
51     11     3.02134139929e-08
52     11     3.02134139929e-08
53     11     3.02134139929e-08
54     11     3.02134139929e-08
55     11     3.02134139929e-08
56     11     2.76213540928e-08
57     11     2.34740582528e-08
58     11     1.26692611957e-08
59     11     0

0     12     0
1     12     1.25355654745e-07
2     12     2.14181454794e-07
3     12     2.79969754047e-07
4     12     2.99799012282e-07
5     12     3.10815266857e-07
6     12     3.10815266857e-07
7     12     3.10815266857e-07
8     12     3.10817540594e-07
9     12     3.10915311275e-07
10     12     3.12968495564e-07
11     12     3.4102868085e-07
12     12     6.21630533715e-07
13     12     2.81032498606e-06
14     12     1.66720565176e-05
15     12     8.99412088984e-05
16     12     0.000419652394612
17     12     0.00170186256128
18     12     0.00606137712793
19     12     0.0191399208279
20     12     0.0540157509386
21     12     0.137181350606
22     12     0.315390700425
23     12     0.659931446557
24     12     1.26287007363
25     12     2.22049337141
26     12     3.60372157843
27     12     5.42379196366
28     12     7.60788134115
29     12     10
30     12     7.60788134115
31     12     5.42379196366
32     12     3.60372157843
33     12     2.22049337141
34     12     1.26287007363
35     12     0.659931446557
36     12     0.315390700425
37     12     0.137181350606
38     12     0.0540157509386
39     12     0.0191399208279
40     12     0.00606137712793
41     12     0.00170186256128
42     12     0.000419652394612
43     12     8.99412088984e-05
44     12     1.66720565176e-05
45     12     2.81032498606e-06
46     12     6.21630533715e-07
47     12     3.4102868085e-07
48     12     3.12968495564e-07
49     12     3.10915311275e-07
50     12     3.10817540594e-07
51     12     3.10815266857e-07
52     12     3.10815266857e-07
53     12     3.10815266857e-07
54     12     3.10815266857e-07
55     12     2.99799012282e-07
56     12     2.79969754047e-07
57     12     2.14181454794e-07
58     12     1.25355654745e-07
59     12     0

0     13     0
1     13     8.99599399418e-07
2     13     1.67798134498e-06
3     13     2.11108272197e-06
4     13     2.39375367528e-06
5     13     2.46425770456e-06
6     13     2.4995097192e-06
7     13     2.4995097192e-06
8     13     2.49951199294e-06
9     13     2.49960976362e-06
10     13     2.50166294791e-06
11     13     2.52972313319e-06
12     13     2.81032498606e-06
13     13     4.9990194384e-06
14     13     1.88607509699e-05
15     13     9.21299033507e-05
16     13     0.000421841089064
17     13     0.00170405125573
18     13     0.00606356582239
19     13     0.0191421095224
20     13     0.0540182260556
21     13     0.137184173836
22     13     0.315397050017
23     13     0.659940664009
24     13     1.26289353916
25     13     2.22052184968
26     13     3.60376882844
27     13     5.42382945517
28     13     7.60791058542
29     13     10
30     13     7.60791058542
31     13     5.42382945517
32     13     3.60376882844
33     13     2.22052184968
34     13     1.26289353916
35     13     0.659940664009
36     13     0.315397050017
37     13     0.137184173836
38     13     0.0540182260556
39     13     0.0191421095224
40     13     0.00606356582239
41     13     0.00170405125573
42     13     0.000421841089064
43     13     9.21299033507e-05
44     13     1.88607509699e-05
45     13     4.9990194384e-06
46     13     2.81032498606e-06
47     13     2.52972313319e-06
48     13     2.50166294791e-06
49     13     2.49960976362e-06
50     13     2.49951199294e-06
51     13     2.4995097192e-06
52     13     2.4995097192e-06
53     13     2.4995097192e-06
54     13     2.46425770456e-06
55     13     2.39375367528e-06
56     13     2.11108272197e-06
57     13     1.67798134498e-06
58     13     8.99599399418e-07
59     13     0

0     14     0
1     14     5.71680175199e-06
2     14     1.02030435301e-05
3     14     1.36028484121e-05
4     14     1.51681228999e-05
5     14     1.60792251336e-05
6     14     1.62731112141e-05
7     14     1.63612412507e-05
8     14     1.63612435244e-05
9     14     1.63613412951e-05
10     14     1.63633944794e-05
11     14     1.63914546647e-05
12     14     1.66720565176e-05
13     14     1.88607509699e-05
14     14     3.27224825014e-05
15     14     0.000105991634882
16     14     0.000435702820596
17     14     0.00171791298726
18     14     0.00607742755392
19     14     0.0191559712539
20     14     0.0540320877872
21     14     0.137198211828
22     14     0.315411246643
23     14     0.659956406157
24     14     1.26290994503
25     14     2.2205420168
26     14     3.60378760181
27     14     5.42384803548
28     14     7.60792034777
29     14     10
30     14     7.60792034777
31     14     5.42384803548
32     14     3.60378760181
33     14     2.2205420168
34     14     1.26290994503
35     14     0.659956406157
36     14     0.315411246643
37     14     0.137198211828
38     14     0.0540320877872
39     14     0.0191559712539
40     14     0.00607742755392
41     14     0.00171791298726
42     14     0.000435702820596
43     14     0.000105991634882
44     14     3.27224825014e-05
45     14     1.88607509699e-05
46     14     1.66720565176e-05
47     14     1.63914546647e-05
48     14     1.63633944794e-05
49     14     1.63613412951e-05
50     14     1.63612435244e-05
51     14     1.63612412507e-05
52     14     1.63612412507e-05
53     14     1.62731112141e-05
54     14     1.60792251336e-05
55     14     1.51681228999e-05
56     14     1.36028484121e-05
57     14     1.02030435301e-05
58     14     5.71680175199e-06
59     14     0

0     15     0
1     15     2.92285676551e-05
2     15     5.47425497643e-05
3     15     7.12877135811e-05
4     15     8.23857953947e-05
5     15     8.67452945386e-05
6     15     8.90311093826e-05
7     15     8.94541335583e-05
8     15     8.96303959053e-05
9     15     8.96304936759e-05
10     15     8.96325468602e-05
11     15     8.96606070455e-05
12     15     8.99412088984e-05
13     15     9.21299033507e-05
14     15     0.000105991634882
15     15     0.000179260787263
16     15     0.000508971972977
17     15     0.00179118213964
18     15     0.0061506967063
19     15     0.0192292404063
20     15     0.0541053569395
21     15     0.13727148098
22     15     0.315484339535
23     15     0.660029164155
24     15     1.2629806111
25     15     2.22060923447
26     15     3.60384528668
27     15     5.42389257499
28     15     7.60794385953
29     15     10
30     15     7.60794385953
31     15     5.42389257499
32     15     3.60384528668
33     15     2.22060923447
34     15     1.2629806111
35     15     0.660029164155
36     15     0.315484339535
37     15     0.13727148098
38     15     0.0541053569395
39     15     0.0192292404063
40     15     0.0061506967063
41     15     0.00179118213964
42     15     0.000508971972977
43     15     0.000179260787263
44     15     0.000105991634882
45     15     9.21299033507e-05
46     15     8.99412088984e-05
47     15     8.96606070455e-05
48     15     8.96325468602e-05
49     15     8.96304936759e-05
50     15     8.96303959053e-05
51     15     8.96303936315e-05
52     15     8.94541335583e-05
53     15     8.90311093826e-05
54     15     8.67452945386e-05
55     15     8.23857953947e-05
56     15     7.12877135811e-05
57     15     5.47425497643e-05
58     15     2.92285676551e-05
59     15     0

0     16     0
1     16     0.000133878668294
2     16     0.000244353675498
3     16     0.000329201513978
4     16     0.000376062500891
5     16     0.000404144095683
6     16     0.000413739755913
7     16     0.000418310457917
8     16     0.000419055159
9     16     0.00041934167939
10     16     0.000419343732574
11     16     0.000419371792759
12     16     0.000419652394612
13     16     0.000421841089064
14     16     0.000435702820596
15     16     0.000508971972977
16     16     0.00083868315869
17     16     0.00212089332535
18     16     0.00648040789201
19     16     0.019558951592
20     16     0.0544350681253
21     16     0.137600729483
22     16     0.315812860965
23     16     0.660351904255
24     16     1.263295219
25     16     2.22089551842
26     16     3.60409591887
27     16     5.42407213086
28     16     7.60804356449
29     16     10
30     16     7.60804356449
31     16     5.42407213086
32     16     3.60409591887
33     16     2.22089551842
34     16     1.263295219
35     16     0.660351904255
36     16     0.315812860965
37     16     0.137600729483
38     16     0.0544350681253
39     16     0.019558951592
40     16     0.00648040789201
41     16     0.00212089332535
42     16     0.00083868315869
43     16     0.000508971972977
44     16     0.000435702820596
45     16     0.000421841089064
46     16     0.000419652394612
47     16     0.000419371792759
48     16     0.000419343732574
49     16     0.00041934167939
50     16     0.000419341581619
51     16     0.000419055156726
52     16     0.000418310457917
53     16     0.000413739755913
54     16     0.000404144095683
55     16     0.000376062500891
56     16     0.000329201513978
57     16     0.000244353675498
58     16     0.000133878668294
59     16     0

0     17     0
1     17     0.000520748963027
2     17     0.000977225035967
3     17     0.00129711702357
4     17     0.00151491524775
5     17     0.00161935638062
6     17     0.00167573180988
7     17     0.00169270318111
8     17     0.00170010054035
9     17     0.00170116994923
10     17     0.00170155389924
11     17     0.00170158195942
12     17     0.00170186256128
13     17     0.00170405125573
14     17     0.00171791298726
15     17     0.00179118213964
16     17     0.00212089332535
17     17     0.00340310349202
18     17     0.00776261805868
19     17     0.0208411617587
20     17     0.0557166099725
21     17     0.138881140329
22     17     0.317083092791
23     17     0.661606867552
24     17     1.26448911919
25     17     2.22200798686
26     17     3.60501841548
27     17     5.42476897452
28     17     7.60840196476
29     17     10
30     17     7.60840196476
31     17     5.42476897452
32     17     3.60501841548
33     17     2.22200798686
34     17     1.26448911919
35     17     0.661606867552
36     17     0.317083092791
37     17     0.138881140329
38     17     0.0557166099725
39     17     0.0208411617587
40     17     0.00776261805868
41     17     0.00340310349202
42     17     0.00212089332535
43     17     0.00179118213964
44     17     0.00171791298726
45     17     0.00170405125573
46     17     0.00170186256128
47     17     0.00170158195942
48     17     0.00170155389924
49     17     0.00170155184605
50     17     0.00170116985146
51     17     0.00170010053807
52     17     0.00169270318111
53     17     0.00167573180988
54     17     0.00161935638062
55     17     0.00151491524775
56     17     0.00129711702357
57     17     0.000977225035967
58     17     0.000520748963027
59     17     0

0     18     0
1     18     0.00183195939599
2     18     0.00338365250855
3     18     0.00458100310198
4     18     0.00530673050662
5     18     0.0057479684051
6     18     0.0059340731309
7     18     0.00602522630061
8     18     0.00604960237524
9     18     0.00605938606668
10     18     0.00606064837939
11     18     0.00606109652608
12     18     0.00606137712793
13     18     0.00606356582239
14     18     0.00607742755392
15     18     0.0061506967063
16     18     0.00648040789201
17     18     0.00776261805868
18     18     0.0121221326253
19     18     0.025199874342
20     18     0.060073852253
21     18     0.143223679581
22     18     0.321401880999
23     18     0.665818776058
24     18     1.26854834241
25     18     2.2256600519
26     18     3.60815474294
27     18     5.42700276716
28     18     7.60962039575
29     18     10
30     18     7.60962039575
31     18     5.42700276716
32     18     3.60815474294
33     18     2.2256600519
34     18     1.26854834241
35     18     0.665818776058
36     18     0.321401880999
37     18     0.143223679581
38     18     0.060073852253
39     18     0.025199874342
40     18     0.0121221326253
41     18     0.00776261805868
42     18     0.00648040789201
43     18     0.0061506967063
44     18     0.00607742755392
45     18     0.00606356582239
46     18     0.00606137712793
47     18     0.00606109652608
48     18     0.0060610684659
49     18     0.0060606463262
50     18     0.00605938596891
51     18     0.00604960237297
52     18     0.00602522630061
53     18     0.0059340731309
54     18     0.0057479684051
55     18     0.00530673050662
56     18     0.00458100310198
57     18     0.00338365250855
58     18     0.00183195939599
59     18     0

0     19     0
1     19     0.00565722188185
2     19     0.0106119940392
3     19     0.0142223605872
4     19     0.0166871601687
5     19     0.0179956845568
6     19     0.0187111830201
7     19     0.0189789742763
8     19     0.0190987751944
9     19     0.0191273773544
10     19     0.0191380081992
11     19     0.0191392583292
12     19     0.0191399208279
13     19     0.0191421095224
14     19     0.0191559712539
15     19     0.0192292404063
16     19     0.019558951592
17     19     0.0208411617587
18     19     0.025199874342
19     19     0.038276012092
20     19     0.0731323463697
21     19     0.15625129734
22     19     0.334275116966
23     19     0.678454501576
24     19     1.28047153658
25     19     2.23661623924
26     19     3.61717691707
27     19     5.43370412469
28     19     7.61307261064
29     19     10
30     19     7.61307261064
31     19     5.43370412469
32     19     3.61717691707
33     19     2.23661623924
34     19     1.28047153658
35     19     0.678454501576
36     19     0.334275116966
37     19     0.15625129734
38     19     0.0731323463697
39     19     0.038276012092
40     19     0.025199874342
41     19     0.0208411617587
42     19     0.019558951592
43     19     0.0192292404063
44     19     0.0191559712539
45     19     0.0191421095224
46     19     0.0191399208279
47     19     0.0191396402261
48     19     0.019139230269
49     19     0.019138006146
50     19     0.0191273772566
51     19     0.0190987751921
52     19     0.0189789742763
53     19     0.0187111830201
54     19     0.0179956845568
55     19     0.0166871601687
56     19     0.0142223605872
57     19     0.0106119940392
58     19     0.00565722188185
59     19     0

0     20     0
1     20     0.0159386247105
2     20     0.0295800645654
3     20     0.0400462411926
4     20     0.0466783382444
5     20     0.0507084169203
6     20     0.0525996918986
7     20     0.0535361058701
8     20     0.0538489219366
9     20     0.0539774987737
10     20     0.0540049712686
11     20     0.0540144964998
12     20     0.0540157509386
13     20     0.0540182260556
14     20     0.0540320877872
15     20     0.0541053569395
16     20     0.0544350681253
17     20     0.0557166099725
18     20     0.060073852253
19     20     0.0731323463697
20     20     0.107954997347
21     20     0.190888690167
22     20     0.36860374621
23     20     0.711753918877
24     20     1.31226672104
25     20     2.26502689981
26     20     3.64123604691
27     20     5.45080080543
28     20     7.62227851564
29     20     10
30     20     7.62227851564
31     20     5.45080080543
32     20     3.64123604691
33     20     2.26502689981
34     20     1.31226672104
35     20     0.711753918877
36     20     0.36860374621
37     20     0.190888690167
38     20     0.107954997347
39     20     0.0731323463697
40     20     0.060073852253
41     20     0.0557166099725
42     20     0.0544350681253
43     20     0.0541053569395
44     20     0.0540320877872
45     20     0.0540182260556
46     20     0.0540160373612
47     20     0.0540154703367
48     20     0.0540144684396
49     20     0.0540049692154
50     20     0.053977498676
51     20     0.0538489219343
52     20     0.0535361058701
53     20     0.0525996918986
54     20     0.0507084169203
55     20     0.0466783382444
56     20     0.0400462411926
57     20     0.0295800645654
58     20     0.0159386247105
59     20     0

0     21     0
1     21     0.0403533759527
2     21     0.0753957254346
3     21     0.101209283785
4     21     0.118609372403
5     21     0.128282314581
6     21     0.133549947277
7     21     0.135750011614
8     21     0.136742774996
9     21     0.137039768333
10     21     0.137152524301
11     21     0.137174107422
12     21     0.137181350606
13     21     0.137184173836
14     21     0.137198211828
15     21     0.13727148098
16     21     0.137600729483
17     21     0.138881140329
18     21     0.143223679581
19     21     0.15625129734
20     21     0.190888690167
21     21     0.273485549988
22     21     0.449965551697
23     21     0.79116022167
24     21     1.3867842671
25     21     2.33277539808
26     21     3.69680025917
27     21     5.49156981324
28     21     7.64332058419
29     21     10
30     21     7.64332058419
31     21     5.49156981324
32     21     3.69680025917
33     21     2.33277539808
34     21     1.3867842671
35     21     0.79116022167
36     21     0.449965551697
37     21     0.273485549988
38     21     0.190888690167
39     21     0.15625129734
40     21     0.143223679581
41     21     0.138881140329
42     21     0.137600729483
43     21     0.13727148098
44     21     0.137198211828
45     21     0.137184350097
46     21     0.137181985142
47     21     0.137181070004
48     21     0.137174079362
49     21     0.137152522248
50     21     0.137039768235
51     21     0.136742774994
52     21     0.135750011614
53     21     0.133549947277
54     21     0.128282314581
55     21     0.118609372403
56     21     0.101209283785
57     21     0.0753957254346
58     21     0.0403533759527
59     21     0

0     22     0
1     22     0.0941272320051
2     22     0.174215195038
3     22     0.234287752974
4     22     0.272599986324
5     22     0.295424431506
6     22     0.306641686184
7     22     0.312156138871
8     22     0.314215540086
9     22     0.31506764044
10     22     0.315296144843
11     22     0.315376684912
12     22     0.315390700425
13     22     0.315397050017
14     22     0.315411246643
15     22     0.315484339535
16     22     0.315812860965
17     22     0.317083092791
18     22     0.321401880999
19     22     0.334275116966
20     22     0.36860374621
21     22     0.449965551697
22     22     0.624312277741
23     22     0.959640439632
24     22     1.54646472294
25     22     2.47485632968
26     22     3.81586642829
27     22     5.57611383865
28     22     7.68841073108
29     22     10
30     22     7.68841073108
31     22     5.57611383865
32     22     3.81586642829
33     22     2.47485632968
34     22     1.54646472294
35     22     0.959640439632
36     22     0.624312277741
37     22     0.449965551697
38     22     0.36860374621
39     22     0.334275116966
40     22     0.321401880999
41     22     0.317083092791
42     22     0.315812860965
43     22     0.315484339535
44     22     0.315411334773
45     22     0.315397384911
46     22     0.315394861323
47     22     0.315390419823
48     22     0.315376656852
49     22     0.31529614279
50     22     0.315067640342
51     22     0.314215540084
52     22     0.312156138871
53     22     0.306641686184
54     22     0.295424431506
55     22     0.272599986324
56     22     0.234287752974
57     22     0.174215195038
58     22     0.0941272320051
59     22     0

0     23     0
1     23     0.201394235555
2     23     0.371957826792
3     23     0.494884860018
4     23     0.574687257904
5     23     0.619102275396
6     23     0.642684430513
7     23     0.652998753449
8     23     0.657610274395
9     23     0.659154227078
10     23     0.659743320709
11     23     0.659884733141
12     23     0.659931446557
13     23     0.659940664009
14     23     0.659956406157
15     23     0.660029164155
16     23     0.660351904255
17     23     0.661606867552
18     23     0.665818776058
19     23     0.678454501576
20     23     0.711753918877
21     23     0.79116022167
22     23     0.959640439632
23     23     1.28536886103
24     23     1.85107371524
25     23     2.74954613076
26     23     4.04069091069
27     23     5.73956562112
28     23     7.77295475649
29     23     10
30     23     7.77295475649
31     23     5.73956562112
32     23     4.04069091069
33     23     2.74954613076
34     23     1.85107371524
35     23     1.28536886103
36     23     0.959640439632
37     23     0.79116022167
38     23     0.711753918877
39     23     0.678454501576
40     23     0.665818776058
41     23     0.661606867552
42     23     0.660351904255
43     23     0.660029199407
44     23     0.659956547165
45     23     0.659942667808
46     23     0.659938475314
47     23     0.659931165956
48     23     0.65988470508
49     23     0.659743318656
50     23     0.65915422698
51     23     0.657610274393
52     23     0.652998753449
53     23     0.642684430513
54     23     0.619102275396
55     23     0.574687257904
56     23     0.494884860018
57     23     0.371957826792
58     23     0.201394235555
59     23     0

0     24     0
1     24     0.402899902483
2     24     0.733350206983
3     24     0.967224964197
4     24     1.11069946289
5     24     1.19206972588
6     24     1.23197143985
7     24     1.25104029144
8     24     1.25850195252
9     24     1.26155830422
10     24     1.26247585418
11     24     1.26280040422
12     24     1.26287007363
13     24     1.26289353916
14     24     1.26290994503
15     24     1.2629806111
16     24     1.263295219
17     24     1.26448911919
18     24     1.26854834241
19     24     1.28047153658
20     24     1.31226672104
21     24     1.3867842671
22     24     1.54646472294
23     24     1.85107371524
24     24     2.38413945177
25     24     3.22277348486
26     24     4.43413375488
27     24     6.01903059401
28     24     7.92090680096
29     24     10
30     24     7.92090680096
31     24     6.01903059401
32     24     4.43413375488
33     24     3.22277348486
34     24     2.38413945177
35     24     1.85107371524
36     24     1.54646472294
37     24     1.3867842671
38     24     1.31226672104
39     24     1.28047153658
40     24     1.26854834241
41     24     1.26448911919
42     24     1.26329523001
43     24     1.26298065736
44     24     1.26291070851
45     24     1.26289637633
46     24     1.26289139673
47     24     1.26286979303
48     24     1.26280037616
49     24     1.26247585213
50     24     1.26155830412
51     24     1.25850195252
52     24     1.25104029144
53     24     1.23197143985
54     24     1.19206972588
55     24     1.11069946289
56     24     0.967224964197
57     24     0.733350206983
58     24     0.402899902483
59     24     0

0     25     0
1     25     0.759050747656
2     25     1.35570929498
3     25     1.75134542307
4     25     1.98718493539
5     25     2.11207402197
6     25     2.17485887286
7     25     2.20225634335
8     25     2.21416602568
9     25     2.21834856166
10     25     2.21992908123
11     25     2.2203533516
12     25     2.22049337141
13     25     2.22052184968
14     25     2.2205420168
15     25     2.22060923447
16     25     2.22089551842
17     25     2.22200798686
18     25     2.2256600519
19     25     2.23661623924
20     25     2.26502689981
21     25     2.33277539808
22     25     2.47485632968
23     25     2.74954613076
24     25     3.22277348486
25     25     3.97436987078
26     25     5.04895669524
27     25     6.46288672742
28     25     8.1510544257
29     25     10
30     25     8.1510544257
31     25     6.46288672742
32     25     5.04895669524
33     25     3.97436987078
34     25     3.22277348486
35     25     2.74954613076
36     25     2.47485632968
37     25     2.33277539808
38     25     2.26502689981
39     25     2.23661623924
40     25     2.2256600519
41     25     2.22200798945
42     25     2.22089552983
43     25     2.22060945805
44     25     2.22054289454
45     25     2.220529466
46     25     2.22051976713
47     25     2.22049310441
48     25     2.22035332354
49     25     2.21992907917
50     25     2.21834856157
51     25     2.21416602568
52     25     2.20225634335
53     25     2.17485887286
54     25     2.11207402197
55     25     1.98718493539
56     25     1.75134542307
57     25     1.35570929498
58     25     0.759050747656
59     25     0

0     26     0
1     26     1.37988162637
2     26     2.36686203892
3     26     2.96851713788
4     26     3.29761127216
5     26     3.46690879068
6     26     3.54580605067
7     26     3.58157867532
8     26     3.59559097539
9     26     3.60118980582
10     26     3.60295455863
11     26     3.60357376746
12     26     3.60372157843
13     26     3.60376882844
14     26     3.60378760181
15     26     3.60384528668
16     26     3.60409591887
17     26     3.60501841548
18     26     3.60815474294
19     26     3.61717691707
20     26     3.64123604691
21     26     3.69680025917
22     26     3.81586642829
23     26     4.04069091069
24     26     4.43413375488
25     26     5.04895669524
26     26     5.93703427576
27     26     7.09451409753
28     26     8.48348988365
29     26     10
30     26     8.48348988365
31     26     7.09451409753
32     26     5.93703427576
33     26     5.04895669524
34     26     4.43413375488
35     26     4.04069091069
36     26     3.81586642829
37     26     3.69680025917
38     26     3.64123604691
39     26     3.61717691707
40     26     3.60815474338
41     26     3.60501841747
42     26     3.60409596681
43     26     3.60384548506
44     26     3.60378963472
45     26     3.60377630843
46     26     3.60376704527
47     26     3.60372132807
48     26     3.60357374243
49     26     3.60295455658
50     26     3.60118980572
51     26     3.59559097539
52     26     3.58157867532
53     26     3.54580605067
54     26     3.46690879068
55     26     3.29761127216
56     26     2.96851713788
57     26     2.36686203892
58     26     1.37988162637
59     26     0

0     27     0
1     27     2.4933443563
2     27     3.9628013712
3     27     4.72765205861
4     27     5.10717743244
5     27     5.28568038702
6     27     5.36760779432
7     27     5.40189864361
8     27     5.41617408781
9     27     5.42122074096
10     27     5.42309213237
11     27     5.42361913813
12     27     5.42379196366
13     27     5.42382945517
14     27     5.42384803548
15     27     5.42389257499
16     27     5.42407213086
17     27     5.42476897452
18     27     5.42700276716
19     27     5.43370412469
20     27     5.45080080543
21     27     5.49156981324
22     27     5.57611383865
23     27     5.73956562112
24     27     6.01903059401
25     27     6.46288672742
26     27     7.09451409753
27     27     7.9256027424
28     27     8.91565597898
29     27     10
30     27     8.91565597898
31     27     7.9256027424
32     27     7.09451409753
33     27     6.46288672742
34     27     6.01903059401
35     27     5.73956562112
36     27     5.57611383865
37     27     5.49156981324
38     27     5.45080080543
39     27     5.43370412473
40     27     5.42700276738
41     27     5.42476898139
42     27     5.42407216077
43     27     5.42389295018
44     27     5.42384949712
45     27     5.42383988562
46     27     5.42382802128
47     27     5.42379177983
48     27     5.42361911659
49     27     5.4230921308
50     27     5.42122074087
51     27     5.4161740878
52     27     5.40189864361
53     27     5.36760779432
54     27     5.28568038702
55     27     5.10717743244
56     27     4.72765205861
57     27     3.9628013712
58     27     2.4933443563
59     27     0

0     28     0
1     28     4.71712764669
2     28     6.42231162268
3     28     7.10360825728
4     28     7.39200367804
5     28     7.51800689848
6     28     7.57156052094
7     28     7.59428349907
8     28     7.60296720824
9     28     7.60633989099
10     28     7.60741538988
11     28     7.60778844902
12     28     7.60788134115
13     28     7.60791058542
14     28     7.60792034777
15     28     7.60794385953
16     28     7.60804356449
17     28     7.60840196476
18     28     7.60962039575
19     28     7.61307261064
20     28     7.62227851564
21     28     7.64332058419
22     28     7.68841073108
23     28     7.77295475649
24     28     7.92090680096
25     28     8.1510544257
26     28     8.48348988365
27     28     8.91565597898
28     28     9.43425529338
29     28     10
30     28     9.43425529338
31     28     8.91565597898
32     28     8.48348988365
33     28     8.1510544257
34     28     7.92090680096
35     28     7.77295475649
36     28     7.68841073108
37     28     7.64332058419
38     28     7.62227851565
39     28     7.61307261065
40     28     7.60962039627
41     28     7.60840196715
42     28     7.60804360341
43     28     7.60794401967
44     28     7.60792173846
45     28     7.6079156907
46     28     7.60790985009
47     28     7.60788123085
48     28     7.60778843799
49     28     7.60741538883
50     28     7.60633989094
51     28     7.60296720824
52     28     7.59428349907
53     28     7.57156052094
54     28     7.51800689848
55     28     7.39200367804
56     28     7.10360825728
57     28     6.42231162268
58     28     4.71712764669
59     28     0

0     29     0
1     29     10
2     29     10
3     29     10
4     29     10
5     29     10
6     29     10
7     29     10
8     29     10
9     29     10
10     29     10
11     29     10
12     29     10
13     29     10
14     29     10
15     29     10
16     29     10
17     29     10
18     29     10
19     29     10
20     29     10
21     29     10
22     29     10
23     29     10
24     29     10
25     29     10
26     29     10
27     29     10
28     29     10
29     29     10
30     29     10
31     29     10
32     29     10
33     29     10
34     29     10
35     29     10
36     29     10
37     29     10
38     29     10
39     29     10
40     29     10
41     29     10
42     29     10
43     29     10
44     29     10
45     29     10
46     29     10
47     29     10
48     29     10
49     29     10
50     29     10
51     29     10
52     29     10
53     29     10
54     29     10
55     29     10
56     29     10
57     29     10
58     29     10
59     29     0

0     30     0
1     30     4.71712764669
2     30     6.42231162268
3     30     7.10360825728
4     30     7.39200367804
5     30     7.51800689848
6     30     7.57156052094
7     30     7.59428349907
8     30     7.60296720824
9     30     7.60633989099
10     30     7.60741538988
11     30     7.60778844902
12     30     7.60788134115
13     30     7.60791058542
14     30     7.60792034777
15     30     7.60794385953
16     30     7.60804356449
17     30     7.60840196476
18     30     7.60962039575
19     30     7.61307261064
20     30     7.62227851564
21     30     7.64332058419
22     30     7.68841073108
23     30     7.77295475649
24     30     7.92090680096
25     30     8.1510544257
26     30     8.48348988365
27     30     8.91565597898
28     30     9.43425529338
29     30     10
30     30     9.43425529338
31     30     8.91565597898
32     30     8.48348988365
33     30     8.1510544257
34     30     7.92090680096
35     30     7.77295475649
36     30     7.68841073108
37     30     7.64332058419
38     30     7.62227851565
39     30     7.61307261065
40     30     7.60962039627
41     30     7.60840196715
42     30     7.60804360341
43     30     7.60794401967
44     30     7.60792173846
45     30     7.6079156907
46     30     7.60790985009
47     30     7.60788123085
48     30     7.60778843799
49     30     7.60741538883
50     30     7.60633989094
51     30     7.60296720824
52     30     7.59428349907
53     30     7.57156052094
54     30     7.51800689848
55     30     7.39200367804
56     30     7.10360825728
57     30     6.42231162268
58     30     4.71712764669
59     30     0

0     31     0
1     31     2.4933443563
2     31     3.9628013712
3     31     4.72765205861
4     31     5.10717743244
5     31     5.28568038702
6     31     5.36760779432
7     31     5.40189864361
8     31     5.41617408781
9     31     5.42122074096
10     31     5.42309213237
11     31     5.42361913813
12     31     5.42379196366
13     31     5.42382945517
14     31     5.42384803548
15     31     5.42389257499
16     31     5.42407213086
17     31     5.42476897452
18     31     5.42700276716
19     31     5.43370412469
20     31     5.45080080543
21     31     5.49156981324
22     31     5.57611383865
23     31     5.73956562112
24     31     6.01903059401
25     31     6.46288672742
26     31     7.09451409753
27     31     7.9256027424
28     31     8.91565597898
29     31     10
30     31     8.91565597898
31     31     7.9256027424
32     31     7.09451409753
33     31     6.46288672742
34     31     6.01903059401
35     31     5.73956562112
36     31     5.57611383865
37     31     5.49156981324
38     31     5.45080080543
39     31     5.43370412473
40     31     5.42700276738
41     31     5.42476898139
42     31     5.42407216077
43     31     5.42389295018
44     31     5.42384949712
45     31     5.42383988562
46     31     5.42382802128
47     31     5.42379177983
48     31     5.42361911659
49     31     5.4230921308
50     31     5.42122074087
51     31     5.4161740878
52     31     5.40189864361
53     31     5.36760779432
54     31     5.28568038702
55     31     5.10717743244
56     31     4.72765205861
57     31     3.9628013712
58     31     2.4933443563
59     31     0

0     32     0
1     32     1.37988162637
2     32     2.36686203892
3     32     2.96851713788
4     32     3.29761127216
5     32     3.46690879068
6     32     3.54580605067
7     32     3.58157867532
8     32     3.59559097539
9     32     3.60118980582
10     32     3.60295455863
11     32     3.60357376746
12     32     3.60372157843
13     32     3.60376882844
14     32     3.60378760181
15     32     3.60384528668
16     32     3.60409591887
17     32     3.60501841548
18     32     3.60815474294
19     32     3.61717691707
20     32     3.64123604691
21     32     3.69680025917
22     32     3.81586642829
23     32     4.04069091069
24     32     4.43413375488
25     32     5.04895669524
26     32     5.93703427576
27     32     7.09451409753
28     32     8.48348988365
29     32     10
30     32     8.48348988365
31     32     7.09451409753
32     32     5.93703427576
33     32     5.04895669524
34     32     4.43413375488
35     32     4.04069091069
36     32     3.81586642829
37     32     3.69680025917
38     32     3.64123604691
39     32     3.61717691707
40     32     3.60815474338
41     32     3.60501841747
42     32     3.60409596681
43     32     3.60384548506
44     32     3.60378963472
45     32     3.60377630843
46     32     3.60376704527
47     32     3.60372132807
48     32     3.60357374243
49     32     3.60295455658
50     32     3.60118980572
51     32     3.59559097539
52     32     3.58157867532
53     32     3.54580605067
54     32     3.46690879068
55     32     3.29761127216
56     32     2.96851713788
57     32     2.36686203892
58     32     1.37988162637
59     32     0

0     33     0
1     33     0.759050747656
2     33     1.35570929498
3     33     1.75134542307
4     33     1.98718493539
5     33     2.11207402197
6     33     2.17485887286
7     33     2.20225634335
8     33     2.21416602568
9     33     2.21834856166
10     33     2.21992908123
11     33     2.2203533516
12     33     2.22049337141
13     33     2.22052184968
14     33     2.2205420168
15     33     2.22060923447
16     33     2.22089551842
17     33     2.22200798686
18     33     2.2256600519
19     33     2.23661623924
20     33     2.26502689981
21     33     2.33277539808
22     33     2.47485632968
23     33     2.74954613076
24     33     3.22277348486
25     33     3.97436987078
26     33     5.04895669524
27     33     6.46288672742
28     33     8.1510544257
29     33     10
30     33     8.1510544257
31     33     6.46288672742
32     33     5.04895669524
33     33     3.97436987078
34     33     3.22277348486
35     33     2.74954613076
36     33     2.47485632968
37     33     2.33277539808
38     33     2.26502689981
39     33     2.23661623924
40     33     2.2256600519
41     33     2.22200798945
42     33     2.22089552983
43     33     2.22060945805
44     33     2.22054289454
45     33     2.220529466
46     33     2.22051976713
47     33     2.22049310441
48     33     2.22035332354
49     33     2.21992907917
50     33     2.21834856157
51     33     2.21416602568
52     33     2.20225634335
53     33     2.17485887286
54     33     2.11207402197
55     33     1.98718493539
56     33     1.75134542307
57     33     1.35570929498
58     33     0.759050747656
59     33     0

0     34     0
1     34     0.402899902483
2     34     0.733350206983
3     34     0.967224964197
4     34     1.11069946289
5     34     1.19206972588
6     34     1.23197143985
7     34     1.25104029144
8     34     1.25850195252
9     34     1.26155830422
10     34     1.26247585418
11     34     1.26280040422
12     34     1.26287007363
13     34     1.26289353916
14     34     1.26290994503
15     34     1.2629806111
16     34     1.263295219
17     34     1.26448911919
18     34     1.26854834241
19     34     1.28047153658
20     34     1.31226672104
21     34     1.3867842671
22     34     1.54646472294
23     34     1.85107371524
24     34     2.38413945177
25     34     3.22277348486
26     34     4.43413375488
27     34     6.01903059401
28     34     7.92090680096
29     34     10
30     34     7.92090680096
31     34     6.01903059401
32     34     4.43413375488
33     34     3.22277348486
34     34     2.38413945177
35     34     1.85107371524
36     34     1.54646472294
37     34     1.3867842671
38     34     1.31226672104
39     34     1.28047153658
40     34     1.26854834241
41     34     1.26448911919
42     34     1.26329523001
43     34     1.26298065736
44     34     1.26291070851
45     34     1.26289637633
46     34     1.26289139673
47     34     1.26286979303
48     34     1.26280037616
49     34     1.26247585213
50     34     1.26155830412
51     34     1.25850195252
52     34     1.25104029144
53     34     1.23197143985
54     34     1.19206972588
55     34     1.11069946289
56     34     0.967224964197
57     34     0.733350206983
58     34     0.402899902483
59     34     0

0     35     0
1     35     0.201394235555
2     35     0.371957826792
3     35     0.494884860018
4     35     0.574687257904
5     35     0.619102275396
6     35     0.642684430513
7     35     0.652998753449
8     35     0.657610274395
9     35     0.659154227078
10     35     0.659743320709
11     35     0.659884733141
12     35     0.659931446557
13     35     0.659940664009
14     35     0.659956406157
15     35     0.660029164155
16     35     0.660351904255
17     35     0.661606867552
18     35     0.665818776058
19     35     0.678454501576
20     35     0.711753918877
21     35     0.79116022167
22     35     0.959640439632
23     35     1.28536886103
24     35     1.85107371524
25     35     2.74954613076
26     35     4.04069091069
27     35     5.73956562112
28     35     7.77295475649
29     35     10
30     35     7.77295475649
31     35     5.73956562112
32     35     4.04069091069
33     35     2.74954613076
34     35     1.85107371524
35     35     1.28536886103
36     35     0.959640439632
37     35     0.79116022167
38     35     0.711753918877
39     35     0.678454501576
40     35     0.665818776058
41     35     0.661606867552
42     35     0.660351904255
43     35     0.660029199407
44     35     0.659956547165
45     35     0.659942667808
46     35     0.659938475314
47     35     0.659931165956
48     35     0.65988470508
49     35     0.659743318656
50     35     0.65915422698
51     35     0.657610274393
52     35     0.652998753449
53     35     0.642684430513
54     35     0.619102275396
55     35     0.574687257904
56     35     0.494884860018
57     35     0.371957826792
58     35     0.201394235555
59     35     0

0     36     0
1     36     0.0941272320051
2     36     0.174215195038
3     36     0.234287752974
4     36     0.272599986324
5     36     0.295424431506
6     36     0.306641686184
7     36     0.312156138871
8     36     0.314215540086
9     36     0.31506764044
10     36     0.315296144843
11     36     0.315376684912
12     36     0.315390700425
13     36     0.315397050017
14     36     0.315411246643
15     36     0.315484339535
16     36     0.315812860965
17     36     0.317083092791
18     36     0.321401880999
19     36     0.334275116966
20     36     0.36860374621
21     36     0.449965551697
22     36     0.624312277741
23     36     0.959640439632
24     36     1.54646472294
25     36     2.47485632968
26     36     3.81586642829
27     36     5.57611383865
28     36     7.68841073108
29     36     10
30     36     7.68841073108
31     36     5.57611383865
32     36     3.81586642829
33     36     2.47485632968
34     36     1.54646472294
35     36     0.959640439632
36     36     0.624312277741
37     36     0.449965551697
38     36     0.36860374621
39     36     0.334275116966
40     36     0.321401880999
41     36     0.317083092791
42     36     0.315812860965
43     36     0.315484339535
44     36     0.315411334773
45     36     0.315397384911
46     36     0.315394861323
47     36     0.315390419823
48     36     0.315376656852
49     36     0.31529614279
50     36     0.315067640342
51     36     0.314215540084
52     36     0.312156138871
53     36     0.306641686184
54     36     0.295424431506
55     36     0.272599986324
56     36     0.234287752974
57     36     0.174215195038
58     36     0.0941272320051
59     36     0

0     37     0
1     37     0.0403533759527
2     37     0.0753957254346
3     37     0.101209283785
4     37     0.118609372403
5     37     0.128282314581
6     37     0.133549947277
7     37     0.135750011614
8     37     0.136742774996
9     37     0.137039768333
10     37     0.137152524301
11     37     0.137174107422
12     37     0.137181350606
13     37     0.137184173836
14     37     0.137198211828
15     37     0.13727148098
16     37     0.137600729483
17     37     0.138881140329
18     37     0.143223679581
19     37     0.15625129734
20     37     0.190888690167
21     37     0.273485549988
22     37     0.449965551697
23     37     0.79116022167
24     37     1.3867842671
25     37     2.33277539808
26     37     3.69680025917
27     37     5.49156981324
28     37     7.64332058419
29     37     10
30     37     7.64332058419
31     37     5.49156981324
32     37     3.69680025917
33     37     2.33277539808
34     37     1.3867842671
35     37     0.79116022167
36     37     0.449965551697
37     37     0.273485549988
38     37     0.190888690167
39     37     0.15625129734
40     37     0.143223679581
41     37     0.138881140329
42     37     0.137600729483
43     37     0.13727148098
44     37     0.137198211828
45     37     0.137184350097
46     37     0.137181985142
47     37     0.137181070004
48     37     0.137174079362
49     37     0.137152522248
50     37     0.137039768235
51     37     0.136742774994
52     37     0.135750011614
53     37     0.133549947277
54     37     0.128282314581
55     37     0.118609372403
56     37     0.101209283785
57     37     0.0753957254346
58     37     0.0403533759527
59     37     0

0     38     0
1     38     0.0159386247105
2     38     0.0295800645654
3     38     0.0400462411926
4     38     0.0466783382444
5     38     0.0507084169203
6     38     0.0525996918986
7     38     0.0535361058701
8     38     0.0538489219366
9     38     0.0539774987737
10     38     0.0540049712686
11     38     0.0540144964998
12     38     0.0540157509386
13     38     0.0540182260556
14     38     0.0540320877872
15     38     0.0541053569395
16     38     0.0544350681253
17     38     0.0557166099725
18     38     0.060073852253
19     38     0.0731323463697
20     38     0.107954997347
21     38     0.190888690167
22     38     0.36860374621
23     38     0.711753918877
24     38     1.31226672104
25     38     2.26502689981
26     38     3.64123604691
27     38     5.45080080543
28     38     7.62227851565
29     38     10
30     38     7.62227851565
31     38     5.45080080543
32     38     3.64123604691
33     38     2.26502689981
34     38     1.31226672104
35     38     0.711753918877
36     38     0.36860374621
37     38     0.190888690167
38     38     0.107954997347
39     38     0.0731323463697
40     38     0.060073852253
41     38     0.0557166099725
42     38     0.0544350681253
43     38     0.0541053569395
44     38     0.0540320877872
45     38     0.0540182260556
46     38     0.0540160373612
47     38     0.0540154703367
48     38     0.0540144684396
49     38     0.0540049692154
50     38     0.053977498676
51     38     0.0538489219343
52     38     0.0535361058701
53     38     0.0525996918986
54     38     0.0507084169203
55     38     0.0466783382444
56     38     0.0400462411926
57     38     0.0295800645654
58     38     0.0159386247105
59     38     0

0     39     0
1     39     0.00565722188185
2     39     0.0106119940392
3     39     0.0142223605872
4     39     0.0166871601687
5     39     0.0179956845568
6     39     0.0187111830201
7     39     0.0189789742763
8     39     0.0190987751944
9     39     0.0191273773544
10     39     0.0191380081992
11     39     0.0191392583292
12     39     0.0191399208279
13     39     0.0191421095224
14     39     0.0191559712539
15     39     0.0192292404063
16     39     0.019558951592
17     39     0.0208411617587
18     39     0.025199874342
19     39     0.038276012092
20     39     0.0731323463697
21     39     0.15625129734
22     39     0.334275116966
23     39     0.678454501576
24     39     1.28047153658
25     39     2.23661623924
26     39     3.61717691707
27     39     5.43370412473
28     39     7.61307261065
29     39     10
30     39     7.61307261065
31     39     5.43370412473
32     39     3.61717691707
33     39     2.23661623924
34     39     1.28047153658
35     39     0.678454501576
36     39     0.334275116966
37     39     0.15625129734
38     39     0.0731323463697
39     39     0.038276012092
40     39     0.025199874342
41     39     0.0208411617587
42     39     0.019558951592
43     39     0.0192292404063
44     39     0.0191559712539
45     39     0.0191421095224
46     39     0.0191399208279
47     39     0.0191396402261
48     39     0.019139230269
49     39     0.019138006146
50     39     0.0191273772566
51     39     0.0190987751921
52     39     0.0189789742763
53     39     0.0187111830201
54     39     0.0179956845568
55     39     0.0166871601687
56     39     0.0142223605872
57     39     0.0106119940392
58     39     0.00565722188185
59     39     0

0     40     0
1     40     0.00183195939599
2     40     0.00338365250855
3     40     0.00458100310198
4     40     0.00530673050662
5     40     0.0057479684051
6     40     0.0059340731309
7     40     0.00602522630061
8     40     0.00604960237524
9     40     0.00605938606668
10     40     0.00606064837939
11     40     0.00606109652608
12     40     0.00606137712793
13     40     0.00606356582239
14     40     0.00607742755392
15     40     0.0061506967063
16     40     0.00648040789201
17     40     0.00776261805868
18     40     0.0121221326253
19     40     0.025199874342
20     40     0.060073852253
21     40     0.143223679581
22     40     0.321401880999
23     40     0.665818776058
24     40     1.26854834241
25     40     2.2256600519
26     40     3.60815474338
27     40     5.42700276738
28     40     7.60962039627
29     40     10
30     40     7.60962039627
31     40     5.42700276738
32     40     3.60815474338
33     40     2.2256600519
34     40     1.26854834241
35     40     0.665818776058
36     40     0.321401880999
37     40     0.143223679581
38     40     0.060073852253
39     40     0.025199874342
40     40     0.0121221326253
41     40     0.00776261805868
42     40     0.00648040789201
43     40     0.0061506967063
44     40     0.00607742755392
45     40     0.00606356582239
46     40     0.00606137712793
47     40     0.00606109652608
48     40     0.0060610684659
49     40     0.0060606463262
50     40     0.00605938596891
51     40     0.00604960237297
52     40     0.00602522630061
53     40     0.0059340731309
54     40     0.0057479684051
55     40     0.00530673050662
56     40     0.00458100310198
57     40     0.00338365250855
58     40     0.00183195939599
59     40     0

0     41     0
1     41     0.000520748963027
2     41     0.000977225035967
3     41     0.00129711702357
4     41     0.00151491524775
5     41     0.00161935638062
6     41     0.00167573180988
7     41     0.00169270318111
8     41     0.00170010054035
9     41     0.00170116994923
10     41     0.00170155389924
11     41     0.00170158195942
12     41     0.00170186256128
13     41     0.00170405125573
14     41     0.00171791298726
15     41     0.00179118213964
16     41     0.00212089332535
17     41     0.00340310349202
18     41     0.00776261805868
19     41     0.0208411617587
20     41     0.0557166099725
21     41     0.138881140329
22     41     0.317083092791
23     41     0.661606867552
24     41     1.26448911919
25     41     2.22200798945
26     41     3.60501841747
27     41     5.42476898139
28     41     7.60840196715
29     41     10
30     41     7.60840196715
31     41     5.42476898139
32     41     3.60501841747
33     41     2.22200798945
34     41     1.26448911919
35     41     0.661606867552
36     41     0.317083092791
37     41     0.138881140329
38     41     0.0557166099725
39     41     0.0208411617587
40     41     0.00776261805868
41     41     0.00340310349202
42     41     0.00212089332535
43     41     0.00179118213964
44     41     0.00171791298726
45     41     0.00170405125573
46     41     0.00170186256128
47     41     0.00170158195942
48     41     0.00170155389924
49     41     0.00170155184605
50     41     0.00170116985146
51     41     0.00170010053807
52     41     0.00169270318111
53     41     0.00167573180988
54     41     0.00161935638062
55     41     0.00151491524775
56     41     0.00129711702357
57     41     0.000977225035967
58     41     0.000520748963027
59     41     0

0     42     0
1     42     0.000133878668294
2     42     0.000244353675498
3     42     0.000329201513978
4     42     0.000376062500891
5     42     0.000404144095683
6     42     0.000413739755913
7     42     0.000418310457917
8     42     0.000419055159
9     42     0.00041934167939
10     42     0.000419343732574
11     42     0.000419371792759
12     42     0.000419652394612
13     42     0.000421841089064
14     42     0.000435702820596
15     42     0.000508971972977
16     42     0.00083868315869
17     42     0.00212089332535
18     42     0.00648040789201
19     42     0.019558951592
20     42     0.0544350681253
21     42     0.137600729483
22     42     0.315812860965
23     42     0.660351904255
24     42     1.26329523001
25     42     2.22089552983
26     42     3.60409596681
27     42     5.42407216077
28     42     7.60804360341
29     42     10
30     42     7.60804360341
31     42     5.42407216077
32     42     3.60409596681
33     42     2.22089552983
34     42     1.26329523001
35     42     0.660351904255
36     42     0.315812860965
37     42     0.137600729483
38     42     0.0544350681253
39     42     0.019558951592
40     42     0.00648040789201
41     42     0.00212089332535
42     42     0.00083868315869
43     42     0.000508971972977
44     42     0.000435702820596
45     42     0.000421841089064
46     42     0.000419652394612
47     42     0.000419371792759
48     42     0.000419343732574
49     42     0.00041934167939
50     42     0.000419341581619
51     42     0.000419055156726
52     42     0.000418310457917
53     42     0.000413739755913
54     42     0.000404144095683
55     42     0.000376062500891
56     42     0.000329201513978
57     42     0.000244353675498
58     42     0.000133878668294
59     42     0

0     43     0
1     43     2.92285676551e-05
2     43     5.47425497643e-05
3     43     7.12877135811e-05
4     43     8.23857953947e-05
5     43     8.67452945386e-05
6     43     8.90311093826e-05
7     43     8.94541335583e-05
8     43     8.96303959053e-05
9     43     8.96304936759e-05
10     43     8.96325468602e-05
11     43     8.96606070455e-05
12     43     8.99412088984e-05
13     43     9.21299033507e-05
14     43     0.000105991634882
15     43     0.000179260787263
16     43     0.000508971972977
17     43     0.00179118213964
18     43     0.0061506967063
19     43     0.0192292404063
20     43     0.0541053569395
21     43     0.13727148098
22     43     0.315484339535
23     43     0.660029199407
24     43     1.26298065736
25     43     2.22060945805
26     43     3.60384548506
27     43     5.42389295018
28     43     7.60794401967
29     43     10
30     43     7.60794401967
31     43     5.42389295018
32     43     3.60384548506
33     43     2.22060945805
34     43     1.26298065736
35     43     0.660029199407
36     43     0.315484339535
37     43     0.13727148098
38     43     0.0541053569395
39     43     0.0192292404063
40     43     0.0061506967063
41     43     0.00179118213964
42     43     0.000508971972977
43     43     0.000179260787263
44     43     0.000105991634882
45     43     9.21299033507e-05
46     43     8.99412088984e-05
47     43     8.96606070455e-05
48     43     8.96325468602e-05
49     43     8.96304936759e-05
50     43     8.96303959053e-05
51     43     8.96303936315e-05
52     43     8.94541335583e-05
53     43     8.90311093826e-05
54     43     8.67452945386e-05
55     43     8.23857953947e-05
56     43     7.12877135811e-05
57     43     5.47425497643e-05
58     43     2.92285676551e-05
59     43     0

0     44     0
1     44     5.71680175199e-06
2     44     1.02030435301e-05
3     44     1.36028484121e-05
4     44     1.51681228999e-05
5     44     1.60792251336e-05
6     44     1.62731112141e-05
7     44     1.63612412507e-05
8     44     1.63612435244e-05
9     44     1.63613412951e-05
10     44     1.63633944794e-05
11     44     1.63914546647e-05
12     44     1.66720565176e-05
13     44     1.88607509699e-05
14     44     3.27224825014e-05
15     44     0.000105991634882
16     44     0.000435702820596
17     44     0.00171791298726
18     44     0.00607742755392
19     44     0.0191559712539
20     44     0.0540320877872
21     44     0.137198211828
22     44     0.315411334773
23     44     0.659956547165
24     44     1.26291070851
25     44     2.22054289454
26     44     3.60378963472
27     44     5.42384949712
28     44     7.60792173846
29     44     10
30     44     7.60792173846
31     44     5.42384949712
32     44     3.60378963472
33     44     2.22054289454
34     44     1.26291070851
35     44     0.659956547165
36     44     0.315411334773
37     44     0.137198211828
38     44     0.0540320877872
39     44     0.0191559712539
40     44     0.00607742755392
41     44     0.00171791298726
42     44     0.000435702820596
43     44     0.000105991634882
44     44     3.27224825014e-05
45     44     1.88607509699e-05
46     44     1.66720565176e-05
47     44     1.63914546647e-05
48     44     1.63633944794e-05
49     44     1.63613412951e-05
50     44     1.63612435244e-05
51     44     1.63612412507e-05
52     44     1.63612412507e-05
53     44     1.62731112141e-05
54     44     1.60792251336e-05
55     44     1.51681228999e-05
56     44     1.36028484121e-05
57     44     1.02030435301e-05
58     44     5.71680175199e-06
59     44     0

0     45     0
1     45     8.99599399418e-07
2     45     1.67798134498e-06
3     45     2.11108272197e-06
4     45     2.39375367528e-06
5     45     2.46425770456e-06
6     45     2.4995097192e-06
7     45     2.4995097192e-06
8     45     2.49951199294e-06
9     45     2.49960976362e-06
10     45     2.50166294791e-06
11     45     2.52972313319e-06
12     45     2.81032498606e-06
13     45     4.9990194384e-06
14     45     1.88607509699e-05
15     45     9.21299033507e-05
16     45     0.000421841089064
17     45     0.00170405125573
18     45     0.00606356582239
19     45     0.0191421095224
20     45     0.0540182260556
21     45     0.137184350097
22     45     0.315397384911
23     45     0.659942667808
24     45     1.26289637633
25     45     2.220529466
26     45     3.60377630843
27     45     5.42383988562
28     45     7.6079156907
29     45     10
30     45     7.6079156907
31     45     5.42383988562
32     45     3.60377630843
33     45     2.220529466
34     45     1.26289637633
35     45     0.659942667808
36     45     0.315397384911
37     45     0.137184350097
38     45     0.0540182260556
39     45     0.0191421095224
40     45     0.00606356582239
41     45     0.00170405125573
42     45     0.000421841089064
43     45     9.21299033507e-05
44     45     1.88607509699e-05
45     45     4.9990194384e-06
46     45     2.81032498606e-06
47     45     2.52972313319e-06
48     45     2.50166294791e-06
49     45     2.49960976362e-06
50     45     2.49951199294e-06
51     45     2.4995097192e-06
52     45     2.4995097192e-06
53     45     2.4995097192e-06
54     45     2.46425770456e-06
55     45     2.39375367528e-06
56     45     2.11108272197e-06
57     45     1.67798134498e-06
58     45     8.99599399418e-07
59     45     0

0     46     0
1     46     1.25355654745e-07
2     46     2.14181454794e-07
3     46     2.79969754047e-07
4     46     2.99799012282e-07
5     46     3.10815266857e-07
6     46     3.10815266857e-07
7     46     3.10815266857e-07
8     46     3.10817540594e-07
9     46     3.10915311275e-07
10     46     3.12968495564e-07
11     46     3.4102868085e-07
12     46     6.21630533715e-07
13     46     2.81032498606e-06
14     46     1.66720565176e-05
15     46     8.99412088984e-05
16     46     0.000419652394612
17     46     0.00170186256128
18     46     0.00606137712793
19     46     0.0191399208279
20     46     0.0540160373612
21     46     0.137181985142
22     46     0.315394861323
23     46     0.659938475314
24     46     1.26289139673
25     46     2.22051976713
26     46     3.60376704527
27     46     5.42382802128
28     46     7.60790985009
29     46     10
30     46     7.60790985009
31     46     5.42382802128
32     46     3.60376704527
33     46     2.22051976713
34     46     1.26289139673
35     46     0.659938475314
36     46     0.315394861323
37     46     0.137181985142
38     46     0.0540160373612
39     46     0.0191399208279
40     46     0.00606137712793
41     46     0.00170186256128
42     46     0.000419652394612
43     46     8.99412088984e-05
44     46     1.66720565176e-05
45     46     2.81032498606e-06
46     46     6.21630533715e-07
47     46     3.4102868085e-07
48     46     3.12968495564e-07
49     46     3.10915311275e-07
50     46     3.10817540594e-07
51     46     3.10815266857e-07
52     46     3.10815266857e-07
53     46     3.10815266857e-07
54     46     3.10815266857e-07
55     46     2.99799012282e-07
56     46     2.79969754047e-07
57     46     2.14181454794e-07
58     46     1.25355654745e-07
59     46     0

0     47     0
1     47     1.26692611957e-08
2     47     2.34740582528e-08
3     47     2.76213540928e-08
4     47     3.02134139929e-08
5     47     3.02134139929e-08
6     47     3.02134139929e-08
7     47     3.02134139929e-08
8     47     3.02156877297e-08
9     47     3.03134584101e-08
10     47     3.23666426993e-08
11     47     6.04268279858e-08
12     47     3.4102868085e-07
13     47     2.52972313319e-06
14     47     1.63914546647e-05
15     47     8.96606070455e-05
16     47     0.000419371792759
17     47     0.00170158195942
18     47     0.00606109652608
19     47     0.0191396402261
20     47     0.0540154703367
21     47     0.137181070004
22     47     0.315390419823
23     47     0.659931165956
24     47     1.26286979303
25     47     2.22049310441
26     47     3.60372132807
27     47     5.42379177983
28     47     7.60788123085
29     47     10
30     47     7.60788123085
31     47     5.42379177983
32     47     3.60372132807
33     47     2.22049310441
34     47     1.26286979303
35     47     0.659931165956
36     47     0.315390419823
37     47     0.137181070004
38     47     0.0540154703367
39     47     0.0191396402261
40     47     0.00606109652608
41     47     0.00170158195942
42     47     0.000419371792759
43     47     8.96606070455e-05
44     47     1.63914546647e-05
45     47     2.52972313319e-06
46     47     3.4102868085e-07
47     47     6.04268279858e-08
48     47     3.23666426993e-08
49     47     3.03134584101e-08
50     47     3.02156877297e-08
51     47     3.02134139929e-08
52     47     3.02134139929e-08
53     47     3.02134139929e-08
54     47     3.02134139929e-08
55     47     3.02134139929e-08
56     47     2.76213540928e-08
57     47     2.34740582528e-08
58     47     1.26692611957e-08
59     47     0

0     48     0
1     48     1.11640474643e-09
2     48     1.72121872311e-09
3     48     2.15322870645e-09
4     48     2.15322870645e-09
5     48     2.15322870645e-09
6     48     2.15322870645e-09
7     48     2.15322870645e-09
8     48     2.1555024432e-09
9     48     2.25327312364e-09
10     48     4.30645741289e-09
11     48     3.23666426993e-08
12     48     3.12968495564e-07
13     48     2.50166294791e-06
14     48     1.63633944794e-05
15     48     8.96325468602e-05
16     48     0.000419343732574
17     48     0.00170155389924
18     48     0.0060610684659
19     48     0.019139230269
20     48     0.0540144684396
21     48     0.137174079362
22     48     0.315376656852
23     48     0.65988470508
24     48     1.26280037616
25     48     2.22035332354
26     48     3.60357374243
27     48     5.42361911659
28     48     7.60778843799
29     48     10
30     48     7.60778843799
31     48     5.42361911659
32     48     3.60357374243
33     48     2.22035332354
34     48     1.26280037616
35     48     0.65988470508
36     48     0.315376656852
37     48     0.137174079362
38     48     0.0540144684396
39     48     0.019139230269
40     48     0.0060610684659
41     48     0.00170155389924
42     48     0.000419343732574
43     48     8.96325468602e-05
44     48     1.63633944794e-05
45     48     2.50166294791e-06
46     48     3.12968495564e-07
47     48     3.23666426993e-08
48     48     4.30645741289e-09
49     48     2.25327312364e-09
50     48     2.1555024432e-09
51     48     2.15322870645e-09
52     48     2.15322870645e-09
53     48     2.15322870645e-09
54     48     2.15322870645e-09
55     48     2.15322870645e-09
56     48     2.15322870645e-09
57     48     1.72121872311e-09
58     48     1.11640474643e-09
59     48     0

0     49     0
1     49     5.45696821064e-11
2     49     1.00044417195e-10
3     49     1.00044417195e-10
4     49     1.00044417195e-10
5     49     1.00044417195e-10
6     49     1.00044417195e-10
7     49     1.00044417195e-10
8     49     1.02318153949e-10
9     49     2.0008883439e-10
10     49     2.25327312364e-09
11     49     3.03134584101e-08
12     49     3.10915311275e-07
13     49     2.49960976362e-06
14     49     1.63613412951e-05
15     49     8.96304936759e-05
16     49     0.00041934167939
17     49     0.00170155184605
18     49     0.0060606463262
19     49     0.019138006146
20     49     0.0540049692154
21     49     0.137152522248
22     49     0.31529614279
23     49     0.659743318656
24     49     1.26247585213
25     49     2.21992907917
26     49     3.60295455658
27     49     5.4230921308
28     49     7.60741538883
29     49     10
30     49     7.60741538883
31     49     5.4230921308
32     49     3.60295455658
33     49     2.21992907917
34     49     1.26247585213
35     49     0.659743318656
36     49     0.31529614279
37     49     0.137152522248
38     49     0.0540049692154
39     49     0.019138006146
40     49     0.0060606463262
41     49     0.00170155184605
42     49     0.00041934167939
43     49     8.96304936759e-05
44     49     1.63613412951e-05
45     49     2.49960976362e-06
46     49     3.10915311275e-07
47     49     3.03134584101e-08
48     49     2.25327312364e-09
49     49     2.0008883439e-10
50     49     1.02318153949e-10
51     49     1.00044417195e-10
52     49     1.00044417195e-10
53     49     1.00044417195e-10
54     49     1.00044417195e-10
55     49     1.00044417195e-10
56     49     1.00044417195e-10
57     49     1.00044417195e-10
58     49     5.45696821064e-11
59     49     0

0     50     0
1     50     2.27373675443e-12
2     50     2.27373675443e-12
3     50     2.27373675443e-12
4     50     2.27373675443e-12
5     50     2.27373675443e-12
6     50     2.27373675443e-12
7     50     2.27373675443e-12
8     50     4.54747350886e-12
9     50     1.02318153949e-10
10     50     2.1555024432e-09
11     50     3.02156877297e-08
12     50     3.10817540594e-07
13     50     2.49951199294e-06
14     50     1.63612435244e-05
15     50     8.96303959053e-05
16     50     0.000419341581619
17     50     0.00170116985146
18     50     0.00605938596891
19     50     0.0191273772566
20     50     0.053977498676
21     50     0.137039768235
22     50     0.315067640342
23     50     0.65915422698
24     50     1.26155830412
25     50     2.21834856157
26     50     3.60118980572
27     50     5.42122074087
28     50     7.60633989094
29     50     10
30     50     7.60633989094
31     50     5.42122074087
32     50     3.60118980572
33     50     2.21834856157
34     50     1.26155830412
35     50     0.65915422698
36     50     0.315067640342
37     50     0.137039768235
38     50     0.053977498676
39     50     0.0191273772566
40     50     0.00605938596891
41     50     0.00170116985146
42     50     0.000419341581619
43     50     8.96303959053e-05
44     50     1.63612435244e-05
45     50     2.49951199294e-06
46     50     3.10817540594e-07
47     50     3.02156877297e-08
48     50     2.1555024432e-09
49     50     1.02318153949e-10
50     50     4.54747350886e-12
51     50     2.27373675443e-12
52     50     2.27373675443e-12
53     50     2.27373675443e-12
54     50     2.27373675443e-12
55     50     2.27373675443e-12
56     50     2.27373675443e-12
57     50     2.27373675443e-12
58     50     2.27373675443e-12
59     50     0

0     51     0
1     51     0.0
2     51     0.0
3     51     0.0
4     51     0.0
5     51     0.0
6     51     0.0
7     51     0.0
8     51     2.27373675443e-12
9     51     1.00044417195e-10
10     51     2.15322870645e-09
11     51     3.02134139929e-08
12     51     3.10815266857e-07
13     51     2.4995097192e-06
14     51     1.63612412507e-05
15     51     8.96303936315e-05
16     51     0.000419055156726
17     51     0.00170010053807
18     51     0.00604960237297
19     51     0.0190987751921
20     51     0.0538489219343
21     51     0.136742774994
22     51     0.314215540084
23     51     0.657610274393
24     51     1.25850195252
25     51     2.21416602568
26     51     3.59559097539
27     51     5.4161740878
28     51     7.60296720824
29     51     10
30     51     7.60296720824
31     51     5.4161740878
32     51     3.59559097539
33     51     2.21416602568
34     51     1.25850195252
35     51     0.657610274393
36     51     0.314215540084
37     51     0.136742774994
38     51     0.0538489219343
39     51     0.0190987751921
40     51     0.00604960237297
41     51     0.00170010053807
42     51     0.000419055156726
43     51     8.96303936315e-05
44     51     1.63612412507e-05
45     51     2.4995097192e-06
46     51     3.10815266857e-07
47     51     3.02134139929e-08
48     51     2.15322870645e-09
49     51     1.00044417195e-10
50     51     2.27373675443e-12
51     51     0.0
52     51     0.0
53     51     0.0
54     51     0.0
55     51     0.0
56     51     0.0
57     51     0.0
58     51     0.0
59     51     0

0     52     0
1     52     0.0
2     52     0.0
3     52     0.0
4     52     0.0
5     52     0.0
6     52     0.0
7     52     0.0
8     52     2.27373675443e-12
9     52     1.00044417195e-10
10     52     2.15322870645e-09
11     52     3.02134139929e-08
12     52     3.10815266857e-07
13     52     2.4995097192e-06
14     52     1.63612412507e-05
15     52     8.94541335583e-05
16     52     0.000418310457917
17     52     0.00169270318111
18     52     0.00602522630061
19     52     0.0189789742763
20     52     0.0535361058701
21     52     0.135750011614
22     52     0.312156138871
23     52     0.652998753449
24     52     1.25104029144
25     52     2.20225634335
26     52     3.58157867532
27     52     5.40189864361
28     52     7.59428349907
29     52     10
30     52     7.59428349907
31     52     5.40189864361
32     52     3.58157867532
33     52     2.20225634335
34     52     1.25104029144
35     52     0.652998753449
36     52     0.312156138871
37     52     0.135750011614
38     52     0.0535361058701
39     52     0.0189789742763
40     52     0.00602522630061
41     52     0.00169270318111
42     52     0.000418310457917
43     52     8.94541335583e-05
44     52     1.63612412507e-05
45     52     2.4995097192e-06
46     52     3.10815266857e-07
47     52     3.02134139929e-08
48     52     2.15322870645e-09
49     52     1.00044417195e-10
50     52     2.27373675443e-12
51     52     0.0
52     52     0.0
53     52     0.0
54     52     0.0
55     52     0.0
56     52     0.0
57     52     0.0
58     52     0.0
59     52     0

0     53     0
1     53     0.0
2     53     0.0
3     53     0.0
4     53     0.0
5     53     0.0
6     53     0.0
7     53     0.0
8     53     2.27373675443e-12
9     53     1.00044417195e-10
10     53     2.15322870645e-09
11     53     3.02134139929e-08
12     53     3.10815266857e-07
13     53     2.4995097192e-06
14     53     1.62731112141e-05
15     53     8.90311093826e-05
16     53     0.000413739755913
17     53     0.00167573180988
18     53     0.0059340731309
19     53     0.0187111830201
20     53     0.0525996918986
21     53     0.133549947277
22     53     0.306641686184
23     53     0.642684430513
24     53     1.23197143985
25     53     2.17485887286
26     53     3.54580605067
27     53     5.36760779432
28     53     7.57156052094
29     53     10
30     53     7.57156052094
31     53     5.36760779432
32     53     3.54580605067
33     53     2.17485887286
34     53     1.23197143985
35     53     0.642684430513
36     53     0.306641686184
37     53     0.133549947277
38     53     0.0525996918986
39     53     0.0187111830201
40     53     0.0059340731309
41     53     0.00167573180988
42     53     0.000413739755913
43     53     8.90311093826e-05
44     53     1.62731112141e-05
45     53     2.4995097192e-06
46     53     3.10815266857e-07
47     53     3.02134139929e-08
48     53     2.15322870645e-09
49     53     1.00044417195e-10
50     53     2.27373675443e-12
51     53     0.0
52     53     0.0
53     53     0.0
54     53     0.0
55     53     0.0
56     53     0.0
57     53     0.0
58     53     0.0
59     53     0

0     54     0
1     54     0.0
2     54     0.0
3     54     0.0
4     54     0.0
5     54     0.0
6     54     0.0
7     54     0.0
8     54     2.27373675443e-12
9     54     1.00044417195e-10
10     54     2.15322870645e-09
11     54     3.02134139929e-08
12     54     3.10815266857e-07
13     54     2.46425770456e-06
14     54     1.60792251336e-05
15     54     8.67452945386e-05
16     54     0.000404144095683
17     54     0.00161935638062
18     54     0.0057479684051
19     54     0.0179956845568
20     54     0.0507084169203
21     54     0.128282314581
22     54     0.295424431506
23     54     0.619102275396
24     54     1.19206972588
25     54     2.11207402197
26     54     3.46690879068
27     54     5.28568038702
28     54     7.51800689848
29     54     10
30     54     7.51800689848
31     54     5.28568038702
32     54     3.46690879068
33     54     2.11207402197
34     54     1.19206972588
35     54     0.619102275396
36     54     0.295424431506
37     54     0.128282314581
38     54     0.0507084169203
39     54     0.0179956845568
40     54     0.0057479684051
41     54     0.00161935638062
42     54     0.000404144095683
43     54     8.67452945386e-05
44     54     1.60792251336e-05
45     54     2.46425770456e-06
46     54     3.10815266857e-07
47     54     3.02134139929e-08
48     54     2.15322870645e-09
49     54     1.00044417195e-10
50     54     2.27373675443e-12
51     54     0.0
52     54     0.0
53     54     0.0
54     54     0.0
55     54     0.0
56     54     0.0
57     54     0.0
58     54     0.0
59     54     0

0     55     0
1     55     0.0
2     55     0.0
3     55     0.0
4     55     0.0
5     55     0.0
6     55     0.0
7     55     0.0
8     55     2.27373675443e-12
9     55     1.00044417195e-10
10     55     2.15322870645e-09
11     55     3.02134139929e-08
12     55     2.99799012282e-07
13     55     2.39375367528e-06
14     55     1.51681228999e-05
15     55     8.23857953947e-05
16     55     0.000376062500891
17     55     0.00151491524775
18     55     0.00530673050662
19     55     0.0166871601687
20     55     0.0466783382444
21     55     0.118609372403
22     55     0.272599986324
23     55     0.574687257904
24     55     1.11069946289
25     55     1.98718493539
26     55     3.29761127216
27     55     5.10717743244
28     55     7.39200367804
29     55     10
30     55     7.39200367804
31     55     5.10717743244
32     55     3.29761127216
33     55     1.98718493539
34     55     1.11069946289
35     55     0.574687257904
36     55     0.272599986324
37     55     0.118609372403
38     55     0.0466783382444
39     55     0.0166871601687
40     55     0.00530673050662
41     55     0.00151491524775
42     55     0.000376062500891
43     55     8.23857953947e-05
44     55     1.51681228999e-05
45     55     2.39375367528e-06
46     55     2.99799012282e-07
47     55     3.02134139929e-08
48     55     2.15322870645e-09
49     55     1.00044417195e-10
50     55     2.27373675443e-12
51     55     0.0
52     55     0.0
53     55     0.0
54     55     0.0
55     55     0.0
56     55     0.0
57     55     0.0
58     55     0.0
59     55     0

0     56     0
1     56     0.0
2     56     0.0
3     56     0.0
4     56     0.0
5     56     0.0
6     56     0.0
7     56     0.0
8     56     2.27373675443e-12
9     56     1.00044417195e-10
10     56     2.15322870645e-09
11     56     2.76213540928e-08
12     56     2.79969754047e-07
13     56     2.11108272197e-06
14     56     1.36028484121e-05
15     56     7.12877135811e-05
16     56     0.000329201513978
17     56     0.00129711702357
18     56     0.00458100310198
19     56     0.0142223605872
20     56     0.0400462411926
21     56     0.101209283785
22     56     0.234287752974
23     56     0.494884860018
24     56     0.967224964197
25     56     1.75134542307
26     56     2.96851713788
27     56     4.72765205861
28     56     7.10360825728
29     56     10
30     56     7.10360825728
31     56     4.72765205861
32     56     2.96851713788
33     56     1.75134542307
34     56     0.967224964197
35     56     0.494884860018
36     56     0.234287752974
37     56     0.101209283785
38     56     0.0400462411926
39     56     0.0142223605872
40     56     0.00458100310198
41     56     0.00129711702357
42     56     0.000329201513978
43     56     7.12877135811e-05
44     56     1.36028484121e-05
45     56     2.11108272197e-06
46     56     2.79969754047e-07
47     56     2.76213540928e-08
48     56     2.15322870645e-09
49     56     1.00044417195e-10
50     56     2.27373675443e-12
51     56     0.0
52     56     0.0
53     56     0.0
54     56     0.0
55     56     0.0
56     56     0.0
57     56     0.0
58     56     0.0
59     56     0

0     57     0
1     57     0.0
2     57     0.0
3     57     0.0
4     57     0.0
5     57     0.0
6     57     0.0
7     57     0.0
8     57     2.27373675443e-12
9     57     1.00044417195e-10
10     57     1.72121872311e-09
11     57     2.34740582528e-08
12     57     2.14181454794e-07
13     57     1.67798134498e-06
14     57     1.02030435301e-05
15     57     5.47425497643e-05
16     57     0.000244353675498
17     57     0.000977225035967
18     57     0.00338365250855
19     57     0.0106119940392
20     57     0.0295800645654
21     57     0.0753957254346
22     57     0.174215195038
23     57     0.371957826792
24     57     0.733350206983
25     57     1.35570929498
26     57     2.36686203892
27     57     3.9628013712
28     57     6.42231162268
29     57     10
30     57     6.42231162268
31     57     3.9628013712
32     57     2.36686203892
33     57     1.35570929498
34     57     0.733350206983
35     57     0.371957826792
36     57     0.174215195038
37     57     0.0753957254346
38     57     0.0295800645654
39     57     0.0106119940392
40     57     0.00338365250855
41     57     0.000977225035967
42     57     0.000244353675498
43     57     5.47425497643e-05
44     57     1.02030435301e-05
45     57     1.67798134498e-06
46     57     2.14181454794e-07
47     57     2.34740582528e-08
48     57     1.72121872311e-09
49     57     1.00044417195e-10
50     57     2.27373675443e-12
51     57     0.0
52     57     0.0
53     57     0.0
54     57     0.0
55     57     0.0
56     57     0.0
57     57     0.0
58     57     0.0
59     57     0

0     58     0
1     58     0.0
2     58     0.0
3     58     0.0
4     58     0.0
5     58     0.0
6     58     0.0
7     58     0.0
8     58     2.27373675443e-12
9     58     5.45696821064e-11
10     58     1.11640474643e-09
11     58     1.26692611957e-08
12     58     1.25355654745e-07
13     58     8.99599399418e-07
14     58     5.71680175199e-06
15     58     2.92285676551e-05
16     58     0.000133878668294
17     58     0.000520748963027
18     58     0.00183195939599
19     58     0.00565722188185
20     58     0.0159386247105
21     58     0.0403533759527
22     58     0.0941272320051
23     58     0.201394235555
24     58     0.402899902483
25     58     0.759050747656
26     58     1.37988162637
27     58     2.4933443563
28     58     4.71712764669
29     58     10
30     58     4.71712764669
31     58     2.4933443563
32     58     1.37988162637
33     58     0.759050747656
34     58     0.402899902483
35     58     0.201394235555
36     58     0.0941272320051
37     58     0.0403533759527
38     58     0.0159386247105
39     58     0.00565722188185
40     58     0.00183195939599
41     58     0.000520748963027
42     58     0.000133878668294
43     58     2.92285676551e-05
44     58     5.71680175199e-06
45     58     8.99599399418e-07
46     58     1.25355654745e-07
47     58     1.26692611957e-08
48     58     1.11640474643e-09
49     58     5.45696821064e-11
50     58     2.27373675443e-12
51     58     0.0
52     58     0.0
53     58     0.0
54     58     0.0
55     58     0.0
56     58     0.0
57     58     0.0
58     58     0.0
59     58     0

0     59     0
1     59     0
2     59     0
3     59     0
4     59     0
5     59     0
6     59     0
7     59     0
8     59     0
9     59     0
10     59     0
11     59     0
12     59     0
13     59     0
14     59     0
15     59     0
16     59     0
17     59     0
18     59     0
19     59     0
20     59     0
21     59     0
22     59     0
23     59     0
24     59     0
25     59     0
26     59     0
27     59     0
28     59     0
29     59     0
30     59     0
31     59     0
32     59     0
33     59     0
34     59     0
35     59     0
36     59     0
37     59     0
38     59     0
39     59     0
40     59     0
41     59     0
42     59     0
43     59     0
44     59     0
45     59     0
46     59     0
47     59     0
48     59     0
49     59     0
50     59     0
51     59     0
52     59     0
53     59     0
54     59     0
55     59     0
56     59     0
57     59     0
58     59     0
59     59     0

